Timestamp 	 X 	 Y 	 Z 
1664202781681	-0.06894939	-0.026037365	0.0076355906
1664202781685	-0.01343864	0.06123744	0.008246438
1664202781931	-0.058641337	-0.053372778	-0.0077883024
1664202782123	0.015271181	0.06810947	-0.0070247436
1664202782372	-0.004810422	0.015271181	-0.003970507
1664202782626	-0.0051158457	0.023899399	6.8720314E-4
1664202782882	0.009773556	0.008475506	5.344914E-4
1664202782932	0.026724568	0.010308048	0.0037414394
1664202783186	-0.009009997	-0.011606098	0.004123219
1664202783433	-0.025655584	-0.026190076	0.0069483877
1664202783550	9.162709E-4	-0.008857286	0.0022143214
1664202783834	0.0069483877	-0.012827792	-0.0010689828
1664202783933	-0.009391776	-0.0041995747	0.00335966
1664202784186	-0.0077119465	2.2906772E-4	0.0051922016
1664202784436	0.0038177953	3.8177954E-4	0.0038177953
1664202784533	0.024281178	0.012598725	0.0017561859
1664202784843	-0.010613471	-0.008170082	0.005803049
1664202784945	-0.016492875	-0.0075592347	0.0077119465
1664202785186	-8.39915E-4	-0.018630842	0.003283304
1664202785436	-0.007941014	-0.014202199	0.0035887277
1664202785638	-0.024204822	-0.015882028	0.0045813546
1664202785726	-0.019318044	-0.029320668	0.0052685575
1664202785938	-0.0096972	-0.014507622	0.008093726
1664202786130	-0.0045813546	-0.023593975	0.004352287
1664202786342	0.007941014	-0.0036650836	0.0056503373
1664202786534	-0.013514996	-0.018478129	0.0070247436
1664202786750	0.02893889	-0.016645588	0.0029778804
1664202786939	-0.010613471	-0.005497625	0.00503949
1664202787150	-0.02069245	-0.009391776	0.00503949
1664202787343	-0.0062611843	-0.0023670332	-0.00167983
1664202787554	-0.008857286	-0.0014507623	5.344914E-4
1664202787766	-0.009009997	-0.0011453386	-1.5271181E-4
1664202787958	0.008322794	0.018478129	-0.003970507
1664202788151	-0.025808297	0.010537115	-1.5271181E-4
1664202788362	-0.0092390645	-0.0061084726	0.006872032
1664202788555	0.026037365	0.026419144	0.013896775
1664202788767	0.0080173705	0.024204822	0.008322794
1664202788969	0.058870405	0.03787253	-0.027182704
1664202789182	0.19043164	0.22227205	-0.2022668
1664202789377	0.38872793	0.5667136	-0.2133384
1664202789626	0.2813715	-0.2673984	0.16706672
1664202789877	0.22326468	-0.05619795	0.25357798
1664202790117	0.10911259	0.22089764	0.1492758
1664202790189	0.370937	-0.14973393	-0.12713258
1664202790430	0.21959959	-0.15408622	-0.1349209
1664202790626	0.52670306	0.5509842	-0.39162946
1664202790869	0.2902288	0.19799086	-0.034589227
1664202791118	0.3153499	-0.18042901	0.16233265
1664202791368	0.09132166	-0.19646375	0.009773556
1664202791430	0.030160584	-0.14057122	0.14255647
1664202791624	-0.36276692	0.4369085	0.38468108
1664202791870	0.053830914	-0.0762032	-0.008933641
1664202792124	0.04688253	-0.10140064	-0.058946762
1664202792368	-0.025579229	-0.37154785	-0.10613471
1664202792432	0.4438569	0.63115793	-0.43904647
1664202792624	0.09743014	-0.08185353	0.016951011
1664202792870	0.22219568	-0.24388076	0.16485241
1664202793124	-0.0898709	-0.07154548	0.3075616
1664202793370	-0.31527355	0.3694099	0.2753394
1664202793431	-0.072232686	-0.06291727	-0.114533864
1664202793625	-0.18103985	-0.15278818	-0.04741702
1664202793871	0.25571594	-0.32100025	-0.33100286
1664202794125	0.3302393	0.48043138	-0.2544179
1664202794214	0.047875155	-0.19127154	0.15790401
1664202794429	-0.33123192	0.08185353	0.38071054
1664202794619	-0.16057648	-0.07887565	0.022295926
1664202794831	-0.14660335	-0.1861557	-0.100866154
1664202795022	0.16760121	-0.19127154	-0.29259583
1664202795234	0.32665056	0.60779303	-0.2287623
1664202795429	0.053830914	-0.16821207	0.23174018
1664202795638	-0.10292777	-0.06879667	0.21417832
1664202795832	-0.10392039	-0.025044737	0.011911522
1664202796043	-0.15668233	-0.158973	-0.06711684
1664202796235	-0.0019852535	-0.10162971	0.0045049987
1664202796447	-0.028404398	-0.031000499	0.006872032
1664202796640	-0.010308048	-0.022219568	0.0030542363
1664202796850	-0.018707197	-0.019699825	-0.0021379655
1664202797043	0.0012216945	-0.025731942	-0.0047340663
1664202797263	0.040544987	-0.07841752	-0.011453386
1664202797448	0.21295662	0.53991264	-0.24029204
1664202797684	0.07780667	0.20440477	-0.03245126
1664202797865	0.1078909	-0.28343314	0.19264595
1664202798114	-0.3329881	0.44553673	0.3849865
1664202798370	0.031840414	-0.2916032	-0.10735641
1664202798619	-0.08116633	-0.17676392	-0.07673769
1664202798682	0.20516832	0.19715095	-0.29969692
1664202798873	-0.11934429	-0.09926268	-0.032069482
1664202799115	-0.045431767	-0.20577917	0.07956286
1664202799373	-0.35131353	0.36459947	0.3302393
1664202799620	-0.06711684	-0.20478654	-0.061848287
1664202799681	0.014813046	-0.37414396	-0.13064496
1664202799930	0.27816457	0.4756973	-0.36414132
1664202800120	0.08536591	-0.20829892	-0.0045049987
1664202800372	0.04344651	-0.14637427	0.11583191
1664202800615	0.028404398	-0.010231691	0.054059982
1664202800866	-0.0704765	-0.041537613	0.18195613
1664202800931	-0.7020926	0.6310052	0.40873316
1664202801121	-0.29641363	0.23578705	0.022906773
1664202801367	-0.2415901	-0.11560284	-0.09361234
1664202801617	0.09536853	-0.67147386	-0.28152424
1664202801874	0.5812975	0.71492034	-0.47821704
1664202801931	-0.06879667	-0.211964	0.08750387
1664202802121	0.018936265	-0.26518407	0.13614258
1664202802374	-0.59580517	0.59679776	0.51402795
1664202802632	-0.19432579	0.009926268	-0.0098499125
1664202802712	-0.087962	-0.060702946	-0.025579229
1664202802923	0.3851392	-0.50524706	-0.38559732
1664202803115	0.4377484	0.5799231	-0.34917557
1664202803327	0.11056335	0.05833591	0.0981937
1664202803520	0.07551599	-0.27037627	0.053220067
1664202803730	-0.61519957	-0.071927264	0.47959146
1664202803924	-0.49600798	0.54915166	0.20906247
1664202804134	-0.11407573	-0.040163208	-0.073607095
1664202804327	-0.02069245	-0.47852248	-0.116748184
