Timestamp 	 X 	 Y 	 Z 
1663927113948	10.039387	-0.52911294	-0.07776674
1663927113956	9.893424	-0.52911294	-0.4438686
1663927114000	9.792926	-0.7013961	-0.357727
1663927114009	9.809675	-0.7636095	-0.30508488
1663927114013	9.780962	-0.8138588	-0.6044868
1663927114016	9.716355	-0.89312106	-0.81266236
1663927114030	9.67807	-0.9242278	-0.8365906
1663927114034	9.656535	-0.91226363	-0.8150552
1663927114108	9.700802	-0.7265208	-0.70977104
1663927114112	9.660124	-0.7636095	-0.87248296
1663927114272	9.680463	-0.77796644	-0.8700901
1663927114281	9.754641	-0.79471624	-0.68464637
1663927114287	9.777372	-0.7851449	-0.56380886
1663927114296	9.820443	-0.77796644	-0.5051847
1663927114304	9.795319	-0.7432705	-0.59730834
1663927114312	9.742677	-0.6786643	-0.68345
1663927114317	9.721141	-0.7073782	-0.6906284
1663927114323	9.763016	-0.74207413	-0.6415756
1663927114326	9.802497	-0.7576275	-0.5243273
1663927114329	9.812068	-0.7719844	-0.5267201
1663927114332	9.783355	-0.77318084	-0.62123656
1663927114433	9.747462	-0.79950184	-0.70378894
1663927114443	9.747462	-0.80548394	-0.7157531
1663927114450	9.721141	-0.80548394	-0.7013961
1663927114457	9.709177	-0.81625164	-0.689432
1663927114475	9.7043915	-0.8365906	-0.6667002
1663927114484	9.70798	-0.8437691	-0.68345
1663927114494	9.718748	-0.84137625	-0.7085746
1663927114503	9.763016	-0.8042875	-0.6678966
1663927114521	9.813265	-0.770788	-0.62841505
1663927114529	9.776176	-0.7815557	-0.69541407
1663927114659	9.734302	-0.84017986	-0.78753775
1663927114669	9.676874	-0.88683987	-0.78035927
1663927114678	9.670892	-0.8676973	-0.7588239
1663927114685	9.725926	-0.81864446	-0.75284183
1663927114693	9.802497	-0.7719844	-0.6547361
1663927114709	9.776176	-0.7815557	-0.6547361
1663927114715	9.719945	-0.81984085	-0.7217351
1663927114722	9.710373	-0.7827521	-0.72771716
1663927114728	9.748658	-0.770788	-0.6583253
1663927114735	9.810872	-0.80189466	-0.64037913
1663927114742	9.852746	-0.8545368	-0.6451648
1663927114784	9.791729	-0.87367934	-0.71694946
1663927114792	9.666106	-0.9349955	-0.9203394
1663927114835	9.629018	-0.92183495	-1.0040882
1663927114844	9.64816	-0.8353942	-0.8880363
1663927114851	9.680463	-0.76600236	-0.81864446
1663927114912	9.721141	-0.7396813	-0.78873414
1663927114924	9.761819	-0.6942177	-0.70977104
1663927114935	9.759426	-0.6774679	-0.7217351
1663927114944	9.751051	-0.67148584	-0.7959126
1663927114954	9.802497	-0.70977104	-0.73011
1663927115048	9.833604	-0.7396813	-0.69302124
1663927115057	9.798908	-0.7432705	-0.72412795
1663927115065	9.709177	-0.78394854	-0.7851449
1663927115073	9.656535	-0.8246265	-0.8258229
1663927115084	9.688838	-0.817448	-0.7600203
1663927115093	9.789336	-0.77318084	-0.5458627
1663927115115	9.831211	-0.7396813	-0.465404
1663927115126	9.830014	-0.72771716	-0.60687965
1663927115134	9.816854	-0.73848486	-0.73369926
1663927115145	9.761819	-0.7600203	-0.82941216
1663927115153	9.725926	-0.8234301	-0.8748758
1663927115163	9.67807	-0.86291164	-0.85812604
1663927115233	9.68166	-0.8605189	-0.811466
1663927115245	9.699606	-0.82701933	-0.81864446
1663927115261	9.71157	-0.7827521	-0.8593224
1663927115270	9.70798	-0.7600203	-0.85812604
1663927115288	9.7247305	-0.72293156	-0.831805
1663927115300	9.739087	-0.7432705	-0.7851449
1663927115311	9.748658	-0.75643104	-0.72412795
1663927115322	9.77139	-0.7899306	-0.6786643
1663927115333	9.77498	-0.80787677	-0.6978069
1663927115443	9.77139	-0.83778703	-0.6667002
1663927115453	9.753445	-0.87966144	-0.7193423
1663927115463	9.734302	-0.8593224	-0.7432705
1663927115472	9.7450695	-0.8066803	-0.6619146
1663927115481	9.778569	-0.7827521	-0.62841505
1663927115490	9.760623	-0.7791629	-0.79950184
1663927115512	9.7247305	-0.80787677	-0.8545368
1663927115523	9.696016	-0.86171526	-0.77796644
1663927115531	9.712767	-0.9026923	-0.7001997
1663927115540	9.727123	-0.89042914	-0.6643074
1663927115607	9.773783	-0.8808578	-0.7157531
1663927115614	9.754641	-0.8844471	-0.7253244
1663927115618	9.706784	-0.9517452	-0.58893347
1663927115645	9.698409	-0.99960166	-0.6762715
1663927115659	9.684052	-0.9553344	-0.79710907
1663927115712	9.668499	-0.9062816	-0.7432705
1663927115724	9.770194	-0.91346	-0.5374878
1663927115732	9.900602	-0.87607217	-0.29192436
1663927115741	9.94128	-0.77318084	-0.18065812
1663927115750	9.895817	-0.8449655	-0.4235296
1663927115760	9.780962	-0.994816	-0.85094756
1663927115796	9.6529455	-1.1383854	-0.9634102
1663927115806	9.760623	-0.9984053	-0.62123656
1663927115838	9.952048	-0.8258229	-0.0741775
1663927115848	10.064511	-0.7815557	-0.020338992
1663927115859	10.136296	-0.817448	-0.32662028
1663927115910	10.107582	-0.88325065	-0.6128617
1663927115915	9.876675	-0.9876375	-0.86171526
1663927115920	9.393025	-1.1096715	-1.0941181
1663927115927	9.078369	-1.0510473	-1.4279169
1663927115999	9.190832	-0.994816	-1.3908281
1663927116007	9.675677	-0.6475576	-0.7851449
1663927116036	10.338788	-0.12323037	0.12352947
1663927116047	10.770992	0.41545382	0.23001008
1663927116057	10.392627	0.3376871	0.010767702
1663927116067	9.983155	0.20578274	-0.6858428
1663927116113	9.403793	-0.046660043	-1.1682956
1663927116123	9.114262	-0.2321038	-1.387239
1663927116128	9.038888	-0.16151553	-1.2879368
1663927116134	9.169296	-0.022731815	-1.230509
1663927116137	9.519845	0.39032918	-0.97178507
1663927116272	9.856336	0.8213364	-0.69182485
1663927116285	10.009477	1.4665012	-0.55064833
1663927116294	9.999905	1.4988043	-0.37328035
1663927116303	9.809675	0.8333005	-0.3182454
1663927116311	9.582058	0.1471586	-0.49292147
1663927116321	9.416953	-0.22372891	-0.70618176
1663927116329	9.525827	-0.5841478	-0.85812604
1663927116340	9.88146	-0.520738	-1.07019
1663927116347	10.034601	-0.28235307	-1.2795619
1663927116354	10.278968	0.09332009	-1.3812568
1663927116472	10.347163	0.47886363	-1.8134605
1663927116482	9.752248	0.30538398	-1.625624
1663927116490	9.239884	-0.276371	-0.92273223
1663927116498	8.982357	-1.4327025	-0.42592242
1663927116506	9.071191	-2.7628129	-0.022731815
1663927116514	9.312865	-3.2009985	0.53988063
1663927116522	9.757033	-2.699403	0.6406783
1663927116529	10.465608	-1.4291133	0.9206385
1663927116536	10.848759	-0.59970117	1.4365909
1663927116543	10.530214	-0.7265208	0.76989067
1663927116550	9.798908	-1.6627127	0.17018951
1663927116575	9.486345	-2.4251258	-0.22851457
1663927116582	9.327223	-2.5507488	-0.6116653
1663927116684	9.412168	-1.6878372	-0.2428715
1663927116697	9.370294	-1.1204392	0.14985052
1663927116708	9.553345	-0.6619146	-0.13040884
1663927116717	9.664909	-0.48006004	-0.023928227
1663927116726	9.596714	-0.9194421	0.18095721
1663927116733	9.955638	-2.3653052	-0.8282157
1663927116740	10.513465	-3.6927235	-3.1660035
1663927116747	9.276974	-3.293122	-3.5407794
1663927116787	8.756235	-2.1678972	-0.7492526
1663927116798	8.723932	-2.1511476	0.65982085
1663927116837	9.303294	-1.9642082	1.7838492
1663927116849	11.137094	0.096909314	3.8880377
1663927116860	11.313266	0.9098708	1.4330016
1663927116896	10.386645	0.67387867	-1.0495518
1663927116908	9.886246	-0.3699902	-2.2983062
1663927116917	9.217153	-1.6555341	-3.112165
1663927116925	8.549256	-2.4634109	-2.8788648
1663927116932	8.920144	-2.5749762	-1.061815
1663927117038	9.606286	-1.751247	1.2104691
1663927117049	10.225129	-0.5422734	2.3668008
1663927117057	10.672587	0.27068806	1.5586249
1663927117064	10.216755	0.041874398	-1.204188
1663927117072	9.334401	-0.6726823	-2.6201408
1663927117080	9.348758	-0.8497511	-1.5511472
1663927117108	9.621839	-0.91465646	-0.27158538
1663927117115	9.962816	-0.8676973	0.4860421
1663927117122	10.044172	-0.70618176	0.21565314
1663927117130	9.791729	-0.73130643	-0.62123656
1663927117289	9.565309	-0.79830545	-1.1288141
1663927117301	9.530613	-0.77318084	-1.3345969
1663927117311	9.607482	-0.64277196	-1.1072787
1663927117319	9.7247305	-0.5709873	-0.68345
1663927117328	9.877871	-0.6439684	-0.20697916
1663927117336	9.932906	-0.74207413	-0.07178468
1663927117342	9.850353	-0.8461619	-0.43669012
1663927117349	9.623035	-0.9553344	-0.9059825
1663927117356	9.530613	-0.97926265	-0.9921241
1663927117364	9.667302	-0.89312106	-0.6044868
1663927117371	9.808479	-0.7719844	-0.37686956
1663927117516	9.802497	-0.7600203	-0.40558344
1663927117525	9.803694	-0.8282157	-0.31226337
1663927117532	9.814461	-0.86889374	-0.26799613
1663927117540	9.800104	-0.8497511	-0.39601216
1663927117548	9.703195	-0.86171526	-0.6116653
1663927117556	9.661321	-0.8234301	-0.78035927
1663927117563	9.739087	-0.76241314	-0.61046886
1663927117570	9.77498	-0.67028946	-0.3589234
1663927117577	9.807282	-0.6475576	-0.23928227
1663927117585	9.88146	-0.6798607	-0.29072794
1663927117592	9.865907	-0.73848486	-0.43669012
1663927117687	9.743873	-0.79950184	-0.60687965
1663927117696	9.672089	-0.878465	-0.58893347
1663927117704	9.675677	-0.927817	-0.46181476
1663927117711	9.690035	-0.91465646	-0.45942193
1663927117718	9.692428	-0.92662054	-0.5829514
1663927117726	9.729516	-0.85094756	-0.53629136
1663927117734	9.864711	-0.65712893	-0.2835495
1663927117741	9.900602	-0.5877371	-0.21415763
1663927117748	9.839586	-0.6643074	-0.41754755
1663927117755	9.723534	-0.81625164	-0.602094
1663927117787	9.7043915	-0.8569296	-0.59970117
1663927117799	9.729516	-0.8449655	-0.46660042
1663927117807	9.751051	-0.88325065	-0.5051847
1663927117837	9.743873	-0.9385847	-0.5673981
1663927117849	9.706784	-0.94337034	-0.60807604
1663927117897	9.710373	-0.90508515	-0.5267201
1663927117905	9.739087	-0.8258229	-0.38883367
1663927117912	9.784551	-0.8066803	-0.32063824
1663927117920	9.795319	-0.8712866	-0.44506502
1663927118037	9.7247305	-0.9194421	-0.6236294
1663927118045	9.698409	-0.927817	-0.66071814
1663927118054	9.713963	-0.90508515	-0.5063811
1663927118061	9.761819	-0.92542416	-0.40797627
1663927118069	9.760623	-0.96490574	-0.42711884
1663927118079	9.715159	-1.0271192	-0.46899325
1663927118090	9.661321	-1.0737791	-0.48215377
1663927118131	9.680463	-1.0725827	-0.41635114
1663927118139	9.751051	-1.0342976	-0.317049
1663927118148	9.843175	-0.9290134	-0.18544376
1663927118158	9.875478	-0.90388876	-0.23090738
1663927118266	9.84796	-0.9553344	-0.41994038
1663927118278	9.778569	-1.0007981	-0.4968098
1663927118287	9.735498	-1.0187442	-0.38524446
1663927118295	9.719945	-1.0163515	-0.28713873
1663927118301	9.691231	-0.9517452	-0.36370903
1663927118309	9.674481	-0.8808578	-0.4438686
1663927118316	9.718748	-0.8892327	-0.45702913
1663927118322	9.797711	-0.8748758	-0.36011982
1663927118329	9.808479	-0.87248296	-0.20219351
1663927118336	9.810872	-0.92183495	-0.24646074
1663927118342	9.778569	-0.94337034	-0.35413775
1663927118375	9.754641	-0.9589237	-0.44865423
1663927118383	9.730712	-0.97567344	-0.4642076
1663927118529	9.712767	-0.9708878	-0.4546363
1663927118538	9.685248	-0.9661021	-0.41515473
1663927118546	9.693624	-0.9601201	-0.39601216
1663927118553	9.722338	-0.9206385	-0.3589234
1663927118560	9.746265	-0.8844471	-0.33260235
1663927118570	9.74148	-0.85094756	-0.28713873
1663927118578	9.737891	-0.8449655	-0.27517462
1663927118586	9.755837	-0.85094756	-0.27876383
1663927118695	9.798908	-0.8593224	-0.18664017
1663927118700	9.852746	-0.8545368	-0.041874398
1663927118704	9.862318	-0.878465	-0.07058827
1663927118709	9.832407	-0.91465646	-0.22253251
1663927118714	9.785748	-0.92662054	-0.2644069
1663927118719	9.716355	-0.9098708	-0.31345975
1663927118724	9.700802	-0.8712866	-0.42711884
1663927118729	9.727123	-0.8150552	-0.47138608
1663927118735	9.713963	-0.7935198	-0.33140594
1663927118741	9.7247305	-0.80907315	-0.2632105
1663927118784	9.7654085	-0.8955139	-0.26799613
1663927118790	9.789336	-0.9517452	-0.32542387
1663927118820	9.798908	-0.8772686	-0.36370903
1663927118826	9.777372	-0.80548394	-0.32662028
1663927118833	9.754641	-0.8557332	-0.40079778
1663927118839	9.723534	-0.9086744	-0.4103691
1663927118896	9.703195	-0.87607217	-0.38165522
1663927118904	9.686445	-0.86889374	-0.39720857
1663927118910	9.679267	-0.8353942	-0.36251262
1663927118915	9.686445	-0.76959157	-0.31106696
1663927119031	9.749855	-0.73130643	-0.3062813
1663927119035	9.846765	-0.7109674	-0.19621146
1663927119040	9.879067	-0.7540382	-0.106480606
1663927119044	9.856336	-0.8425727	-0.11485548
1663927119048	9.824033	-0.907478	-0.15194423
1663927119053	9.816854	-0.89312106	-0.16869399
1663927119059	9.770194	-0.9098708	-0.22492532
1663927119073	9.679267	-0.9409775	-0.3924229
1663927119078	9.660124	-0.9696914	-0.47138608
1663927119115	9.670892	-0.9026923	-0.35413775
1663927119122	9.75823	-0.87367934	-0.22013968
1663927119264	9.791729	-0.8593224	-0.24885355
1663927119269	9.753445	-0.8425727	-0.37328035
1663927119275	9.731909	-0.78394854	-0.40438703
1663927119281	9.728319	-0.79950184	-0.3397808
1663927119288	9.768997	-0.8461619	-0.25842485
1663927119294	9.760623	-0.8593224	-0.20458634
1663927119301	9.753445	-0.84855473	-0.32542387
1663927119308	9.797711	-0.81625164	-0.33260235
1663927119315	9.830014	-0.811466	-0.25603202
1663927119321	9.803694	-0.79112697	-0.25004998
1663927119464	9.7654085	-0.75523466	-0.29671
1663927119470	9.759426	-0.77796644	-0.2536392
1663927119476	9.752248	-0.7791629	-0.27038896
1663927119482	9.751051	-0.8258229	-0.2955136
1663927119489	9.754641	-0.8353942	-0.31345975
1663927119495	9.742677	-0.8282157	-0.24646074
1663927119510	9.77139	-0.8030911	-0.20937198
1663927119516	9.759426	-0.8437691	-0.25244278
1663927119522	9.784551	-0.8892327	-0.32422748
1663927119526	9.777372	-0.9302098	-0.3481557
1663927119530	9.754641	-0.8605189	-0.32422748
1663927119676	9.763016	-0.7815557	-0.22372891
1663927119682	9.760623	-0.7755736	-0.2632105
1663927119689	9.728319	-0.8150552	-0.36610186
1663927119694	9.700802	-0.8545368	-0.41754755
1663927119699	9.7247305	-0.8353942	-0.32063824
1663927119705	9.7654085	-0.8210373	-0.22253251
1663927119710	9.801301	-0.80787677	-0.20697916
1663927119715	9.81805	-0.80189466	-0.22492532
1663927119720	9.856336	-0.76959157	-0.21535404
1663927119726	9.77498	-0.8138588	-0.32183465
1663927119783	9.692428	-0.9086744	-0.43908295
1663927119788	9.684052	-0.91585284	-0.4438686
1663927119834	9.697213	-0.80907315	-0.30508488
1663927119840	9.755837	-0.8066803	-0.20219351
1663927119845	9.809675	-0.87607217	-0.18783657
1663927119888	9.776176	-0.86530447	-0.24765715
1663927119892	9.792926	-0.811466	-0.16749759
1663927119908	9.828818	-0.76959157	-0.1471586
1663927119914	9.796515	-0.7683952	-0.31106696
1663927119920	9.727123	-0.8282157	-0.45583272
1663927120031	9.7450695	-0.8425727	-0.38285163
1663927120037	9.7654085	-0.8222337	-0.26679972
1663927120043	9.7247305	-0.83778703	-0.32303107
1663927120049	9.701999	-0.84137625	-0.40079778
1663927120053	9.719945	-0.8330014	-0.37447673
1663927120058	9.779765	-0.8222337	-0.27756742
1663927120108	9.80489	-0.7815557	-0.24765715
1663927120115	9.792926	-0.811466	-0.30987054
1663927120120	9.763016	-0.8461619	-0.37088752
1663927120126	9.730712	-0.8772686	-0.3900301
1663927120130	9.728319	-0.87367934	-0.37328035
1663927120264	9.748658	-0.84137625	-0.3062813
1663927120271	9.754641	-0.8258229	-0.25244278
1663927120276	9.790533	-0.82941216	-0.2416751
1663927120282	9.777372	-0.8234301	-0.2727818
1663927120287	9.770194	-0.8246265	-0.27158538
1663927120293	9.759426	-0.8102696	-0.28235307
1663927120298	9.7450695	-0.82701933	-0.28115666
1663927120304	9.77139	-0.82941216	-0.32183465
1663927120314	9.785748	-0.81984085	-0.31226337
1663927120319	9.772587	-0.79471624	-0.28713873
1663927120464	9.773783	-0.7923234	-0.3278167
1663927120470	9.770194	-0.81864446	-0.30867413
1663927120476	9.764212	-0.8210373	-0.276371
1663927120481	9.777372	-0.8497511	-0.25722843
1663927120486	9.753445	-0.8425727	-0.27756742
1663927120492	9.7450695	-0.86889374	-0.30987054
1663927120509	9.778569	-0.81984085	-0.27756742
1663927120515	9.77498	-0.8066803	-0.31345975
1663927120521	9.7654085	-0.7923234	-0.39720857
1663927120525	9.730712	-0.82701933	-0.40917268
1663927120533	9.753445	-0.83060855	-0.3469593
1663927120645	9.753445	-0.831805	-0.33738798
1663927120651	9.715159	-0.8461619	-0.30149564
1663927120656	9.755837	-0.8102696	-0.30508488
1663927120661	9.795319	-0.77677006	-0.21296121
1663927120708	9.780962	-0.8210373	-0.2440679
1663927120714	9.792926	-0.8437691	-0.3361916
1663927120720	9.763016	-0.8030911	-0.30508488
1663927120725	9.734302	-0.7959126	-0.29192436
1663927120730	9.757033	-0.8353942	-0.36251262
1663927120735	9.766604	-0.8365906	-0.32542387
1663927120784	9.734302	-0.8150552	-0.31345975
1663927120790	9.705587	-0.76719874	-0.3696911
1663927120797	9.731909	-0.78394854	-0.33140594
1663927120841	9.783355	-0.76600236	-0.2644069
1663927120846	9.81805	-0.81266236	-0.19142582
1663927120909	9.801301	-0.831805	-0.25842485
1663927120914	9.777372	-0.86171526	-0.30269206
1663927120920	9.706784	-0.8991031	-0.43788654
1663927120925	9.636196	-0.91465646	-0.53270215
1663927120930	9.686445	-0.9314062	-0.37567315
1663927121024	9.660124	-0.95054877	-0.4235296
1663927121030	9.685248	-0.9708878	-0.25244278
1663927121036	9.767801	-0.8991031	-0.15433706
1663927121041	9.768997	-0.9206385	-0.18065812
1663927121046	9.777372	-1.0007981	-0.23090738
1663927121052	9.761819	-1.1132607	-0.3493521
1663927121109	9.697213	-1.1407782	-0.44865423
1663927121114	9.65175	-1.0989038	-0.3696911
1663927121120	9.70798	-1.0103694	-0.2117648
1663927121126	9.786943	-0.8955139	-0.08973085
1663927121132	9.824033	-0.91106725	-0.05503492
1663927121225	9.814461	-0.9924232	-0.148355
1663927121231	9.783355	-1.0570294	-0.31226337
1663927121236	9.770194	-1.0031909	-0.3397808
1663927121242	9.777372	-0.8880363	-0.19142582
1663927121284	9.814461	-0.81864446	-0.11246266
1663927121291	9.815658	-0.78753775	-0.14356937
1663927121296	9.794122	-0.8282157	-0.23688944
1663927121301	9.798908	-0.8389834	-0.3912265
1663927121312	9.798908	-0.78753775	-0.4546363
1663927121318	9.740284	-0.81984085	-0.3182454
1663927121373	9.74148	-0.8772686	-0.34217364
1663927121380	9.7247305	-0.9170493	-0.64875406
1663927121429	9.684052	-0.88205427	-0.8964112
1663927121435	9.629018	-0.79710907	-0.9203394
1663927121511	9.663713	-0.7049854	-0.71694946
1663927121517	9.856336	-0.41665024	-0.6236294
1663927121523	10.359127	-0.07178468	-0.39601216
1663927121528	10.653444	0.12203395	-0.23569304
1663927121532	10.294521	0.23479572	-0.39601216
1663927121537	9.853943	0.31256247	-0.89042914
1663927121543	9.595518	0.24675983	-1.1108679
1663927121607	9.303294	0.1268196	-0.89760756
1663927121613	9.482756	0.039481573	-0.5769694
1663927121709	9.82164	-0.07178468	-0.08973085
1663927121716	9.938888	0.038285162	0.22402802
1663927121723	9.57488	-0.076570325	0.24436702
1663927121730	9.128618	-0.15194423	-0.3900301
1663927121736	9.115458	-0.023928227	-0.7648059
1663927121741	9.444471	0.24197419	-0.84017986
1663927121748	9.806087	0.5135596	-0.663111
1663927121754	9.770194	0.6511469	-0.21535404
1663927121784	9.825229	0.5135596	0.5135596
1663927121790	9.802497	0.18903299	0.87637126
1663927121819	9.727123	-0.11365908	0.5243273
1663927121826	9.650553	-0.20219351	0.11156536
1663927121832	9.585648	-0.20338993	-0.041874398
1663927121911	9.736694	-0.18065812	0.008374879
1663927121920	10.031012	0.049052864	0.04546363
1663927121928	10.9121685	0.41784665	-0.19740787
1663927121936	11.326426	0.7217351	-0.6164509
1663927121943	10.423734	0.994816	-1.1515459
1663927121951	9.97837	0.73369926	-0.67148584
1663927121959	9.753445	-0.22851457	-0.21894327
1663927122028	9.498309	-1.311865	-0.98853487
1663927122039	9.103494	-2.1343977	-1.9785652
1663927122052	8.915359	-2.2325034	-1.9199411
1663927122063	9.199206	-1.9965113	-1.1228321
1663927122113	9.660124	-1.759622	-1.000499
1663927122124	10.080065	-1.5394822	-0.29192436
1663927122134	10.560124	-1.2999009	0.3077768
1663927122145	10.59482	-1.0450653	0.91106725
1663927122155	10.335199	-0.53988063	1.3624134
1663927122163	9.85155	-0.39870408	1.5454643
1663927122170	9.26142	-1.07019	-0.5087739
1663927122288	8.744271	-1.6663018	-1.602593
1663927122301	8.873484	-2.0554347	-1.4733806
1663927122312	9.025428	-2.2037897	-0.09212367
1663927122322	9.256635	-2.3389843	1.0127622
1663927122332	9.206385	-2.4119651	1.5215361
1663927122344	9.223135	-2.32702	1.1359925
1663927122353	9.135797	-2.103291	0.6693921
1663927122361	9.5353985	-1.8828523	0.8213364
1663927122404	9.6529455	-1.5861423	1.3360924
1663927122414	9.553345	-1.6052849	1.7754744
1663927122488	9.533006	-1.6507485	2.0745773
1663927122499	9.4839525	-1.6710875	2.5546372
1663927122507	9.402596	-1.4856437	2.7711878
1663927122513	9.493524	-1.5179468	2.376372
1663927122519	9.373882	-1.7021942	2.2384856
1663927122525	9.183653	-1.8026928	2.132005
1663927122532	9.000303	-1.873281	1.6160526
1663927122537	9.180064	-2.0733807	1.4473586
1663927122576	9.373882	-2.2337	1.9704895
1663927122614	9.6326065	-2.6144578	2.3018954
1663927122623	10.229915	-3.0870404	2.2671995
1663927122710	11.133505	-3.4067812	1.5167505
1663927122717	11.189736	-3.757629	1.2176477
1663927122725	10.3543415	-3.3816566	1.2786646
1663927122732	9.232706	-2.5148566	0.37357944
1663927122740	8.850752	-1.5047864	-0.19740787
1663927122749	9.874282	-0.07058827	0.06969096
1663927122757	10.698908	0.45134616	-0.86530447
1663927122765	10.403395	-0.11485548	-2.9159534
1663927122772	9.786943	-0.18544376	-2.3449662
1663927122794	9.491131	-0.043070808	1.3097713
1663927122836	10.464412	0.56380886	3.0729825
1663927122842	11.74517	0.9302098	1.8867407
1663927122849	11.639886	0.62841505	0.5386842
1663927122911	9.696016	0.32452658	-0.148355
1663927122922	8.552845	-0.25962126	-0.5075775
1663927122932	8.022536	-1.0103694	-0.66071814
1663927122943	8.03809	-1.2281163	-1.1599208
1663927122952	8.586345	-0.64995044	-1.4470595
1663927123002	9.475577	0.4860421	-0.86171526
1663927123012	9.8682995	1.6351951	-0.5841478
1663927123022	9.602696	1.7979071	0.2551347
1663927123029	9.500702	0.9732806	1.3863416
1663927123037	9.430114	0.061016977	1.3731811
1663927123044	9.349955	-0.68823564	0.8895318
1663927123112	9.432507	-0.9026923	0.95054877
1663927123123	9.828818	-0.68225354	0.7112665
1663927123134	9.734302	-0.35443684	0.285045
1663927123144	9.643374	0.37357944	0.23120649
1663927123153	9.78814	1.2628121	0.7088737
1663927123268	9.768997	1.50359	1.1204392
1663927123279	9.406186	1.049851	0.53389853
1663927123290	8.95125	0.6152545	-0.5985048
1663927123300	9.77498	0.770788	-1.1539388
1663927123312	12.238391	1.2400804	-1.8756739
1663927123321	13.765908	2.2456641	-3.5036905
1663927123332	10.616356	1.4916258	-2.6632116
1663927123344	8.8651085	-0.78873414	-1.0268201
1663927123350	9.649357	-2.5435705	-1.3561323
1663927123358	10.258629	-3.5491543	-0.965803
1663927123368	10.27179	-3.531208	-0.0059820567
1663927123379	9.381062	-3.3457642	-0.5673981
1663927123513	8.973982	-2.8704898	-0.8497511
1663927123525	9.044869	-1.8326031	-0.27756742
1663927123535	9.458828	-1.1958131	0.1378864
1663927123544	10.050154	-0.99720883	0.34606197
1663927123551	10.155738	-0.77796644	1.5143577
1663927123558	9.640982	-0.91346	2.0733807
1663927123566	8.521739	-1.6280167	1.6686947
1663927123575	8.102695	-2.1559331	0.325723
1663927123583	8.264212	-2.231307	-0.38883367
1663927123593	8.926126	-2.1906292	-0.011964113
1663927123603	9.627821	-1.6806588	1.2427722
1663927123712	9.517452	-1.1718849	2.591726
1663927123721	9.334401	-0.8748758	2.5402803
1663927123731	9.172886	-1.1204392	1.59691
1663927123740	9.109476	-1.5143577	0.5075775
1663927123750	9.287741	-1.9486549	0.738784
1663927123757	9.5353985	-2.2085752	1.6974086
1663927123764	9.801301	-2.2911277	2.687439
1663927123771	9.754641	-2.1631117	3.431906
1663927123791	9.517452	-1.887638	3.7683966
1663927123798	9.457631	-1.8816559	3.978965
1663927123820	9.243474	-2.1044874	3.1962128
1663927123830	8.915359	-2.4705894	1.2643076
1663927123840	8.466405	-2.5881367	0.5566304
1663927123912	8.660522	-2.3341985	1.3683954
1663927123925	9.778569	-2.725724	1.2020943
1663927123931	11.3575325	-4.232604	0.31974092
1663927123938	13.136297	-5.886942	-0.20937198
1663927123943	12.19532	-4.2723846	-0.5494519
1663927124036	10.453644	-0.90508515	0.8333005
1663927124047	10.025029	1.2209377	2.9688947
1663927124057	10.3136635	2.1918256	3.2524443
1663927124067	10.1904335	1.7153547	1.0869397
1663927124075	9.300901	0.05742774	-1.2113664
1663927124079	9.122637	-1.6567305	-3.4211383
1663927124111	9.594321	-2.2217357	-3.815954
1663927124123	9.749855	-0.994816	-0.9909277
1663927124132	10.034601	0.5877371	0.95413804
1663927124140	9.728319	1.1587243	0.9661021
1663927124150	8.959625	0.7325028	0.009571291
1663927124161	8.225926	-0.06699903	-0.55304116
1663927124172	8.454441	-0.44177487	-0.0634098
1663927124265	9.152547	-0.23928227	0.4884349
1663927124276	9.163314	-0.08733802	0.91585284
1663927124285	8.948857	-0.18065812	0.9349955
1663927124297	9.048459	-0.38315073	0.7148558
1663927124308	9.49472	-0.6942177	0.2515455
1663927124318	9.89821	-0.6978069	0.68494546
1663927124329	10.489536	0.019142581	1.8951155
1663927124340	10.876276	0.7073782	2.0865414
1663927124359	10.525429	0.82971126	1.6184454
1663927124370	9.506684	0.61884373	0.74117684
1663927124512	8.466405	0.37716866	0.1486541
1663927124523	7.9818583	0.2117648	-0.33020952
1663927124532	8.03809	0.15314065	-1.0773684
1663927124539	9.431311	0.6164509	-1.7644076
1663927124549	13.063316	1.355235	-2.7146573
1663927124559	15.615261	2.1667008	-3.824329
1663927124568	12.437294	1.1623136	-3.4546378
1663927124578	9.474381	-0.8665009	-1.11685
1663927124588	9.122637	-2.5148566	-0.56141603
1663927124595	9.506684	-3.3696926	0.15343975
1663927124601	9.512667	-3.885645	0.4860421
1663927124695	8.873484	-4.0088754	-0.36131623
1663927124705	8.926126	-3.1133614	-0.6367899
1663927124715	9.349955	-2.1415763	-0.94666046
1663927124724	9.863514	-1.7009978	-0.87367934
1663927124736	10.14826	-1.4482559	0.22761725
1663927124746	9.97837	-0.90508515	1.7575282
1663927124757	9.101101	-1.0785648	2.4038894
1663927124769	8.170891	-1.7727824	1.334896
1663927124790	7.998608	-1.8517456	-0.27996024
1663927124801	8.285747	-1.623231	-0.7492526
1663927124809	8.839984	-1.5203397	0.16540386
1663927124820	9.245867	-1.6399808	1.7970098
1663927124830	9.450453	-1.4808581	2.768795
1663927124909	9.267402	-1.3070793	2.0279171
1663927124920	9.007482	-1.2831511	0.21326032
1663927124930	8.843574	-1.611267	-0.42831525
1663927124940	9.092726	-2.0482562	0.8105687
1663927124952	9.733106	-2.2995026	2.8334012
1663927124991	10.112368	-2.3282163	4.3070807
1663927125001	10.307682	-2.3150558	4.2927237
1663927125037	10.062119	-2.42034	4.0354953
1663927125050	9.51147	-2.7053852	3.074179
1663927125061	8.70479	-2.2899313	1.5083755
1663927125072	8.240283	-2.0602202	-0.039481573
1663927125080	9.400204	-2.6515465	-0.51116675
1663927125090	11.722438	-3.8676987	-0.15194423
1663927125111	14.3022	-5.5519466	0.5279165
1663927125121	13.52543	-4.955835	-0.08973085
1663927125155	10.772188	-2.099702	0.33529428
1663927125166	9.367901	0.3173481	2.841776
1663927125270	8.71795	1.852942	2.6024938
1663927125280	8.5349	2.032703	0.0011964113
1663927125289	8.42812	0.7588239	-2.7568307
1663927125299	8.25464	-0.8258229	-4.354638
1663927125309	9.334401	-1.5693926	-4.057928
1663927125319	10.617552	-0.9720842	-0.7492526
1663927125330	11.129915	-0.013160525	2.626422
1663927125341	10.664212	0.55304116	2.89711
1663927125350	9.857532	0.39631125	1.2080764
1663927125374	8.859127	-0.28115666	-0.25962126
1663927125385	8.659326	-0.5518447	-1.0833504
1663927125485	8.935697	-0.39391842	-0.8461619
1663927125493	9.272188	0.16390835	0.17138593
1663927125500	9.364311	0.2754737	1.0833504
1663927125507	9.333204	-0.12801601	1.3504493
1663927125515	9.0747795	-0.6858428	1.1611172
1663927125521	9.012267	-1.0582259	0.93619186
1663927125527	9.178867	-0.78035927	0.75553375
1663927125531	9.334401	-0.21535404	0.49082774
1663927125567	9.78814	0.62841505	0.72442704
1663927125577	10.046565	1.3719847	0.99720883
1663927125585	9.947263	1.879263	1.3875381
1663927125697	9.61825	1.7093726	1.6531414
1663927125707	8.985947	0.98524475	0.7304091
1663927125716	8.643773	0.2730809	-0.30269206
1663927125727	10.698908	0.16151553	-2.7326035
1663927125736	14.230415	0.78753775	-5.4224353
1663927125749	14.399109	1.6507485	-6.6855464
1663927125759	10.837991	0.124426775	-1.9773688
1663927125767	8.973982	-2.2002003	-0.05383851
1663927125784	9.29492	-3.675974	-0.25004998
1663927125787	9.697213	-4.0890346	-0.52552366
1663927125790	9.510274	-3.7803607	0.39750767
1663927125837	8.92134	-2.7053852	1.102493
1663927125849	8.972786	-1.7644076	0.9194421
1663927125913	9.257831	-1.509572	-0.020338992
1663927125923	9.568898	-1.7979071	-1.0280164
1663927125931	9.701999	-1.7285153	-0.48095736
1663927125943	9.49472	-1.3968102	1.0917253
1663927125952	9.135797	-1.3130615	1.9345971
1663927125993	8.62822	-1.5849459	1.1754742
1663927126004	8.603095	-1.657927	-0.18305093
1663927126015	8.939286	-1.6184454	-0.041874398
1663927126023	9.127422	-1.5418751	1.3384851
1663927126042	9.270991	-1.3310076	2.333301
1663927126052	9.114262	-1.3010973	2.1092732
1663927126075	8.964411	-1.2472588	1.1563315
1663927126085	9.040084	-1.1491531	0.7495517
1663927126115	9.274581	-1.2161521	1.6615162
1663927126127	9.360723	-1.5861423	2.8513472
1663927126183	9.38465	-1.7261224	3.4007993
1663927126192	9.543773	-1.7285153	3.4680972
1663927126198	9.517452	-1.8098712	3.3433714
1663927126205	9.327223	-2.4179473	2.4732814
1663927126224	8.963215	-3.3876386	1.7527425
1663927126233	8.633005	-3.69392	1.6471593
1663927126287	8.879466	-2.9374888	2.0207388
1663927126300	9.815658	-2.9243283	2.0733807
1663927126311	11.531013	-4.4482574	0.5829514
1663927126320	13.125529	-5.465805	-0.38883367
1663927126331	12.365211	-4.112963	-0.111266255
1663927126407	10.695319	-1.3645071	0.38793638
1663927126417	10.464412	0.83688974	2.3476582
1663927126445	10.483554	1.9166509	3.1974092
1663927126453	10.201201	1.6902301	1.7623138
1663927126512	9.524631	0.22851457	0.30538398
1663927126525	9.285348	-1.0319048	-1.46022
1663927126532	9.580862	-1.6603198	-2.2002003
1663927126541	9.640982	-1.332204	-0.8210373
1663927126552	9.373882	-0.51236314	0.67417777
1663927126563	9.205189	0.40707895	0.22642085
1663927126608	9.103494	0.90029955	-0.5494519
1663927126620	8.850752	0.84047896	-1.0495518
1663927126629	8.8746805	0.4956134	-1.2400804
1663927126712	9.068798	0.4657031	-1.0375878
1663927126723	9.302098	0.4214359	-0.37088752
1663927126735	9.256635	0.17706887	0.6406783
1663927126745	9.012267	-0.3062813	1.3648062
1663927126755	8.897412	-0.78634137	1.0917253
1663927126765	9.025428	-0.80189466	0.6092725
1663927126773	9.194421	-0.43818563	0.30418757
1663927126783	9.35833	0.11246266	0.7543373
1663927126794	9.690035	0.52911294	1.3660027
1663927126805	10.058529	0.9098708	1.5777674
1663927126812	9.940084	1.244866	1.657927
1663927126821	9.456435	1.6292131	1.5191432
1663927126831	9.006286	1.2173486	0.74835527
1663927126914	9.372686	0.56141603	-0.6643074
1663927126924	12.44208	0.7325028	-2.6799614
1663927126931	14.789438	1.102493	-4.7916274
1663927126939	12.632309	1.3046865	-5.7924256
1663927126949	9.615857	-0.23569304	-2.1966112
1663927126993	9.430114	-2.6575286	-0.7217351
1663927127004	10.053743	-4.3034916	0.34247273
1663927127010	10.216755	-4.6755753	-0.4211368
1663927127015	10.035797	-4.0040894	-0.049052864
1663927127044	9.84796	-2.632404	0.29820552
1663927127055	9.5665045	-1.4940187	0.50159544
1663927127114	9.049655	-1.3202399	0.02751746
1663927127126	8.867501	-1.8373886	-0.6762715
1663927127136	8.508578	-2.4023938	-0.44865423
1663927127146	8.464012	-2.6515465	0.90508515
1663927127185	8.5576315	-2.3341985	2.0267208
1663927127196	8.510971	-1.8637097	2.1882362
1663927127235	8.631808	-1.061815	1.6806588
1663927127245	8.569595	-0.49082774	0.8392825
1663927127254	8.740682	-0.9062816	0.06460621
1663927127261	8.947661	-1.0091729	0.08165507
1663927127288	9.027821	-1.2053844	1.2056835
1663927127300	9.030213	-1.2556337	1.8089739
1663927127311	9.138189	-1.326222	2.0554347
1663927127321	9.780962	-1.7129619	3.0705895
1663927127327	10.42493	-2.172683	4.4231324
1663927127409	10.0681	-2.4418755	4.7775693
1663927127421	9.812068	-2.5833511	4.3704906
1663927127437	9.505488	-2.9338996	3.8126638
1663927127444	8.695218	-2.6479573	1.4700904
1663927127486	8.318049	-1.8266209	-0.46301118
1663927127498	9.134601	-2.053042	0.5063811
1663927127506	10.618749	-4.0567317	0.8488538
1663927127511	13.6606245	-5.877371	-0.050249275
1663927127519	13.526627	-4.6971107	-2.5950162
1663927127527	11.304891	-0.9062816	-0.9933205
1663927127535	9.538987	1.5239289	1.8939191
1663927127579	9.905389	2.8657043	2.6647072
1663927127587	10.661819	2.8692935	2.856133
1663927127714	10.720743	1.3971093	0.30059835
1663927127725	9.925728	-0.39391842	-2.0383859
1663927127732	9.221938	-1.4338989	-2.53041
1663927127741	9.174082	-0.8150552	-0.69182485
1663927127750	8.936893	0.12921242	1.2451651
1663927127758	8.849555	0.9445667	0.82612205
1663927127767	8.75145	1.0594223	-0.16151553
1663927127776	8.788539	0.28743783	-0.65712893
1663927127785	9.023035	-0.3182454	-0.1160519
1663927127796	9.5353985	-0.17228323	1.2308081
1663927127821	9.41456	0.050249275	1.7380866
1663927127833	8.890233	0.040677983	1.5430715
1663927127844	8.636594	-0.32542387	0.93738824
1663927127910	8.757432	-0.831805	-0.101694964
1663927127920	9.135797	-0.8712866	-0.5901299
1663927127928	9.589237	-0.0035892338	-0.21894327
1663927127937	9.85155	0.89312106	0.57577294
1663927127948	9.950852	1.2484552	1.2451651
1663927128006	9.880263	1.5263218	1.5311074
1663927128016	9.49472	1.5059828	1.6567305
1663927128036	8.817252	0.69302124	0.82013994
1663927128047	9.589237	0.09332009	-1.3010973
1663927128059	14.860026	0.87278205	-4.5008993
1663927128067	14.363217	2.0398812	-6.296414
1663927128113	10.649856	1.0007981	-2.8872397
1663927128124	9.021839	-1.1300105	-0.5721837
1663927128134	9.195618	-3.004488	0.6550352
1663927128145	9.372686	-4.4434714	1.1240284
1663927128155	9.075976	-4.759324	-0.0849452
1663927128166	9.599107	-3.4211383	1.1973087
1663927128224	10.0214405	-1.2077773	0.48245287
1663927128236	9.992726	-0.096909314	-0.64636123
1663927128264	9.668499	-0.31944183	-0.87248296
1663927128274	9.169296	-1.2903296	-0.7432705
1663927128283	8.375478	-2.4418755	0.36161533
1663927128293	7.949555	-2.8585258	1.5167505
1663927128312	7.7685976	-2.5809584	1.2655041
1663927128322	8.170891	-1.8254246	0.48364928
1663927128333	8.694022	-1.1491531	0.39032918
1663927128374	9.439685	-0.69541407	1.8915263
1663927128385	9.633803	-0.5662017	3.409174
1663927128438	9.455238	-0.5482555	2.862115
1663927128446	9.26142	-0.81266236	1.2140584
1663927128490	9.305687	-1.1706885	0.76989067
1663927128500	9.661321	-1.6328024	1.8257236
1663927128511	9.901799	-1.8409779	3.7396827
1663927128520	9.923335	-1.9031913	5.3150573
1663927128531	9.46481	-2.5674987	4.801498
1663927128541	8.672486	-3.1097722	2.1667008
1663927128575	7.917252	-2.0673988	0.119940236
1663927128580	8.506186	-1.8230318	0.4142574
1663927128584	10.872687	-2.9685955	0.49202415
1663927128710	14.52234	-5.502894	-0.2883351
1663927128721	14.801403	-6.9391856	-1.2317054
1663927128731	10.939686	-2.766402	-0.8916255
1663927128742	8.909376	0.9098708	2.577369
1663927128751	9.673285	2.8130622	5.258826
1663927128760	11.054542	3.0296125	4.3932223
1663927128766	10.7351	1.7476579	-0.6116653
1663927128776	9.18485	-0.6655038	-3.4271202
1663927128786	8.775378	-2.0195422	-3.8964126
1663927128796	9.015857	-1.6591234	-1.7057835
1663927128823	9.049655	-0.29312077	1.5323038
1663927128834	8.964411	0.887139	1.2714862
1663927128845	8.568398	1.0785648	-0.08255238
1663927128912	8.543274	0.7815557	-0.79710907
1663927128922	8.49781	0.31615168	-0.5805586
1663927128932	8.972786	-0.09332009	1.1359925
1663927128941	9.213564	-0.73130643	2.0518453
1663927129023	9.126225	-0.84017986	1.9704895
1663927129036	8.780164	-0.50398827	1.7694924
1663927129047	8.75145	-0.43459642	1.0175478
1663927129058	9.107083	-0.078963146	0.10199407
1663927129068	9.993923	0.9385847	0.27786654
1663927129080	10.694122	1.995614	0.82612205
1663927129088	10.56491	2.5331018	0.9349955
1663927129109	9.789336	2.6228328	1.1659029
1663927129121	9.361918	2.288735	1.2152548
1663927129131	9.482756	1.4174483	1.0247263
1663927129141	11.942877	0.76719874	-0.79112697
1663927129238	14.1981125	0.08853444	-3.5168512
1663927129248	13.016656	-0.0035892338	-6.105885
1663927129256	10.29811	-0.7815557	-3.0726833
1663927129262	9.303294	-2.3461626	-1.2855439
1663927129266	9.314062	-3.571886	-0.71455663
1663927129269	9.48156	-4.2517467	-0.48933223
1663927129273	9.48156	-3.5694933	0.2730809
1663927129277	9.589237	-2.6551359	1.0546366
1663927129311	10.0011015	-1.5203397	0.5243273
1663927129322	9.590433	-1.4880366	0.4022933
1663927129332	8.835198	-2.213361	-0.9179466
1663927129376	8.286943	-2.896811	-0.92632145
1663927129388	8.279764	-2.8752756	0.8213364
1663927129433	8.504989	-2.2959132	2.3596222
1663927129441	8.683254	-1.5167505	2.4266212
1663927129488	8.863913	-0.9804591	1.9082761
1663927129499	9.053245	-0.74446696	1.0893325
1663927129509	9.230313	-0.6547361	0.92662054
1663927129518	9.0747795	-0.689432	1.814956
1663927129528	8.947661	-0.8844471	2.0518453
1663927129537	8.886644	-1.1156535	0.974477
1663927129549	9.060423	-1.59691	0.6646065
1663927129652	9.363115	-2.2205393	2.015953
1663927129665	9.578469	-2.4909284	4.0941195
1663927129673	9.580862	-2.2289143	5.6668024
1663927129682	9.404989	-2.707778	5.476573
1663927129692	8.8447695	-2.7149563	2.8046873
1663927129702	8.869894	-1.718944	-0.10767702
1663927129713	10.625927	-2.71376	-0.17108682
1663927129723	13.373187	-5.378168	0.38315073
1663927129733	14.498411	-6.2641106	-2.0395823
1663927129785	12.20848	-2.4634109	-2.8812575
1663927129796	9.9293165	0.45134616	1.2463615
1663927129806	9.491131	1.9334008	2.3117657
1663927129832	9.565309	2.0865414	1.7826529
1663927129843	9.605089	1.2293127	0.32333016
1663927129854	9.820443	0.5279165	-1.3417753
1663927129909	9.830014	-0.2213361	-2.0228324
1663927129919	9.629018	-0.62482584	-0.9311071
1663927129929	9.553345	-0.08733802	1.3073785
1663927129939	9.265009	0.325723	1.8927227
1663927130026	8.599505	0.33409786	0.33888352
1663927130037	8.3013	0.16630118	-0.878465
1663927130049	8.689237	0.13040884	-0.8042875
1663927130060	9.431311	0.31974092	0.41306102
1663927130070	9.599107	0.19501504	1.0989038
1663927130081	9.165708	-0.20219351	1.102493
1663927130117	8.737093	-0.4728816	1.3360924
1663927130123	8.958429	-0.6367899	1.340878
1663927130126	9.317652	-0.70378894	0.8811569
1663927130129	9.754641	-0.06819545	0.56859446
1663927130133	9.998709	0.9098708	0.13908282
1663927130226	9.954441	1.6938193	-0.11964113
1663927130238	9.45165	2.3353949	0.3472584
1663927130248	9.071191	2.2552354	1.2678969
1663927130256	8.722735	1.2664014	1.6782659
1663927130264	9.743873	0.45014977	1.082154
1663927130273	13.734802	0.07058827	-1.41356
1663927130292	14.741582	-1.454537	-5.2226343
1663927130299	12.359228	-0.974477	-6.5344996
1663927130320	9.584451	-1.9259231	-1.9414765
1663927130330	9.345169	-3.1483564	-0.5243273
1663927130440	10.256236	-3.226123	0.038285162
1663927130445	10.563714	-2.4885356	2.3261228
1663927130450	10.057333	-1.3657036	0.39391842
1663927130458	9.050852	-1.4003994	-0.43669012
1663927130465	8.377871	-1.806282	-0.7109674
1663927130470	7.8966136	-2.3078775	-0.80907315
1663927130476	7.7159557	-2.612065	-0.12921242
1663927130483	7.9423766	-2.5821548	0.8859426
1663927130513	8.34796	-2.1415763	1.0869397
1663927130523	8.655737	-1.6328024	0.6646065
1663927130536	9.035298	-1.1455638	0.47048876
1663927130599	9.857532	-0.60687965	1.3779668
1663927130609	9.934102	-0.25603202	2.547459
1663927130661	9.438489	-0.6655038	2.5139594
1663927130672	9.174082	-1.2640085	1.2930216
1663927130681	9.343972	-1.4772689	1.1108679
1663927130689	9.798908	-1.8206389	2.6024938
1663927130708	9.667302	-2.1882362	3.8330028
1663927130718	9.208778	-2.3868406	4.653143
1663927130728	8.799306	-2.251646	4.6962137
1663927130789	8.322835	-1.5957136	3.3493536
1663927130801	8.190034	-0.64995044	1.1371889
1663927130837	9.180064	-1.0127622	0.6346962
1663927130849	11.441281	-3.7588253	0.07208378
1663927130859	14.432609	-7.2529445	-0.67028946
1663927130866	14.438591	-7.154839	-2.6895328
1663927130912	11.103595	-1.7380866	0.50039905
1663927130921	8.989535	1.4593227	3.0311081
1663927130930	9.397811	2.597708	2.2576282
1663927130938	10.507483	2.1667008	1.1443675
1663927130948	10.216755	0.81655073	-1.1276177
1663927131047	9.4839525	-0.5063811	-3.3026934
1663927131056	9.5868435	-0.7049854	-3.3852458
1663927131064	9.831211	-0.083748795	-1.0630114
1663927131075	9.646963	0.79860455	0.83090764
1663927131083	9.3200445	1.3959129	1.6387844
1663927131094	8.806484	1.5000007	1.2475579
1663927131104	8.313264	0.8237292	0.38793638
1663927131112	8.340781	-0.078963146	0.37597227
1663927131120	8.804091	-0.36400816	0.7280163
1663927131126	9.023035	-0.41784665	0.4010969
1663927131154	8.92134	-0.15074782	0.34606197
1663927131166	8.795717	-0.040677983	0.46929234
1663927131227	9.024232	-0.27756742	0.887139
1663927131238	9.503095	-0.9349955	0.9589237
1663927131249	10.103992	-1.0785648	1.5299109
1663927131257	10.761421	0.0741775	2.3548367
1663927131288	10.997114	1.5681962	2.9892337
1663927131299	9.918549	1.5550356	2.2612174
1663927131312	8.800503	0.8739785	-0.12203395
1663927131323	8.526525	0.68823564	-1.3334004
1663927131332	10.019048	1.2197413	-1.2771691
1663927131443	13.709678	1.1407782	-2.7508488
1663927131450	14.918651	1.1850454	-5.837889
1663927131454	11.866306	0.8321041	-4.546363
1663927131458	9.122637	-1.0510473	-0.5063811
1663927131461	8.820842	-3.004488	-0.01794617
1663927131466	9.42174	-3.8868413	-0.35294133
1663927131472	9.390633	-4.115356	-0.42592242
1663927131478	9.284152	-3.165106	0.7220342
1663927131513	9.577272	-1.9259231	0.4968098
1663927131523	9.764212	-1.3537394	0.39750767
1663927131535	9.426525	-1.6722839	0.4549354
1663927131597	8.944072	-2.143969	0.15702899
1663927131609	8.20798	-2.5555346	0.5841478
1663927131639	8.053643	-2.6611178	1.2786646
1663927131651	8.066803	-1.9199411	1.2320045
1663927131676	8.107481	-0.9493524	0.71724856
1663927131681	8.34796	-0.46929234	0.89431745
1663927131707	8.823235	-0.56859446	1.7285153
1663927131713	9.037691	-1.2556337	2.6108687
1663927131720	8.941679	-1.6100706	2.4134607
1663927131729	9.059227	-1.7560327	1.9250258
1663927131788	9.723534	-1.8337995	1.7201403
1663927131798	10.546964	-2.3437698	2.885146
1663927131822	10.703694	-2.5411777	5.3904314
1663927131830	10.090832	-2.5845475	6.515656
1663927131843	8.678469	-1.7967107	4.0510488
1663927131913	8.5014	-0.17826529	-0.55064833
1663927131920	10.465608	-1.0007981	-1.765604
1663927131928	13.349258	-4.6612186	-0.64995044
1663927131936	13.767105	-8.170891	-1.6519449
1663927131944	11.552547	-4.802395	-3.6496527
1663927132037	11.359925	0.28025934	1.9274186
1663927132045	10.468	2.8669007	4.6555357
1663927132053	10.329217	3.1782668	3.1962128
1663927132061	10.64507	2.0865414	0.14626129
1663927132070	10.007083	0.32213375	-1.9905293
1663927132079	8.918947	-0.90029955	-3.0475588
1663927132089	8.408977	-0.7325028	-2.32702
1663927132101	8.8340025	0.16271193	1.3289139
1663927132116	8.716754	0.85842514	2.478067
1663927132124	8.185248	0.73848486	0.6646065
1663927132151	7.8032937	0.38554356	-0.35294133
1663927132160	7.589136	-0.34247273	-0.47377887
1663927132200	8.134998	-0.78873414	-0.061016977
1663927132211	9.237492	-0.35084763	1.6519449
1663927132268	9.792926	0.09332009	2.7927232
1663927132279	10.151849	-0.014356935	3.3517463
1663927132287	10.618749	-0.59611195	2.35364
1663927132297	10.695319	-0.56500524	1.1515459
1663927132306	10.111171	0.64277196	0.55782676
1663927132313	8.897412	1.6220347	0.033499517
1663927132323	8.677272	1.8840487	-0.09212367
1663927132403	8.867501	1.224527	0.28863424
1663927132411	11.283355	0.72293156	-0.50039905
1663927132422	14.983257	0.7265208	-3.1815567
1663927132439	14.141881	1.5358931	-6.349056
1663927132465	10.011869	0.85244304	-3.3266218
1663927132472	8.85793	-1.4470595	-1.1192428
1663927132477	9.506684	-3.083451	-1.3513466
1663927132483	10.360324	-3.5048869	-1.0845468
1663927132510	10.468	-3.3768709	0.72323066
1663927132516	9.772587	-3.2177482	0.10677971
1663927132536	8.928518	-3.167499	0.43698925
1663927132575	8.136195	-3.3074791	1.259522
1663927132585	8.152945	-3.4151561	0.4776672
1663927132684	8.346764	-3.0966115	0.17856438
1663927132696	8.816056	-2.309074	1.320539
1663927132706	8.999106	-1.2843475	2.2217357
1663927132716	8.988339	-0.42981076	1.6710875
1663927132728	8.877073	-0.1698904	1.2296118
1663927132736	8.971589	-0.29192436	1.2882359
1663927132746	9.073584	-0.56500524	1.2583256
1663927132755	9.019445	-1.1395818	1.3480564
1663927132792	9.024232	-1.4231312	1.1997014
1663927132795	9.306884	-1.1324034	0.9302098
1663927132836	9.81805	-1.3046865	1.9465612
1663927132845	10.362717	-1.9989042	3.976572
1663927132856	10.072886	-2.457429	4.2520456
1663927132891	9.507881	-2.193022	3.2117662
1663927132902	8.898608	-2.1355941	2.8142586
1663927132911	8.167302	-1.489233	2.4912274
1663927132923	8.257032	-1.3740784	1.4904294
1663927132932	10.065707	-2.213361	-0.04546363
1663927132989	12.605988	-3.816253	-1.1551352
1663927133002	13.630714	-6.3011994	-0.424726
1663927133014	11.702099	-4.7485566	-1.238884
1663927133022	9.935299	-0.88683987	0.19651055
1663927133035	10.256236	1.3501502	3.83061
1663927133046	11.563315	2.0422742	3.633202
1663927133070	10.916954	2.0255244	-0.18305093
1663927133082	9.489935	0.90388876	-3.2437701
1663927133112	9.221938	-0.10049855	-3.5910287
1663927133123	9.540184	-0.22851457	-1.8864416
1663927133153	9.850353	0.35443684	0.7686943
1663927133160	9.662517	0.927817	2.1595225
1663927133202	8.76461	1.2281163	1.0546366
1663927133213	8.078768	1.0067801	-0.22851457
1663927133267	7.8906317	0.25393832	-0.7935198
1663927133278	8.252247	-0.63798636	-0.17347965
1663927133286	8.964411	-1.2915261	1.0211371
1663927133296	9.480363	-0.90149593	1.8197416
1663927133305	9.4636135	-0.37477586	2.0135603
1663927133315	9.193225	-0.23569304	1.3181462
1663927133323	9.250652	-0.2105684	0.54466623
1663927133363	9.686445	0.032303106	0.82971126
1663927133371	10.462019	0.4441677	1.7958134
1663927133469	10.887044	1.1072787	2.2348964
1663927133477	10.330414	1.5921243	2.0518453
1663927133485	9.342776	1.2867404	1.5741782
1663927133491	9.007482	0.42981076	0.5937191
1663927133498	10.785349	-0.061016977	-0.7612167
1663927133504	13.389936	0.15672988	-3.140879
1663927133516	13.263117	1.2675978	-5.04078
1663927133523	10.719546	0.7743772	-3.2653055
1663927133542	9.180064	-1.1922239	-1.2472588
1663927133682	8.871091	-2.8716862	-1.1659029
1663927133693	9.32124	-3.769593	-0.8593224
1663927133705	9.460024	-3.8066816	-0.53629136
1663927133713	9.345169	-2.9315069	0.62751776
1663927133723	9.568898	-1.8433708	1.5239289
1663927133735	9.783355	-1.0283155	1.0007981
1663927133745	9.505488	-1.4796617	-0.5303093
1663927133752	9.309277	-2.3581266	-1.2113664
1663927133759	8.935697	-2.4969103	-0.689432
1663927133769	8.728718	-2.1008983	1.2224332
1663927133787	8.444869	-1.5119648	2.5546372
1663927133800	8.350353	-1.0247263	2.1978076
1663927133820	8.495418	-1.055833	1.0689936
1663927133827	8.792128	-1.2424731	0.45732823
1663927133835	9.092726	-1.250848	1.5514464
1663927133892	9.2997055	-1.0319048	2.3775685
1663927133899	9.516255	-1.0941181	2.2337
1663927133906	9.960423	-1.3561323	1.8568304
1663927133914	10.235897	-1.4482559	2.4768705
1663927133920	10.596017	-1.4904294	3.9670007
1663927133956	10.609178	-1.9450657	5.171488
1663927133962	9.606286	-1.5897316	4.6340003
1663927134031	8.512167	-0.54466623	2.0195422
1663927134040	7.605886	-0.47527438	-0.602094
1663927134048	8.178069	-1.7177476	-0.6343971
1663927134055	10.525429	-3.8114674	-0.7815557
1663927134106	13.861622	-6.4459653	-0.4761717
1663927134117	14.736796	-7.086643	-0.11485548
1663927134129	11.101202	-2.9769704	0.4441677
1663927134138	9.476774	0.19740787	1.2655041
1663927134289	9.902996	2.0841484	1.9106688
1663927134300	10.493126	3.1555347	1.6328024
1663927134312	9.932906	2.341377	-0.07058827
1663927134322	8.8746805	0.8344969	-1.6423737
1663927134333	9.073584	-0.4668995	-2.0048864
1663927134343	9.556933	-1.4458631	-0.8856435
1663927134352	9.895817	-1.625624	0.5602196
1663927134362	9.754641	-1.1216356	2.2289143
1663927134373	8.807681	-0.38673997	1.5454643
1663927134380	8.320442	0.1052842	-0.1268196
1663927134389	8.245069	0.28025934	-1.1359925
1663927134399	8.826823	0.73489565	-0.9179466
1663927134408	9.390633	1.1252248	0.13070793
1663927134470	9.408579	1.1012967	0.9445667
1663927134479	9.2793665	0.7325028	1.2032907
1663927134487	9.069994	0.13878371	1.3564314
1663927134493	9.409775	-0.47168517	1.7563318
1663927134502	9.999905	-0.86530447	2.2061825
1663927134512	10.347163	-0.622433	2.996412
1663927134523	10.225129	-0.0035892338	2.7113671
1663927134532	9.625428	0.62482584	1.0534402
1663927134675	9.055637	1.4330016	-0.6343971
1663927134685	8.793324	1.6004993	-0.2847459
1663927134693	9.438489	1.2532408	0.6418747
1663927134698	11.873485	1.1228321	-0.39481574
1663927134703	13.483256	0.4010969	-2.0946171
1663927134706	12.017055	-0.019142581	-4.566702
1663927134709	9.913763	-0.51475596	-3.4043884
1663927134712	9.521041	-1.035494	0.25872394
1663927134716	9.69482	-1.8852451	1.50359
1663927134720	10.033404	-2.4909284	0.56380886
1663927134849	9.8348	-3.2679975	-0.5841478
1663927134858	9.573684	-2.8369904	0.38793638
1663927134869	9.637392	-1.9211375	-1.2807583
1663927134878	9.697213	-1.8302102	-1.8050855
1663927134889	9.753445	-1.8505492	-0.12323037
1663927134900	9.317652	-1.7117655	0.73399836
1663927134909	8.792128	-1.6100706	2.292324
1663927134916	8.166105	-1.6722839	2.6455646
1663927134925	7.878668	-1.6591234	1.2032907
1663927134934	8.076375	-1.224527	0.12113664
1663927134942	8.659326	-0.8341978	0.36400816
1663927134968	9.285348	-0.7109674	1.4353945
1663927134980	9.455238	-0.76600236	2.65035
1663927135074	9.3511505	-1.0091729	2.6096723
1663927135086	9.690035	-1.2293127	1.4796617
1663927135094	10.135099	-0.8844471	1.6220347
1663927135103	11.315659	-0.7600203	4.0498524
1663927135114	11.13829	-1.8086748	5.9901323
1663927135125	9.513863	-1.5287145	2.80708
1663927135135	8.646166	-0.95413804	-0.6152545
1663927135144	9.560523	-1.8038892	-0.20578274
1663927135219	11.464013	-4.191926	-0.9669995
1663927135230	12.414562	-6.6460648	-3.0176485
1663927135243	11.849557	-4.6552362	-3.1133614
1663927135250	10.842776	-1.0031909	0.8572287
1663927135261	9.91137	0.9242278	2.76042
1663927135267	9.580862	1.8158532	0.8141579
1663927135276	9.192028	1.2077773	-0.55064833
1663927135304	8.650951	0.31136605	-0.8353942
1663927135313	8.507381	-0.30508488	-1.0435698
1663927135323	9.115458	-0.56500524	-0.5482555
1663927135475	10.172487	-0.8066803	-0.040677983
1663927135485	10.58166	-0.5386842	0.103190474
1663927135497	10.137492	0.5159524	0.69332033
1663927135507	9.425328	0.95054877	0.39750767
1663927135514	8.8854475	0.9421739	0.07328019
1663927135520	8.959625	0.7265208	-0.3696911
1663927135527	9.136993	0.6678966	-0.5805586
1663927135533	9.379865	0.69182485	-0.032303106
1663927135540	9.24826	0.51475596	0.4010969
1663927135546	9.055637	0.09451649	0.7435696
1663927135554	9.0436735	-0.40707895	1.1240284
1663927135676	9.114262	-0.7923234	1.2918252
1663927135687	9.15494	-0.66071814	2.2217357
1663927135694	9.709177	-0.38315073	3.1722846
1663927135703	10.65823	-0.14476576	2.8262227
1663927135713	11.193325	0.2527419	1.556232
1663927135721	11.29173	1.0594223	0.9613165
1663927135728	11.712867	1.3600205	-0.11006984
1663927135737	12.356835	0.7013961	-2.1798615
1663927135747	11.624332	0.36400816	-4.8119664
1663927135760	9.956834	-0.2009971	-3.6783667
1663927135848	9.110672	-0.8991031	-1.3944174
1663927135856	8.928518	-1.7165512	-0.32662028
1663927135864	8.875876	-2.3365912	-0.6415756
1663927135873	8.866305	-2.507678	-0.46061835
1663927135885	8.893823	-2.5929224	-0.12203395
1663927135894	9.317652	-2.4346972	0.25034907
1663927135904	9.5760765	-1.9713868	-0.040677983
1663927135914	10.087243	-1.8206389	0.72083783
1663927135924	10.4261265	-1.5251254	1.6304095
1663927135934	9.833604	-1.6208383	1.1551352
1663927135942	9.245867	-2.0590239	0.2000998
1663927135968	8.981161	-2.28036	0.09720842
1663927135978	8.9775715	-2.2169502	0.07806584
1663927136048	9.098708	-1.9534405	-0.0035892338
1663927136058	9.242277	-1.6076777	0.21684955
1663927136069	9.365508	-1.3980067	0.57816577
1663927136077	9.420543	-1.468894	0.98883396
1663927136112	9.229117	-1.6483557	0.76749784
1663927136122	8.983554	-1.730908	0.5051847
1663927136131	9.183653	-1.6674982	0.651446
1663927136138	9.789336	-1.6076777	1.1706885
1663927136219	10.278968	-1.5430715	1.8568304
1663927136231	10.429716	-1.3716856	1.9609182
1663927136242	10.243075	-1.3836497	1.9238294
1663927136253	9.950852	-1.2915261	2.1619153
1663927136264	9.772587	-0.5602196	1.969293
1663927136272	9.925728	-0.025124637	2.243271
1663927136283	9.664909	-0.5518447	1.7333009
1663927136310	9.35833	-1.9307088	0.14985052
1663927136315	9.772587	-3.2679975	-0.9346963
1663927136319	10.365109	-4.298706	-0.52911294
1663927136464	10.484751	-4.331009	0.5709873
1663927136474	9.99153	-2.8489544	1.0187442
1663927136482	9.940084	-1.489233	0.81894356
1663927136493	9.856336	-0.32183465	0.42622152
1663927136503	9.548559	0.17587246	-0.04546363
1663927136511	9.552148	-0.18783657	-0.64995044
1663927136520	9.482756	-0.84137625	-1.1036894
1663927136526	9.639785	-1.0630114	-1.4243277
1663927136534	9.810872	-0.9984053	-0.88205427
1663927136541	9.989138	-0.520738	0.27188447
1663927136550	10.029816	0.008374879	0.7579266
1663927136596	9.815658	0.23838496	0.66341007
1663927136608	9.220742	0.22013968	0.06969096
1663927136619	9.1681	0.19262223	-0.3589234
1663927136626	9.486345	0.40707895	-0.7157531
1663927136667	9.856336	0.53629136	-0.90358967
1663927136672	10.005887	0.57936215	-0.76959157
1663927136679	10.0011015	0.5709873	-0.61884373
1663927136700	9.853943	0.46091747	-0.2548356
1663927136706	9.624231	0.32452658	-0.061016977
1663927136709	9.450453	0.1160519	-0.3900301
1663927136850	9.419347	-0.20219351	-0.68105716
1663927136860	9.498309	-0.5315057	-0.74566334
1663927136866	9.713963	-0.5303093	-0.11485548
1663927136876	10.03819	-0.3819543	1.2834502
1663927136884	10.111171	-0.2835495	1.8867407
1663927136894	10.20479	-0.2428715	1.3301103
1663927136903	10.286146	-0.32183465	0.80578303
1663927136912	10.1016	-0.5494519	0.22402802
1663927136921	9.794122	-0.60807604	-0.16749759
1663927136931	9.700802	-0.20458634	-0.2213361
1663927136941	9.876675	0.16869399	-0.16749759
1663927136968	10.1446705	0.46091747	-0.3912265
1663927136978	10.275378	0.7612167	-0.8593224
1663927137046	10.042975	0.91346	-1.2795619
1663927137058	9.476774	0.53988063	-1.4614165
1663927137067	8.95125	-0.32662028	-1.3238292
1663927137075	8.880662	-1.0677971	-0.8880363
1663927137113	9.159725	-1.474876	-0.14596218
1663927137125	9.856336	-1.2783655	0.7543373
1663927137136	10.484751	-0.96729857	1.07019
1663927137146	10.3028965	-0.53629136	1.0941181
1663927137219	9.953245	-0.40947178	0.22761725
1663927137230	9.619446	-0.65952176	-0.5769694
1663927137241	9.634999	-0.7193423	-0.5458627
1663927137252	9.780962	-0.73489565	0.16540386
1663927137262	9.85155	-0.689432	0.49920264
1663927137273	9.901799	-0.59611195	0.45014977
1663927137284	9.864711	-0.6008976	0.30538398
1663927137312	9.733106	-0.7360921	0.0035892338
1663927137323	9.554541	-0.8545368	-0.21535404
1663927137331	9.517452	-0.9804591	-0.0849452
1663927137466	9.633803	-1.0474582	0.23718855
1663927137475	9.80489	-0.9912268	0.31974092
1663927137482	9.877871	-0.8856435	0.25034907
1663927137491	9.828818	-0.8246265	0.2730809
1663927137499	9.729516	-0.79950184	0.21565314
1663927137509	9.692428	-0.9170493	0.10199407
1663927137519	9.700802	-1.0450653	0.1582254
1663927137529	9.701999	-1.0402796	0.3185445
1663927137540	9.688838	-0.9804591	0.41904306
1663927137548	9.785748	-0.89431745	0.4621139
1663927137557	9.857532	-0.8676973	0.40468612
1663927137672	9.826426	-0.83778703	0.42981076
1663927137679	9.828818	-0.81625164	0.5374878
1663927137689	9.838389	-0.8210373	0.53988063
1663927137697	9.840782	-0.8365906	0.4860421
1663927137705	9.795319	-0.90388876	0.3711866
1663927137712	9.68166	-0.8808578	0.33050862
1663927137720	9.645767	-0.88683987	0.42023948
1663927137728	9.425328	-0.0011964113	0.651446
1663927137736	8.899805	-1.1934203	-3.7166517
1663927137743	10.5589285	-1.2520444	2.239682
