Timestamp 	 X 	 Y 	 Z 
1663928915251	9.5353985	-2.0120647	2.71376
1663928915255	9.021839	-2.9662027	0.637089
1663928915258	8.928518	-2.96381	0.46331027
1663928915295	9.000303	-3.0008986	1.3049856
1663928915302	9.090333	-2.9099715	1.7117655
1663928915306	9.275777	-2.902793	1.8628124
1663928915309	9.281759	-2.8465617	1.9800607
1663928915361	9.237492	-2.7149563	1.9453648
1663928915363	9.180064	-2.76042	1.9082761
1663928915388	9.21476	-2.7436702	1.7177476
1663928915392	9.233903	-2.5905297	1.704587
1663928915414	9.285348	-2.4825535	1.8041883
1663928915417	9.304491	-2.556731	1.8903298
1663928915499	9.369097	-2.7532415	1.8053846
1663928915502	9.643374	-2.935096	1.6304095
1663928915505	9.385847	-3.0296125	1.6507485
1663928915509	9.069994	-3.095415	1.8077775
1663928915546	9.068798	-3.0702906	1.7009978
1663928915550	9.292527	-2.902793	1.5406786
1663928915554	9.287741	-2.7915268	1.5131612
1663928915609	9.128618	-2.7580273	1.6052849
1663928915612	9.06162	-2.8202405	1.774278
1663928915615	9.540184	-2.7640092	1.8855443
1663928915617	9.457631	-2.795116	1.9657038
1663928915766	9.122637	-2.7711878	1.9477576
1663928915770	9.148957	-2.5749762	1.8340986
1663928915774	9.298509	-2.507678	1.835295
1663928915778	9.373882	-2.6599214	1.8508483
1663928915781	9.395418	-2.7891338	1.847259
1663928915785	9.383454	-2.8142586	1.7285153
1663928915796	9.162118	-2.8609185	1.5514464
1663928915802	9.226724	-2.9530423	1.617249
1663928915814	9.314062	-3.051148	1.5251254
1663928915819	9.221938	-3.0894332	1.6184454
1663928915943	9.223135	-2.992524	1.718944
1663928915947	9.116654	-2.856133	1.8879371
1663928915952	9.0182495	-2.8142586	1.975275
1663928915956	9.329616	-2.693421	1.9704895
1663928915961	9.662517	-2.699403	1.8807586
1663928915966	9.768997	-2.7293134	1.8999012
1663928916014	9.456435	-2.7855446	1.8855443
1663928916018	9.206385	-2.8692935	1.623231
1663928916021	9.035298	-2.8525436	1.407877
1663928916024	8.92493	-2.7975087	1.2056835
1663928916051	8.892626	-2.821437	1.2523435
1663928916062	9.024232	-2.8465617	1.4066806
1663928916167	9.306884	-2.8022945	1.3504493
1663928916177	9.52822	-2.778366	1.4497514
1663928916187	9.578469	-2.7819555	1.6746768
1663928916199	9.394221	-2.8034909	1.7261224
1663928916207	9.19801	-2.8525436	1.8017955
1663928916226	9.096315	-2.8752756	1.7261224
1663928916236	9.189635	-2.96381	1.6866409
1663928916248	9.262616	-2.9183464	1.8664017
1663928916257	9.370294	-2.7221348	1.9776679
1663928916298	9.434899	-2.6491537	1.8233309
1663928916307	9.316455	-2.766402	1.5311074
1663928916314	9.238688	-2.827419	1.5299109
1663928916322	9.145369	-2.8525436	1.4772689
1663928916368	9.169296	-2.8130622	1.489233
1663928916379	9.3200445	-2.6922245	1.6268203
1663928916419	9.403793	-2.7173493	1.8005991
1663928916430	9.54497	-2.6647072	1.9262222
1663928916444	9.493524	-2.7209384	1.7790636
1663928916449	9.402596	-2.7089744	1.6938193
1663928916552	9.1872425	-2.6659036	1.5358931
1663928916565	9.056833	-2.7532415	1.3002
1663928916575	8.953643	-2.8298118	1.5203397
1663928916585	9.009874	-2.768795	1.5801603
1663928916593	9.229117	-2.6072793	1.6818552
1663928916599	9.444471	-2.7496524	1.9740787
1663928916608	9.471989	-2.847758	2.0901306
1663928916621	9.38824	-2.5941188	1.8879371
1663928916628	9.415757	-2.1272194	1.468894
1663928916634	9.29133	-2.152344	1.3791631
1663928916642	9.163314	-2.3341985	1.3683954
1663928916772	9.623035	-2.4909284	1.1192428
1663928916785	9.288938	-2.786741	1.1479566
1663928916797	8.965608	-2.9769704	1.4509479
1663928916806	8.995518	-3.0008986	1.9202402
1663928916816	9.174082	-2.6982067	2.1690936
1663928916827	9.270991	-2.3952155	1.867598
1663928916837	9.357133	-2.2839491	1.5514464
1663928916848	9.427721	-2.268396	1.590928
1663928916855	9.433703	-2.4801607	1.8903298
1663928916866	9.345169	-2.8393831	2.1140587
1663928916985	9.32483	-2.996113	2.143969
1663928916994	9.49472	-2.8345976	1.8975084
1663928917005	9.488738	-2.6659036	1.8484555
1663928917014	9.460024	-2.5519454	1.9908284
1663928917024	9.412168	-2.349752	1.963311
1663928917035	9.474381	-2.4131618	1.4497514
1663928917046	9.379865	-2.4047868	1.2008978
1663928917056	9.24467	-2.6336005	1.0977074
1663928917067	9.26142	-2.888436	1.3660027
1663928917074	9.527023	-2.6635108	1.8101703
1663928917081	9.430114	-2.6288147	2.012364
1663928917088	9.51147	-2.6395824	2.5366912
1663928917165	9.385847	-2.6659036	2.4541388
1663928917176	9.32483	-2.9303105	1.2918252
1663928917187	9.381062	-3.0068808	0.5721837
1663928917198	9.305687	-3.0296125	0.8811569
1663928917205	9.355937	-3.0690942	1.4066806
1663928917224	9.1872425	-2.82383	1.3731811
1663928917234	8.883055	-2.6168506	1.4449657
1663928917244	8.702396	-2.3246272	1.9034904
1663928917255	9.218349	-1.8242282	2.4182463
1663928917281	9.688838	-1.6148561	2.3225334
1663928917292	9.913763	-1.8481563	1.4641083
1663928917299	9.907782	-2.1391835	1.0019945
1663928917309	9.6326065	-2.4825535	1.1335998
1663928917366	9.19801	-2.7771697	0.95653087
1663928917378	8.756235	-2.9949167	0.9349955
1663928917389	8.695218	-2.9949167	1.1084751
1663928917400	8.965608	-2.8932216	1.3109677
1663928917420	9.235099	-2.6970103	1.2834502
1663928917428	9.565309	-2.5519454	1.5921243
1663928917553	9.782158	-2.4346972	1.7440686
1663928917566	9.889835	-2.0697916	1.7416757
1663928917577	10.009477	-1.6220347	1.9166509
1663928917585	9.875478	-1.4676976	1.6471593
1663928917593	9.645767	-1.6052849	0.60807604
1663928917602	9.343972	-1.7847466	-0.050249275
1663928917608	9.119047	-1.867299	0.5733801
1663928917627	9.305687	-2.1080768	1.753939
1663928917634	8.713164	-2.9374888	2.0183458
1663928917640	9.172886	-3.0188448	2.7376883
1663928917649	9.965209	-2.7652056	3.0311081
1663928917783	10.287343	-2.7891338	1.724926
1663928917793	10.274182	-2.8932216	0.13668999
1663928917804	10.040583	-2.748456	-0.05623133
1663928917816	9.546165	-2.7735806	0.76749784
1663928917826	9.159725	-2.9075787	1.1862419
1663928917836	8.880662	-2.9063823	1.2475579
1663928917845	9.245867	-2.7317061	1.6950158
1663928917854	9.450453	-2.6371896	1.623231
1663928917861	9.403793	-2.7640092	1.0342976
1663928917870	9.129815	-2.7520452	0.53389853
1663928917978	8.770593	-2.5220351	0.73519474
1663928917990	8.33121	-2.367698	1.2176477
1663928917999	8.181659	-2.487339	1.34686
1663928918007	8.218747	-2.9805596	1.1288141
1663928918011	8.59113	-3.2237303	0.92183495
1663928918017	9.285348	-2.8956144	0.79740816
1663928918021	9.636196	-2.4681966	0.33290145
1663928918024	9.952048	-2.1272194	0.15343975
1663928918028	10.332807	-2.0410776	0.6753742
1663928918031	10.042975	-2.3078775	0.5482555
1663928918057	9.437292	-3.0978081	0.075673014
1663928918066	9.086744	-3.8473597	0.30538398
1663928918163	9.048459	-3.5503507	1.0989038
1663928918171	8.972786	-3.036791	1.896312
1663928918181	9.170493	-2.4035904	2.567798
1663928918192	9.656535	-1.806282	3.1710882
1663928918202	10.087243	-1.8170497	2.2289143
1663928918220	10.179666	-2.053042	0.5985048
1663928918232	9.378669	-2.4622145	-0.23090738
1663928918240	9.45165	-3.1301112	-0.3481557
1663928918250	9.432507	-3.7337005	0.2742773
1663928918298	9.434899	-3.8629131	1.3193426
1663928918308	9.049655	-4.3262234	2.373979
1663928918316	9.09153	-4.0531425	1.8843478
1663928918324	9.531809	-2.8896325	1.3695918
1663928918377	9.877871	-1.602892	1.1324034
1663928918387	10.117153	-0.6978069	0.65264237
1663928918396	10.040583	-0.79830545	0.19411774
1663928918405	9.636196	-1.7368901	0.27667013
1663928918417	9.404989	-2.9315069	0.7531409
1663928918427	9.5353985	-3.6077783	0.8356933
1663928918552	9.958031	-3.97059	0.87278205
1663928918565	10.167702	-4.0064826	1.1359925
1663928918576	9.912567	-3.6448672	1.3169497
1663928918586	9.262616	-3.3254254	0.9589237
1663928918597	8.423334	-3.234498	0.31256247
1663928918607	7.9543405	-3.2644083	-0.2416751
1663928918618	7.9280195	-3.1782668	-0.2835495
1663928918627	8.39821	-3.2081769	0.1797608
1663928918635	8.926126	-3.2153554	0.8739785
1663928918643	9.38824	-3.3613176	1.5131612
1663928918652	9.786943	-3.4965122	1.7718852
1663928918722	9.845568	-3.5539398	1.9573289
1663928918728	9.597911	-3.6448672	1.4246268
1663928918733	9.314062	-3.7097723	1.6866409
1663928918738	9.256635	-3.2273195	3.388835
1663928918769	9.68166	-2.4358935	5.5866427
1663928918775	9.460024	-1.7608184	2.1822543
1663928918780	9.6326065	-1.2795619	-0.9729815
1663928918786	9.631411	-1.204188	1.076172
1663928918815	8.667701	-2.5845475	1.6351951
1663928918821	8.076375	-3.3840494	-0.09451649
1663928918978	8.093124	-3.5120654	-0.009571291
1663928918983	8.093124	-3.7037904	0.87278205
1663928918988	7.8463645	-3.5491543	1.4700904
1663928918995	8.282157	-2.9733813	2.2468605
1663928919000	8.705986	-2.5268207	3.0634112
1663928919006	8.912965	-2.367698	3.7552361
1663928919012	9.188439	-2.204986	4.4410787
1663928919017	9.49472	-1.6339988	3.850949
1663928919023	10.102797	-1.3704891	3.8054852
1663928919028	11.615957	-2.8250263	5.8597236
1663928919058	11.950055	-5.689534	3.6607196
1663928919063	9.257831	-5.1029935	0.4034897
1663928919167	8.216354	-2.725724	1.5789639
1663928919174	8.538488	-1.9737796	0.87278205
1663928919180	8.382656	-2.105684	1.9238294
1663928919185	8.939286	-1.9331015	3.2679975
1663928919190	9.843175	-1.6052849	3.3206396
1663928919196	10.280165	-1.7919251	2.160719
1663928919215	9.94846	-2.6838498	1.5023935
1663928919221	9.348758	-2.949453	1.8053846
1663928919227	9.069994	-2.5028925	2.6611178
1663928919295	9.042477	-2.0183458	2.7592237
1663928919302	9.359526	-1.3704891	2.1451654
1663928919309	9.700802	-1.0450653	1.448555
1663928919314	9.899406	-1.3489537	1.1611172
1663928919404	9.412168	-2.248057	0.8751749
1663928919411	8.772985	-3.0080771	0.84167534
1663928919416	8.549256	-2.9650064	1.3731811
1663928919422	8.941679	-2.3258235	1.7682959
1663928919438	9.416953	-1.7632111	1.7165512
1663928919444	9.763016	-1.439881	1.3839488
1663928919548	9.61825	-1.462912	0.8500503
1663928919555	9.347562	-1.7703897	0.89431745
1663928919561	9.30808	-2.1260228	1.4174483
1663928919566	9.083155	-2.4825535	1.8281165
1663928919571	9.257831	-2.5579274	1.7982062
1663928919577	9.280562	-2.6288147	1.6076777
1663928919583	9.430114	-2.501696	1.4581263
1663928919587	9.542577	-2.396412	1.7285153
1663928919616	10.009477	-2.2695923	2.044667
1663928919622	10.052547	-2.7149563	1.8723837
1663928919628	8.93809	-3.3242288	1.4365909
1663928919799	8.619844	-3.354139	1.3313067
1663928919806	9.000303	-2.990131	1.774278
1663928919811	9.309277	-2.5639095	1.774278
1663928919816	9.428918	-2.2073789	1.2535399
1663928919821	9.549755	-2.0482562	1.2403795
1663928919827	9.468399	-2.120041	1.4736797
1663928919831	9.199206	-2.2325034	1.5717853
1663928919835	9.115458	-2.1762722	1.4844474
1663928919838	9.536594	-2.1128623	1.6830516
1663928919842	9.506684	-2.3605196	1.5358931
1663928920001	9.515059	-2.670689	1.2678969
1663928920007	9.7247305	-2.7269206	1.4904294
1663928920013	9.550952	-2.6288147	1.5382859
1663928920018	9.257831	-2.5627131	1.3002
1663928920023	9.110672	-2.6072793	1.1443675
1663928920028	8.98475	-2.6455646	0.9170493
1663928920033	9.0182495	-2.6395824	0.8572287
1663928920039	9.413364	-2.5989046	1.1335998
1663928920044	9.613464	-2.5399811	1.611267
1663928920050	9.716355	-2.4837499	1.8867407
1663928920055	9.733106	-2.4825535	1.7635103
1663928920061	9.348758	-2.579762	1.1335998
1663928920195	9.333204	-2.7496524	1.0307083
1663928920202	9.364311	-2.894418	1.2355938
1663928920207	9.346365	-2.754438	1.2678969
1663928920213	9.253045	-2.6216364	1.1467602
1663928920217	9.600304	-2.4311078	1.2714862
1663928920223	9.573684	-2.2660031	1.2200404
1663928920229	9.609875	-2.1678972	1.434198
1663928920234	9.650553	-2.2863421	1.3995022
1663928920239	9.737891	-2.4658036	1.0881361
1663928920294	9.370294	-2.7771697	0.8560323
1663928920300	9.152547	-2.8286154	0.8153543
1663928920305	9.157332	-2.7999015	0.71724856
1663928920311	9.226724	-2.8178477	0.698106
1663928920405	9.347562	-2.673082	0.92183495
1663928920412	9.353543	-2.4155545	1.0917253
1663928920418	9.272188	-2.1080768	1.3073785
1663928920422	9.292527	-1.9522442	1.2954143
1663928920427	9.636196	-1.9211375	1.0677971
1663928920433	9.930513	-1.9378872	0.9720842
1663928920548	9.949656	-2.143969	1.2272189
1663928920554	9.77139	-2.2564318	1.3420744
1663928920560	9.407382	-2.3772693	1.2954143
1663928920566	9.175279	-2.6048865	1.2786646
1663928920572	9.309277	-2.630011	1.3109677
1663928920576	9.286545	-2.7831519	1.5227325
1663928920581	9.44806	-2.8405795	1.5311074
1663928920615	9.693624	-2.7053852	1.1001002
1663928920622	9.639785	-2.4239295	0.7292127
1663928920627	9.44806	-2.178665	0.74117684
1663928920633	9.129815	-2.2636101	1.0055838
1663928920805	8.819645	-2.646761	1.3013964
1663928920811	8.673683	-2.9733813	1.6698911
1663928920816	8.939286	-2.9039893	1.989632
1663928920822	9.357133	-2.7472596	2.2205393
1663928920827	9.696016	-2.630011	2.1906292
1663928920834	10.090832	-2.2731814	1.5753746
1663928920839	9.989138	-2.0398812	0.89072824
1663928920844	9.719945	-2.0721843	0.77587277
1663928920850	9.434899	-2.1272194	0.9445667
1663928920855	9.220742	-2.3186452	1.0689936
1663928920945	9.152547	-2.5627131	1.0642079
1663928920951	9.133404	-2.675475	1.0881361
1663928920956	9.203992	-2.6108687	1.285843
1663928920961	9.37149	-2.4430718	1.4210376
1663928920966	9.637392	-2.3150558	1.4306089
1663928920971	9.621839	-2.4705894	1.3707882
1663928921003	9.425328	-2.7711878	1.4246268
1663928921009	9.256635	-2.8298118	1.3947165
1663928921018	9.219545	-2.71376	1.3564314
1663928921023	9.21476	-2.5399811	1.2391831
1663928921049	9.226724	-2.5375884	1.1395818
1663928921053	9.260223	-2.5387847	1.1539388
1663928921167	9.241081	-2.361716	1.3313067
1663928921173	9.395418	-2.1942184	1.5071791
1663928921178	9.556933	-2.044667	1.6184454
1663928921184	9.639785	-2.115255	1.6531414
1663928921189	9.518648	-2.4143581	1.5131612
1663928921194	9.376275	-2.5929224	1.5634105
1663928921200	9.284152	-2.6431718	1.6064813
1663928921205	9.265009	-2.646761	1.5526428
1663928921217	9.163314	-2.7293134	1.4234303
1663928921294	9.160921	-2.746063	1.3085749
1663928921300	9.297313	-2.679064	1.3277174
1663928921306	9.470792	-2.6216364	1.5586249
1663928921311	9.425328	-2.8130622	1.590928
1663928921413	9.075976	-3.0188448	1.5538392
1663928921420	9.383454	-2.9865417	1.6734804
1663928921426	9.546165	-3.0320053	1.7021942
1663928921435	9.305687	-3.1926236	1.3420744
1663928921441	9.276974	-3.289533	1.3133606
1663928921445	9.509077	-3.2093735	1.6351951
1663928921500	9.605089	-2.8549366	1.6710875
1663928921507	9.603892	-2.4681966	1.5921243
1663928921512	9.454042	-2.306681	1.724926
1663928921517	9.2793665	-2.3772693	1.4377873
1663928921547	9.059227	-2.801098	0.9445667
1663928921552	9.002696	-3.2775688	0.9206385
1663928921556	8.933304	-3.4869409	1.3241283
1663928921616	9.036494	-3.470191	1.3899308
1663928921621	9.260223	-3.19382	1.1503495
1663928921627	9.160921	-2.9315069	0.86560357
1663928921633	8.981161	-2.8812575	0.7304091
1663928921799	8.936893	-2.926721	0.8644072
1663928921805	8.987143	-2.9506495	1.1479566
1663928921810	8.818449	-2.888436	0.93738824
1663928921814	9.15494	-2.579762	0.72323066
1663928921819	9.4636135	-2.5833511	0.933799
1663928921825	9.731909	-2.9183464	0.85124665
1663928921830	9.743873	-3.251248	1.1347961
1663928921841	9.841979	-3.2392836	1.7321045
1663928921848	9.718748	-2.7149563	1.07019
1663928921858	9.593125	-2.1415763	0.10917253
1663928922006	9.518648	-1.9426728	-0.5709873
1663928922016	9.676874	-2.1260228	-0.62961143
1663928922024	9.660124	-2.3581266	0.02751746
1663928922034	9.54497	-2.3377876	1.1937194
1663928922041	9.41815	-2.0518453	1.8460627
1663928922050	9.188439	-2.1655045	1.631606
1663928922058	9.212367	-2.5040889	1.0654043
1663928922064	9.38465	-3.0391839	1.5107684
1663928922077	9.871889	-3.5706897	1.9728823
1663928922085	9.99153	-3.382853	2.1798615
1663928922093	9.938888	-2.4945176	2.5701907
1663928922101	10.280165	-1.9570298	1.6698911
1663928922169	10.895419	-2.1487548	0.21924238
1663928922180	11.12154	-2.0267208	-0.99930257
1663928922190	10.981561	-1.3597214	-1.0785648
1663928922200	9.844372	-1.7751753	-0.35294133
1663928922210	9.519845	-2.5387847	1.1096715
1663928922221	9.621839	-2.8022945	2.2983062
1663928922230	9.595518	-2.6288147	1.8939191
1663928922240	9.52822	-2.6599214	0.91346
1663928922249	9.141779	-3.0487552	-0.49920264
1663928922297	8.613862	-3.4689946	-1.5846468
1663928922306	8.459227	-3.7480576	-1.7871394
1663928922316	8.770593	-3.702594	-1.2544373
1663928922324	9.406186	-3.49053	-0.4127619
1663928922392	9.58804	-3.5001013	0.23718855
1663928922404	9.366704	-3.9430726	1.096511
1663928922414	9.049655	-4.2385864	1.6770695
1663928922425	8.787342	-4.3561335	2.032703
1663928922446	8.605488	-3.9131622	3.0478578
1663928922452	8.901001	-2.2660031	2.7317061
1663928922552	9.083155	-1.0019945	-0.8748758
1663928922562	9.134601	-1.4267205	0.51116675
1663928922569	8.744271	-2.428715	1.7440686
1663928922579	8.022536	-3.789932	-0.41635114
1663928922589	8.036893	-4.321438	-0.29312077
1663928922596	8.016554	-4.226622	2.152344
1663928922601	8.5779705	-3.6424742	2.9724839
1663928922611	9.077172	-3.016452	2.4565315
1663928922618	9.077172	-2.7029922	2.2995026
1663928922625	8.883055	-2.675475	2.3428724
1663928922632	8.7215395	-2.827419	2.1224337
1663928922802	8.623434	-3.051148	2.115255
1663928922811	8.562417	-3.0188448	2.7125635
1663928922819	8.709576	-3.0499516	3.5434713
1663928922826	8.95484	-2.8178477	3.7875392
1663928922834	9.343972	-2.510071	3.8473597
1663928922843	9.273384	-2.0757737	3.5554354
1663928922849	9.131011	-1.454537	3.4680972
1663928922857	9.012267	-1.1922239	2.7329025
1663928922862	9.281759	-1.3692927	2.591726
1663928922869	9.596714	-2.0961127	3.5434713
1663928923018	9.712767	-2.778366	3.5877385
1663928923028	9.650553	-3.2787652	2.6682963
1663928923038	9.740284	-3.6723845	1.8951155
1663928923047	9.946067	-4.703093	2.3273191
1663928923054	9.573684	-4.6492543	2.6431718
1663928923058	9.147761	-3.3230324	2.9736803
1663928923062	9.554541	-1.611267	3.0873394
1663928923067	9.427721	-0.44536412	2.5115664
1663928923071	9.178867	-0.68464637	1.5107684
1663928923078	8.975179	-2.050649	1.835295
1663928923083	9.103494	-2.8345976	2.4242284
1663928923091	9.01466	-3.024827	2.036292
1663928923219	9.348758	-2.9985058	1.5717853
1663928923227	9.322437	-3.0272198	0.93738824
1663928923236	9.55813	-3.1109686	0.9170493
1663928923245	9.795319	-3.0906296	1.1120644
1663928923253	9.2997055	-2.8980074	1.1766706
1663928923261	8.684451	-2.6084757	1.0522437
1663928923270	8.582756	-2.329413	1.6304095
1663928923279	8.847162	-2.1451654	2.0219352
1663928923290	8.960822	-2.0985055	1.8388842
1663928923299	8.860323	-2.239682	1.4760724
1663928923309	8.770593	-2.251646	1.1491531
1663928923318	9.639785	-1.8888344	1.1515459
1663928923327	10.556536	-1.372882	0.69930243
1663928923391	10.757832	-1.0881361	0.1689931
1663928923402	9.843175	-1.8696918	0.2754737
1663928923412	9.025428	-2.9219356	1.2104691
1663928923422	8.647362	-3.2656047	1.5490535
1663928923429	8.616255	-3.2368908	1.6208383
1663928923442	9.29133	-2.4418755	1.6184454
1663928923503	10.0011015	-1.5131612	1.2918252
1663928923512	10.246665	-1.1359925	0.78065836
1663928923522	10.135099	-1.4653047	0.907478
1663928923529	9.524631	-2.2995026	1.434198
1663928923551	9.296116	-2.8381867	1.3384851
1663928923561	9.156136	-3.2273195	1.1431711
1663928923569	8.947661	-3.3326037	1.2092727
1663928923618	9.236296	-3.3242288	1.2260225
1663928923627	9.436096	-3.2596226	1.4030914
1663928923636	9.504292	-2.9877381	1.7344973
1663928923644	9.6015	-2.6024938	1.7778672
1663928923802	9.806087	-2.5148566	1.657927
1663928923811	9.886246	-2.321038	1.5981064
1663928923821	9.984351	-2.065006	1.7440686
1663928923829	10.044172	-2.024328	1.8520447
1663928923839	10.680962	-2.1655045	1.3983058
1663928923849	10.40818	-2.1966112	0.65024954
1663928923858	9.705587	-1.8254246	-0.30388847
1663928923866	9.486345	-2.2444677	0.5721837
1663928923876	9.900602	-3.1277182	1.428216
1663928923883	9.779765	-3.6831522	1.7838492
1663928924017	9.4229355	-4.0328035	2.0518453
1663928924028	9.225528	-3.8736808	1.5406786
1663928924036	9.075976	-3.10379	0.43100718
1663928924046	9.12144	-2.2660031	-0.41874397
1663928924058	9.316455	-1.8984057	-0.42592242
1663928924068	9.365508	-2.0685952	0.040677983
1663928924079	9.113065	-2.329413	0.28863424
1663928924085	8.916554	-2.8549366	0.5027919
1663928924090	9.399008	-3.3385859	0.4645067
1663928924095	9.78814	-3.498905	0.2204388
1663928924099	10.14826	-3.5383866	-0.31106696
1663928924101	10.1904335	-3.6424742	-0.8533404
1663928924220	9.175279	-3.7839499	-1.4530416
1663928924232	8.476275	-3.7133617	-1.439881
1663928924243	8.356335	-3.4510484	-0.8808578
1663928924253	8.495418	-3.0822546	-0.55782676
1663928924262	8.920144	-2.8046873	-0.55423754
1663928924272	9.189635	-2.8046873	-0.2213361
1663928924282	9.366704	-2.5698915	0.9170493
1663928924293	9.27817	-2.1044874	2.070988
1663928924305	8.720343	-1.7500507	2.4972095
1663928924316	8.652147	-1.8828523	2.082952
1663928924324	9.089137	-2.4059832	1.9262222
1663928924334	9.684052	-2.7735806	2.9724839
1663928924342	9.949656	-2.3688943	0.7220342
1663928924390	10.035797	-2.213361	-0.03589234
1663928924400	9.603892	-2.3892334	2.7520452
1663928924410	9.036494	-3.3864422	1.9405792
1663928924420	8.749057	-4.240979	-0.05742774
1663928924429	8.468798	-4.2759743	0.39750767
1663928924444	8.515757	-3.708576	1.8999012
1663928924450	8.684451	-2.82383	2.638386
1663928924452	8.664112	-2.4418755	2.2348964
1663928924552	8.369495	-2.4251258	1.8903298
1663928924562	8.448459	-2.6371896	2.3078775
1663928924571	8.722735	-2.6096723	2.716153
1663928924580	9.023035	-2.693421	3.2500513
1663928924618	8.989535	-3.222534	3.382853
1663928924629	8.478668	-3.5443685	2.9162526
1663928924638	8.576774	-2.798705	3.0442686
1663928924647	8.62822	-1.8804595	3.4764721
1663928924655	9.175279	-1.2077773	3.4537404
1663928924802	10.023833	-1.1264212	2.7652056
1663928924812	10.402198	-1.9941186	2.3177478
1663928924822	10.032208	-3.118147	2.105684
1663928924833	9.554541	-3.4199417	2.012364
1663928924844	9.337991	-3.141178	2.3368905
1663928924853	9.343972	-2.7855446	3.2715867
1663928924864	9.567701	-2.5411777	3.5961134
1663928924877	9.709177	-3.502494	2.768795
1663928924885	8.774181	-4.4913282	0.69212395
1663928924894	8.121839	-4.2338004	1.468894
1663928925018	8.56481	-3.2201412	3.3984063
1663928925031	8.872287	-2.0084755	3.4824543
1663928925042	9.577272	-1.4219348	2.691028
1663928925056	10.108778	-2.0614166	2.1595225
1663928925066	10.339985	-2.9111679	1.279861
1663928925075	10.270593	-2.5698915	0.91585284
1663928925084	9.725926	-2.0578275	1.4760724
1663928925093	9.5557375	-2.1774685	1.7225332
1663928925102	9.372686	-2.536392	1.3827524
1663928925114	9.19801	-2.579762	0.66101724
1663928925123	8.607881	-2.5148566	1.212862
1663928925133	8.252247	-2.7771697	1.8293129
1663928925217	8.328817	-3.12054	1.855634
1663928925231	8.524132	-3.3517463	1.6148561
1663928925239	8.856734	-3.1986058	1.7946169
1663928925248	9.5665045	-2.5088747	1.6148561
1663928925256	10.120743	-1.6782659	1.0689936
1663928925265	9.9293165	-1.1802598	0.6646065
1663928925275	9.462418	-1.244866	-0.106480606
1663928925284	8.95484	-2.0434706	-0.602094
1663928925293	8.946465	-3.118147	0.30897322
1663928925300	9.037691	-3.9275193	1.4808581
1663928925311	9.609875	-3.8964126	2.5761726
1663928925322	10.213165	-2.7831519	1.9322042
1663928925331	10.621141	-1.8852451	1.1599208
1663928925420	10.493126	-1.3968102	0.67776704
1663928925429	9.856336	-1.2412767	0.44656053
1663928925442	9.031709	-1.8421743	0.718445
1663928925447	8.64138	-2.670689	1.6280167
1663928925451	8.720343	-3.0607193	2.451746
1663928925456	9.002696	-3.0595229	2.5115664
1663928925552	9.449257	-2.8058836	1.7790636
1663928925564	9.812068	-2.5351956	1.0187442
1663928925575	9.967602	-2.4131618	0.9661021
1663928925585	9.989138	-2.6240292	1.1754742
1663928925594	9.579665	-2.935096	1.2367902
1663928925602	9.193225	-3.173481	1.1850454
1663928925611	9.241081	-3.202195	1.2439687
1663928925617	9.488738	-2.7711878	1.6734804
1663928925623	9.968799	-2.143969	1.5658033
1663928925628	10.922936	-1.887638	0.82013994
1663928925631	10.684551	-2.0315065	-0.24646074
1663928925673	9.81805	-1.4159528	-0.84137625
1663928925801	9.288938	-1.1359925	-0.3505485
1663928925814	9.470792	-1.9354944	0.25872394
1663928925824	9.634999	-2.7364917	0.9194421
1663928925834	9.390633	-3.3326037	1.7862421
1663928925845	9.069994	-3.7707894	1.4557334
1663928925855	9.122637	-3.5084763	0.52193445
1663928925863	9.265009	-2.9362924	-0.013160525
1663928925872	9.500702	-2.8776684	-0.031106694
1663928925884	9.797711	-3.0463624	0.075673014
1663928925891	10.132707	-2.9506495	0.64905316
1663928925900	10.453644	-2.5905297	0.7615158
1663928926018	10.442876	-2.1367905	0.10079765
1663928926029	10.056136	-1.6746768	-0.6547361
1663928926038	9.518648	-1.4724833	-0.84137625
1663928926045	8.886644	-2.091327	-0.8006983
1663928926056	8.479864	-3.0284162	-1.1383854
1663928926065	8.545667	-3.4977086	-1.0435698
1663928926074	9.157332	-3.1265218	0.10917253
1663928926085	9.772587	-2.4478576	1.2810575
1663928926096	9.904192	-2.193022	0.5733801
1663928926106	9.236296	-2.3856442	-0.62841505
1663928926170	8.504989	-2.4538395	-0.7851449
1663928926180	8.473883	-2.219343	0.03589234
1663928926188	9.042477	-2.0183458	0.7148558
1663928926195	9.328419	-1.852942	0.92303133
1663928926202	9.529416	-2.0291135	0.80817586
1663928926209	9.739087	-2.3928227	1.102493
1663928926215	9.663713	-2.5112674	1.7344973
1663928926221	9.26142	-2.6694927	2.1391835
1663928926250	9.1872425	-2.902793	1.9932213
1663928926261	9.093923	-3.0810583	1.7670995
1663928926298	9.413364	-2.9279177	0.9876375
1663928926309	9.752248	-2.5869403	0.779462
1663928926320	9.470792	-2.888436	2.4266212
1663928926392	9.233903	-3.2596226	1.9728823
1663928926405	8.902198	-3.3984063	0.6152545
1663928926415	8.700004	-3.5814574	1.3875381
1663928926426	8.279764	-3.9681973	2.0458634
1663928926441	7.82124	-4.301099	2.210968
1663928926448	7.790133	-4.328616	2.335694
1663928926452	7.786544	-3.9622152	2.053042
1663928926456	7.993822	-3.1049864	2.0075781
1663928926555	8.662915	-2.0985055	2.2564318
1663928926566	9.61825	-1.3944174	2.2277179
1663928926575	9.900602	-1.0271192	2.2277179
1663928926585	9.341579	-1.3034902	2.8118658
1663928926596	9.455238	-2.0183458	3.5183465
1663928926617	9.312865	-2.7209384	3.6786656
1663928926628	9.073584	-3.1986058	4.066602
1663928926636	9.116654	-3.3314073	4.3118663
1663928926648	9.302098	-3.1555347	3.9167516
1663928926663	9.402596	-2.821437	3.993322
1663928926675	9.05803	-2.4598217	3.3409786
1663928926800	9.433703	-2.693421	2.1954148
1663928926809	9.709177	-3.938287	0.9409775
1663928926816	9.158528	-4.319045	0.7962117
1663928926823	9.640982	-3.3206396	4.2161536
1663928926832	10.251451	-1.8684953	5.3736815
1663928926839	10.335199	-1.4470595	2.8692935
1663928926851	9.6122675	-2.3509483	0.67058855
1663928926894	9.254242	-2.9099715	1.1192428
1663928926905	9.079565	-3.0343983	1.4605191
1663928927020	9.332008	-2.7963123	1.6734804
1663928927034	9.697213	-2.5627131	2.0805593
1663928927043	9.565309	-2.3988047	1.7814565
1663928927053	9.156136	-2.2707887	1.3073785
1663928927063	8.68804	-2.1451654	1.3073785
1663928927074	8.265408	-2.0518453	0.9206385
1663928927083	8.079964	-2.0338993	0.43818563
1663928927091	7.990233	-2.1798615	0.4728816
1663928927097	8.228319	-2.3485553	0.9828519
1663928927105	9.101101	-2.260021	1.2008978
1663928927112	10.156934	-1.7117655	0.42382872
1663928927218	11.049756	-1.1156535	0.2204388
1663928927230	10.649856	-1.5011971	0.5709873
1663928927237	9.766604	-2.6659036	0.7004988
1663928927242	9.03141	-4.212265	1.2487543
1663928927247	8.660522	-4.99412	1.5538392
1663928927251	9.013464	-4.191926	1.1084751
1663928927254	9.676874	-2.6084757	0.28983065
1663928927256	10.123136	-1.489233	-0.0741775
1663928927290	9.912567	-1.1072787	0.29102704
1663928927299	9.662517	-1.5729818	1.2978072
1663928927310	9.092726	-2.428715	1.7488543
1663928927320	8.996714	-3.0032916	2.4828527
1663928927392	9.318848	-2.8381867	2.6252255
1663928927404	9.675677	-2.4598217	2.2588246
1663928927412	9.973584	-2.2636101	1.5669997
1663928927420	9.910174	-2.5965116	0.5554339
1663928927430	9.930513	-3.2476585	0.20488544
1663928927447	10.281361	-3.4331024	0.72442704
1663928927492	10.0932255	-3.2584262	1.1228321
1663928927503	9.596714	-2.481357	1.035494
1663928927514	9.571291	-2.143969	1.6447664
1663928927524	10.075279	-2.2169502	2.053042
1663928927551	10.290932	-2.099702	1.5179468
1663928927560	10.119546	-1.974976	0.79860455
1663928927571	9.737891	-2.0542383	0.25034907
1663928927616	9.38824	-2.4346972	0.58893347
1663928927628	9.27817	-3.35055	1.0869397
1663928927641	9.59163	-3.7396827	1.1778669
1663928927654	10.155738	-3.2333016	1.1730813
1663928927703	10.31486	-2.4741786	0.22642085
1663928927714	9.839586	-2.2217357	-0.28235307
1663928927802	9.274581	-2.3150558	-0.14356937
1663928927813	8.34796	-2.9195428	-0.38524446
1663928927824	7.9037924	-3.7277186	-0.84137625
1663928927835	8.215158	-4.095017	-0.90358967
1663928927845	8.716754	-3.958626	-0.48095736
1663928927856	8.873484	-3.8330028	-0.14955142
1663928927864	8.750254	-3.7396827	0.3364907
1663928927873	8.566006	-3.618546	1.1395818
1663928927894	8.705986	-3.3661032	1.2451651
1663928927899	9.138189	-2.914757	0.49800622
1663928927903	9.716355	-2.1511476	1.0295119
1663928927947	10.277771	-1.0079765	2.6479573
1663928927958	10.155738	-0.0741775	1.50359
1663928927969	9.923335	-0.56380886	0.7579266
1663928928019	9.361918	-2.2121646	1.3217354
1663928928030	8.64138	-3.9191444	0.51236314
1663928928041	8.512167	-4.5858445	0.14386846
1663928928051	8.926126	-4.7892346	0.55782676
1663928928061	8.355139	-4.961817	1.730908
1663928928068	7.945966	-4.5332026	2.626422
1663928928088	8.001	-3.2715867	2.4948168
1663928928097	8.358727	-2.329413	2.0985055
1663928928219	8.560024	-2.0638096	1.835295
1663928928230	8.886644	-2.1667008	1.6627127
1663928928239	9.084352	-2.568695	2.1164517
1663928928248	8.95484	-2.9853454	2.780759
1663928928259	8.959625	-2.9829526	3.5243287
1663928928270	9.000303	-2.7508488	3.7540395
1663928928290	8.545667	-2.3928227	3.1280174
1663928928299	8.709576	-1.5131612	2.4326034
1663928928309	9.863514	-0.64995044	3.0275187
1663928928319	10.396216	-0.9026923	4.787141
1663928928392	10.241879	-2.4837499	4.0390844
1663928928403	9.862318	-4.132106	2.1475582
1663928928415	9.629018	-4.06391	1.2152548
1663928928425	9.239884	-2.8345976	3.0753753
1663928928442	8.825627	-1.9007984	4.074977
1663928928447	8.713164	-1.8230318	1.2571292
1663928928451	9.460024	-2.8369904	0.20368902
1663928928493	9.235099	-4.2182474	0.6969096
1663928928506	9.052048	-4.6432724	3.5171502
1663928928516	9.328419	-3.3804603	4.787141
1663928928525	9.825229	-2.1631117	2.8513472
1663928928550	10.010673	-2.243271	0.8979067
1663928928560	9.89821	-2.4837499	0.79501534
1663928928621	9.838389	-2.359323	1.8735801
1663928928633	9.609875	-1.9163518	2.1942184
1663928928644	9.633803	-2.053042	1.637588
1663928928654	9.658928	-2.5399811	1.2427722
1663928928693	9.317652	-2.7364917	0.85124665
1663928928705	8.839984	-2.7999015	1.0390832
1663928928714	8.587542	-2.6371896	1.2092727
1663928928803	8.800503	-2.0072792	1.3887345
1663928928815	8.89143	-1.6064813	1.2762718
1663928928826	8.487042	-1.7967107	1.1252248
1663928928836	8.405388	-2.4514468	1.3229318
1663928928848	8.746664	-3.0056844	0.99601245
1663928928858	9.29492	-3.283551	0.9445667
1663928928870	9.47797	-2.955435	0.7746763
1663928928881	9.249456	-2.3784657	-0.04546363
1663928928909	9.42174	-2.1858435	-0.38644084
1663928928917	9.857532	-2.4837499	0.07806584
1663928928926	9.99153	-2.7173493	0.3149553
1663928928936	10.022636	-2.8046873	0.7196414
1663928928945	9.880263	-2.577369	0.8991031
1663928928958	9.833604	-2.1475582	0.67776704
1663928929019	9.879067	-1.8756739	0.5482555
1663928929030	10.102797	-1.556232	0.32093734
1663928929042	10.572088	-1.2580265	0.20129621
1663928929052	10.192826	-1.5490535	0.2742773
1663928929059	9.432507	-2.0338993	0.35084763
1663928929069	8.719147	-2.6718855	1.1949158
1663928929128	8.587542	-3.6412778	2.0793629
1663928929141	8.978767	-3.557529	1.8376877
1663928929216	9.476774	-3.0726833	1.8245273
1663928929222	9.91137	-2.4442682	1.4928222
1663928929233	9.989138	-2.271985	0.9445667
1663928929243	9.67807	-2.3688943	0.73399836
1663928929250	9.760623	-2.2241287	1.3313067
1663928929258	10.263414	-2.4849463	1.3253247
1663928929269	11.059327	-2.8262227	0.18813568
1663928929278	10.300504	-2.4478576	-1.1730813
1663928929297	9.6015	-1.3776677	-0.5315057
1663928929307	9.247063	-1.5669997	0.62123656
1663928929417	9.382257	-2.288735	0.738784
1663928929427	9.626625	-2.7771697	0.7363912
1663928929442	9.669696	-3.3003006	1.1587243
1663928929450	9.41815	-3.618546	0.9840483
1663928929455	9.131011	-3.4007993	0.54346985
1663928929462	8.8447695	-2.9303105	-0.10887343
1663928929468	8.727522	-2.6252255	-0.8389834
1663928929531	8.878269	-2.6443682	-1.1886346
1663928929544	9.226724	-3.2285159	-1.6097715
1663928929556	9.547362	-3.5850465	-1.2053844
1663928929564	9.486345	-3.399603	0.010767702
1663928929571	9.675677	-3.1710882	0.8919246
1663928929578	10.0417795	-2.6742785	1.4676976
1663928929612	10.013065	-2.251646	1.448555
1663928929624	9.427721	-2.3198416	0.6646065
1663928929635	9.049655	-2.5328028	0.16540386
1663928929645	8.896215	-2.632404	1.0103694
1663928929734	8.92493	-2.556731	2.1224337
1663928929742	9.072387	-2.5387847	2.2636101
1663928929747	8.696415	-3.1229327	1.6016957
1663928929754	8.694022	-3.5240295	1.3959129
1663928929802	9.158528	-2.9793632	1.7611175
1663928929814	9.174082	-2.9410782	1.0307083
1663928929826	8.720343	-3.712165	0.7423732
1663928929833	8.807681	-3.807878	1.0247263
1663928929843	8.916554	-3.4666018	1.6830516
1663928929851	9.008678	-3.4737802	1.9405792
1663928929860	8.956036	-3.4689946	2.0901306
1663928929947	8.648559	-3.2452657	2.5630121
1663928929958	8.231908	-3.100201	2.7209384
1663928929967	7.8463645	-3.2297122	2.239682
1663928929977	7.895417	-3.091826	2.0697916
1663928929988	8.656933	-2.3186452	2.6611178
1663928929999	9.326026	-1.6471593	3.7432718
1663928930020	9.531809	-1.4482559	4.453043
1663928930030	9.391829	-1.5167505	3.1495528
1663928930041	9.0182495	-1.9857436	2.431407
1663928930051	8.711968	-2.5543382	2.4828527
1663928930060	8.780164	-3.1902308	2.80708
1663928930069	9.318848	-3.7396827	2.7795627
1663928930139	9.156136	-3.8318064	2.6838498
1663928930148	9.243474	-3.1229327	3.3852458
1663928930218	9.623035	-2.1918256	5.055137
1663928930229	10.023833	-1.3692927	5.002495
1663928930239	10.129117	-1.4904294	3.7193437
1663928930248	10.217951	-2.7963123	2.044667
1663928930260	8.871091	-4.523631	-0.76241314
1663928930268	8.690433	-4.6145587	0.5566304
1663928930295	8.703593	-3.6436708	3.7133617
1663928930301	8.660522	-1.9414765	4.328616
1663928930307	9.0182495	-1.3310076	3.254837
1663928930314	9.501899	-1.8505492	2.4457638
1663928930330	10.096814	-3.167499	1.8640088
1663928930418	10.105189	-3.8401814	1.6782659
1663928930429	9.843175	-3.4773695	1.8400806
1663928930444	9.606286	-2.673082	1.5550356
1663928930451	9.642178	-1.9701903	1.7285153
1663928930457	9.688838	-1.8206389	1.7659031
1663928930464	9.69482	-1.9642082	1.2690933
1663928930543	9.067601	-2.4251258	0.97926265
1663928930553	8.430512	-3.0667014	1.1264212
1663928930562	8.082356	-3.5048869	1.6351951
1663928930570	7.9710903	-3.6257246	1.5514464
1663928930581	8.06441	-3.5623147	1.3420744
1663928930589	8.381459	-2.975774	0.98524475
1663928930619	9.171689	-2.1092732	0.48006004
1663928930631	9.786943	-1.4533406	-0.015553347
1663928930641	10.045368	-1.3896317	-0.33260235
1663928930651	9.981958	-1.7416757	-0.37447673
1663928930725	9.910174	-2.2875385	0.37597227
1663928930735	9.901799	-2.9590242	1.2320045
1663928930747	9.691231	-3.6436708	1.3504493
1663928930757	9.382257	-3.7480576	0.8500503
1663928930765	9.221938	-3.3278182	-0.27756742
1663928930800	9.096315	-2.6563323	-0.5303093
1663928930809	9.341579	-1.9043877	-0.20817557
1663928930819	9.849157	-1.4303098	0.69212395
1663928930829	9.747462	-1.7285153	1.4365909
1663928930840	9.609875	-2.475375	1.2894323
1663928930848	9.359526	-2.7843482	1.082154
1663928930936	9.275777	-2.6599214	1.3660027
1663928930945	9.436096	-2.5471597	1.198505
1663928930954	9.579665	-2.5399811	0.9194421
1663928930965	9.68166	-2.5543382	0.6765706
1663928931019	9.705587	-2.501696	0.44057846
1663928931026	9.643374	-2.6347969	0.6550352
1663928931035	9.656535	-2.9985058	1.1347961
1663928931042	9.669696	-3.153142	1.657927
1663928931048	9.849157	-2.9398818	2.3165514
1663928931057	10.584053	-2.6862426	2.5127628
1663928931138	10.805688	-2.4335005	1.1012967
1663928931148	10.063314	-1.623231	-1.2711871
1663928931157	9.523434	-1.0139586	-1.913959
1663928931167	9.562916	-1.5957136	-0.25962126
