Timestamp 	 X 	 Y 	 Z 
1662993831120	9.808479	2.6048865	-0.8389834
1662993831124	8.805288	2.178665	-3.0176485
1662993831208	8.682058	2.1451654	-3.598207
1662993831214	8.985947	2.3856442	-2.9817562
1662993831220	9.247063	2.5414767	-2.2755744
1662993831226	9.367901	2.7053852	-1.7727824
1662993831233	9.393025	2.7293134	-1.5140585
1662993831241	9.322437	2.5582266	-1.6674982
1662993831250	9.180064	2.353341	-2.108974
1662993831257	9.050852	2.271985	-2.4119651
1662993831265	9.002696	2.2468605	-2.5172493
1662993831273	9.048459	2.3700907	-2.4622145
1662993831421	9.141779	2.5199413	-2.3748765
1662993831435	9.195618	2.6431718	-2.2636101
1662993831443	9.262616	2.6718855	-2.1221347
1662993831452	9.297313	2.5929224	-1.9618155
1662993831460	9.2997055	2.4936204	-1.9247267
1662993831469	9.305687	2.3688943	-2.0144575
1662993831477	9.29133	2.3186452	-2.161616
1662993831485	9.249456	2.3162522	-2.2947168
1662993831494	9.11785	2.3318057	-2.376073
1662993831504	9.006286	2.408376	-2.4107687
1662993831512	8.995518	2.4852455	-2.3856442
1662993831520	9.12144	2.5331018	-2.312663
1662993831603	9.314062	2.5414767	-2.1942184
1662993831616	9.403793	2.481656	-2.0611176
1662993831624	9.365508	2.3114667	-2.041975
1662993831632	9.257831	2.1212373	-2.1508484
1662993831641	9.220742	2.0494525	-2.3174486
1662993831649	9.134601	2.0422742	-2.495714
1662993831658	8.993125	2.1128623	-2.6452653
1662993831666	8.9057865	2.2552354	-2.6859434
1662993831703	8.926126	2.449054	-2.5926232
1662993831708	9.035298	2.6347969	-2.4562325
1662993831742	9.160921	2.7496524	-2.2815564
1662993831753	9.250652	2.7101707	-2.123331
1662993831763	9.336794	2.5606194	-2.079064
1662993831771	9.348758	2.4095724	-2.1978076
1662993831815	9.285348	2.2755744	-2.4023938
1662993831827	9.23151	2.2097716	-2.5351956
1662993831833	9.171689	2.1702902	-2.4921248
1662993831843	9.09153	2.225325	-2.4849463
1662993831901	9.065208	2.3856442	-2.4885356
1662993831912	9.0341015	2.5342982	-2.475375
1662993831996	8.983554	2.5929224	-2.4933212
1662993832002	8.970393	2.6096723	-2.5411777
1662993832007	9.000303	2.6551359	-2.5818555
1662993832012	9.029017	2.8166513	-2.6021945
1662993832019	9.055637	3.0670004	-2.6979074
1662993832025	9.040084	3.3038898	-2.76042
1662993832032	9.002696	3.5060835	-2.6512475
1662993832041	8.935697	3.5694933	-2.1822543
1662993832051	8.904591	3.502494	-1.5906289
1662993832120	8.769396	3.2297122	-1.2424731
1662993832128	8.767003	2.856133	-1.265205
1662993832220	8.936893	2.670689	-1.5918252
1662993832232	9.007482	2.5486553	-1.907977
1662993832241	8.935697	2.4792633	-1.879263
1662993832249	8.8340025	2.481656	-1.6280167
1662993832258	8.88784	2.4119651	-1.4973087
1662993832267	8.965608	2.2552354	-1.474577
1662993832278	9.360723	2.5235305	-1.704587
1662993832286	9.867104	2.8489544	-2.1484556
1662993832295	10.257433	3.2452657	-3.1839497
1662993832423	10.132707	3.649952	-3.7525442
1662993832437	9.656535	3.8605201	-3.0260234
1662993832446	9.068798	3.9107695	-1.9606191
1662993832453	8.812467	3.6403806	-1.4231312
1662993832464	8.906983	3.313461	-1.4566308
1662993832473	8.79452	3.0610185	-1.8314066
1662993832480	8.381459	2.6515465	-2.626123
1662993832487	8.2558365	2.1487548	-3.2294133
1662993832492	8.5779705	1.8110676	-3.1432717
1662993832498	8.871091	1.657927	-2.8752756
1662993832506	8.942876	1.6040884	-2.7831519
1662993832512	9.1465645	1.7847466	-2.4681966
1662993832519	9.450453	2.105684	-2.0108683
1662993832622	9.669696	2.481656	-1.9606191
1662993832636	9.759426	2.6659036	-2.0694926
1662993832642	9.700802	2.5618157	-2.1723838
1662993832648	9.389436	2.1942184	-2.2372892
1662993832652	9.225528	1.9031913	-2.2384856
1662993832660	9.27817	1.7967107	-2.2420747
1662993832715	9.379865	1.7488543	-2.2121646
1662993832725	9.349955	1.631606	-2.201397
1662993832734	9.157332	1.5059828	-2.2743778
1662993832743	8.973982	1.4880366	-2.079064
1662993832752	8.975179	1.6447664	-1.7691933
1662993832760	9.346365	2.053042	-1.8756739
1662993832820	9.874282	2.3521447	-2.0934207
1662993832831	10.153046	2.3198416	-2.2229323
1662993832841	9.993923	1.9932213	-2.2229323
1662993832847	9.760623	1.6363916	-2.0527427
1662993832903	9.609875	1.1659029	-1.7739788
1662993832914	9.485149	0.71694946	-1.5846468
1662993832996	9.249456	0.33050862	-1.6615162
1662993833008	9.026625	0.17108682	-1.995315
1662993833017	8.995518	0.33170503	-2.2145574
1662993833026	9.114262	0.90508515	-2.6476583
1662993833036	9.446864	1.6184454	-2.7628129
1662993833044	9.810872	2.2875385	-2.605784
1662993833053	9.78814	2.94706	-2.3401806
1662993833060	9.5665045	3.2823544	-1.8098712
1662993833068	9.626625	3.3649068	-1.1862419
1662993833116	9.540184	2.7412775	-1.1312069
1662993833122	9.509077	1.9920249	-1.6998014
1662993833223	9.547362	1.59691	-2.5507488
1662993833237	9.607482	1.4377873	-3.0607193
1662993833244	9.370294	1.4497514	-3.004488
1662993833251	8.86152	1.5418751	-2.5459633
1662993833260	8.467601	1.9573289	-2.1305094
1662993833269	8.502596	2.5953152	-1.7919251
1662993833275	8.82802	3.0825539	-1.5248263
1662993833282	9.309277	3.4307094	-1.3334004
1662993833289	9.692428	3.49053	-1.3944174
1662993833422	9.871889	3.2297122	-1.5714862
1662993833435	9.861121	2.8776684	-1.739283
1662993833443	9.621839	2.5953152	-1.9307088
1662993833449	9.364311	2.440679	-2.3545375
1662993833458	9.212367	2.4960132	-2.7062824
1662993833466	9.099904	2.6682963	-2.7711878
1662993833477	8.825627	2.774777	-2.565106
1662993833494	8.395817	2.9338996	-2.2779672
1662993833505	8.130213	3.0705895	-2.3186452
1662993833515	8.350353	2.9733813	-2.2384856
1662993833523	8.983554	2.914757	-2.0048864
1662993833530	9.627821	2.923132	-2.1005993
1662993833540	9.952048	2.7556343	-2.2815564
1662993833621	9.767801	2.5666013	-2.3940191
1662993833634	9.267402	2.5354948	-2.7026932
1662993833644	9.0436735	2.766402	-2.9315069
1662993833651	8.767003	3.0355947	-2.6201408
1662993833661	8.326425	3.2943187	-1.9558334
1662993833670	7.7685976	3.3349965	-1.5367904
1662993833680	7.7362947	3.5156546	-1.6866409
1662993833709	8.251051	3.3122647	-1.5511472
1662993833717	8.666505	2.9973094	-1.41356
1662993833746	8.947661	2.844169	-1.602593
1662993833755	9.266206	2.8393831	-1.7488543
1662993833761	9.59163	2.7771697	-1.5846468
1662993833766	9.731909	2.7568307	-1.4327025
1662993833821	9.853943	3.0526435	-1.1479566
1662993833836	9.802497	3.3637104	-1.1264212
1662993833846	9.485149	3.3804603	-1.4015958
1662993833852	9.041281	3.144767	-1.7500507
1662993833863	8.698808	2.7496524	-2.2241287
1662993833904	8.377871	2.4972095	-2.8058836
1662993833998	8.552845	2.5953152	-3.2090743
1662993834012	9.12144	3.0753753	-3.2545378
1662993834021	9.445667	3.399603	-2.7412775
1662993834029	9.399008	3.5012977	-2.0084755
1662993834040	9.23151	3.2991042	-1.3992031
1662993834051	9.201599	2.9338996	-1.0594223
1662993834059	9.150154	2.7364917	-1.2939188
1662993834066	9.09153	2.4394827	-1.9845473
1662993834073	9.230313	2.0374885	-2.4909284
1662993834083	9.333204	1.6914265	-2.609373
1662993834089	9.209974	1.3660027	-2.4598217
1662993834189	9.090333	1.2281163	-2.225325
1662993834203	9.273384	1.3429717	-2.0324037
1662993834210	9.577272	1.5430715	-1.8684953
1662993834218	9.858728	1.901995	-1.6926229
1662993834229	9.722338	2.1044874	-1.7069799
1662993834236	9.457631	1.9800607	-1.8649062
1662993834242	9.190832	1.7644076	-1.928316
1662993834247	9.080762	1.6878372	-1.9666011
1662993834254	9.229117	1.8290138	-1.9797616
1662993834405	9.5868435	1.9728823	-2.053939
1662993834413	9.9807625	1.9405792	-2.102992
1662993834420	10.145867	1.6674982	-1.9833509
1662993834431	9.965209	1.4090735	-1.7213368
1662993834439	9.674481	1.3058829	-1.5104693
1662993834445	9.37149	1.1611172	-1.3070793
1662993834449	9.1681	0.86560357	-1.2879368
1662993834454	9.225528	0.63918275	-1.2604194
1662993834461	9.449257	0.61405814	-1.2472588
1662993834467	9.568898	0.7085746	-1.3393825
1662993834501	9.626625	0.9601201	-2.184647
1662993834513	9.94487	1.2125629	-2.6009982
1662993834624	10.1700945	1.3731811	-2.4514468
1662993834639	10.051351	1.5550356	-2.888436
1662993834648	9.740284	1.8553349	-2.5663023
1662993834658	9.186047	2.099702	-1.7883358
1662993834667	8.733503	2.361716	-1.730908
1662993834677	8.763413	2.6694927	-2.076671
1662993834685	9.260223	3.0406795	-2.3629124
1662993834692	9.782158	3.1076784	-2.1771696
1662993834700	9.739087	2.8513472	-1.6962122
1662993834742	9.077172	2.4634109	-1.6555341
1662993834753	8.618649	2.3940191	-1.7632111
1662993834763	8.782557	2.748456	-1.8218354
1662993834772	9.256635	3.2584262	-1.7668004
1662993834780	9.489935	3.6930227	-1.7919251
1662993834821	9.348758	3.9131622	-1.8206389
1662993834829	8.962018	3.9251266	-1.9067806
1662993834835	8.469994	3.9693937	-1.7811574
1662993834844	8.294122	4.1428733	-1.4506488
1662993834854	8.387442	4.206582	-1.4291133
1662993834864	8.272586	3.7241294	-1.8457636
1662993834998	8.423334	3.1399815	-1.9187447
1662993835009	8.783752	2.7496524	-1.5128621
1662993835020	9.06162	2.5725834	-0.9239286
1662993835029	9.249456	2.347359	-0.80907315
1662993835036	9.30808	2.1104696	-1.1431711
1662993835044	9.019445	1.8840487	-1.6842481
1662993835050	8.745467	1.9728823	-1.9917258
1662993835056	8.733503	2.333002	-2.3641088
1662993835062	9.006286	2.5378876	-2.2935205
1662993835070	9.583255	3.0837502	-2.2947168
1662993835106	9.687641	3.6954155	-2.7158537
1662993835188	9.169296	4.193422	-2.882454
1662993835203	8.939286	4.476971	-2.292324
1662993835212	9.097511	4.2281175	-1.3980067
1662993835221	9.35474	3.275176	-0.54705906
1662993835231	9.746265	2.484049	-0.5183452
1662993835241	9.667302	1.98365	-1.4255241
1662993835249	9.3511505	1.3815559	-2.5663023
1662993835257	8.89143	0.64995044	-3.1157541
1662993835267	8.911769	0.3269194	-2.9374888
1662993835426	9.221938	0.53988063	-2.4909284
1662993835442	9.617053	1.2017952	-2.2935205
1662993835453	10.035797	2.044667	-2.0168505
1662993835464	10.155738	2.6168506	-1.730908
1662993835472	10.015458	2.8142586	-1.6447664
1662993835481	9.682856	2.551048	-1.6073786
1662993835490	9.340384	1.9657038	-1.5762719
1662993835500	9.119047	1.4018949	-1.5511472
1662993835514	9.138189	0.89312106	-1.6818552
1662993835527	9.42174	0.43459642	-1.974976
1662993835537	9.81805	0.0526421	-2.0862422
1662993835548	9.981958	-0.17706887	-1.8972093
1662993835557	9.790533	-0.19621146	-2.1532412
1662993835624	9.41815	0.4860421	-2.5256243
1662993835638	9.361918	1.2640085	-2.5531418
1662993835647	9.7247305	2.091327	-3.2844481
1662993835655	10.179666	2.5869403	-3.6699917
1662993835663	10.235897	2.819044	-2.8118658
1662993835677	9.467203	3.1136606	-1.9199411
1662993835707	8.92134	3.5814574	-2.288735
1662993835718	9.002696	3.9981074	-2.603391
1662993835738	9.199206	4.0064826	-2.7122645
1662993835748	9.128618	3.696612	-2.7580273
1662993835757	8.642576	3.4342988	-2.7314072
1662993835766	8.158927	3.0681968	-2.5674987
1662993835823	7.963912	2.8429725	-2.2947168
1662993835836	8.203195	2.9937203	-1.954637
1662993835846	8.56122	3.3613176	-1.7787645
1662993835854	8.686844	3.4797623	-2.088635
1662993835916	8.830413	3.5240295	-2.477768
1662993835926	8.922537	3.6367912	-2.457429
1662993835932	8.845966	3.8377883	-2.32702
1662993835997	8.665308	3.950251	-2.1317058
1662993836005	8.716754	3.8030925	-2.0264218
1662993836016	8.856734	3.4881372	-1.7620147
1662993836021	8.897412	3.2117662	-1.5966109
1662993836027	8.960822	3.0550363	-1.6974086
1662993836033	8.930911	2.821437	-1.8314066
1662993836044	8.738289	2.5283163	-2.1017957
1662993836054	8.597113	2.2779672	-2.3665016
1662993836112	8.646166	2.2348964	-2.4239295
1662993836127	9.009874	2.4502504	-2.5232315
1662993836226	9.415757	2.864508	-2.6368906
1662993836240	9.634999	3.3074791	-2.914757
1662993836248	9.500702	3.789932	-3.132504
1662993836254	9.23151	4.051946	-2.7999015
1662993836268	8.903394	4.020839	-1.9929222
1662993836278	8.607881	3.7660038	-1.2723835
1662993836289	8.685647	3.3936207	-1.0977074
1662993836296	9.227921	3.144767	-1.4925231
1662993836307	9.670892	3.0634112	-2.108974
1662993836317	9.645767	2.7879374	-2.644069
1662993836425	9.370294	2.3341985	-2.896811
1662993836440	8.988339	1.9067806	-2.7903304
1662993836449	8.625827	1.6998014	-2.5746772
1662993836459	8.558827	1.7691933	-2.4299114
1662993836469	8.843574	2.1535404	-2.2241287
1662993836478	9.241081	2.6563323	-1.8613169
1662993836487	9.434899	3.0526435	-1.8445672
1662993836497	9.339187	3.141178	-2.0072792
1662993836509	9.303294	3.0080771	-2.0982063
1662993836517	9.349955	2.8106692	-2.1269202
1662993836527	9.458828	2.6647072	-2.0276182
1662993836539	9.4432745	2.5175486	-2.0036898
1662993836622	9.352347	2.2935205	-2.129313
1662993836631	9.140582	2.0590239	-2.3246272
1662993836642	8.947661	1.9824536	-2.3389843
1662993836656	8.737093	2.1882362	-2.2767708
1662993836667	8.583952	2.524727	-2.2743778
1662993836678	8.634201	2.7065816	-2.2325034
1662993836689	8.88784	2.8202405	-2.129313
1662993836700	9.212367	2.774777	-2.0347965
1662993836711	9.486345	2.5689943	-2.082653
1662993836746	9.743873	2.3377876	-2.1858435
1662993836757	9.754641	2.0805593	-2.1966112
1662993836765	9.606286	1.9549361	-2.3509483
1662993836773	9.304491	1.9788643	-2.5268207
1662993836826	8.991928	2.0051854	-2.548356
1662993836840	8.765806	2.115255	-2.440679
1662993836848	8.647362	2.3341985	-2.37368
1662993836857	8.770593	2.5235305	-2.184647
1662993836908	9.104691	2.6156542	-1.8445672
1662993836915	9.504292	2.5462625	-1.6746768
1662993836927	9.876675	2.4514468	-1.6782659
1662993836933	9.99153	2.2636101	-1.7117655
1662993836963	9.760623	2.0781665	-1.907977
1662993836975	9.367901	1.9788643	-2.231307
1662993836995	9.183653	2.0554347	-2.469393
1662993837005	9.190832	2.1678972	-2.4837499
1662993837015	9.339187	2.42034	-2.210968
1662993837032	9.15135	2.5666013	-1.9630119
1662993837042	8.860323	2.6048865	-1.9857436
1662993837074	8.822038	2.5079772	-1.9821545
1662993837083	8.911769	2.3150558	-2.0228324
1662993837123	8.971589	2.1571295	-2.1675982
1662993837133	9.013464	2.1164517	-2.3557339
1662993837186	9.134601	2.178665	-2.3461626
1662993837198	9.311669	2.2660031	-2.1269202
1662993837222	9.542577	2.3449662	-1.9031913
1662993837233	9.826426	2.43709	-1.7404794
1662993837244	9.952048	2.4646072	-1.5858432
1662993837251	9.670892	2.367698	-1.6387844
1662993837261	9.218349	2.2205393	-1.9187447
1662993837319	8.835198	2.0590239	-2.193022
1662993837330	8.700004	2.0255244	-2.2875385
1662993837424	8.783752	2.2169502	-2.3030918
1662993837436	9.017053	2.4442682	-2.201397
1662993837446	9.314062	2.6144578	-2.068296
1662993837452	9.607482	2.6671	-2.0276182
1662993837461	9.682856	2.6252255	-1.9977078
1662993837473	9.517452	2.3748765	-2.070689
1662993837486	9.364311	2.1619153	-2.1664019
1662993837498	9.269794	2.03031	-2.199004
1662993837507	9.1669035	2.0075781	-2.2851455
1662993837518	9.009874	2.0422742	-2.321038
1662993837530	8.916554	2.1667008	-2.201397
1662993837622	8.944072	2.3174486	-2.068296
1662993837638	9.096315	2.4346972	-1.9677975
1662993837646	9.247063	2.4011974	-1.9163518
1662993837653	9.316455	2.288735	-1.9941186
1662993837663	9.35474	2.2025933	-2.0718853
1662993837675	9.38465	2.1487548	-2.1053848
1662993837683	9.46481	2.1487548	-2.1101704
1662993837709	9.703195	2.219343	-1.974976
1662993837719	9.863514	2.3222344	-1.7979071
1662993837729	9.684052	2.3365912	-1.7847466
1662993837739	9.352347	2.2839491	-1.9187447
1662993837755	9.032906	2.2289143	-2.074278
1662993837766	8.841181	2.2384856	-2.210968
1662993837775	8.841181	2.2695923	-2.2935205
1662993837788	8.9775715	2.3341985	-2.2301106
1662993837822	9.099904	2.3653052	-2.1424735
1662993837836	9.202796	2.3569303	-2.1053848
1662993837896	9.334401	2.312663	-2.0467606
1662993837907	9.433703	2.2025933	-1.9354944
1662993837914	9.48156	2.120041	-1.9175483
1662993837995	9.389436	2.0590239	-1.9941186
1662993838008	9.263813	2.0111675	-2.0958135
1662993838017	9.189635	2.0518453	-2.14367
1662993838025	9.157332	2.1296122	-2.1317058
1662993838034	9.085547	2.2731814	-2.0946171
1662993838044	9.113065	2.4239295	-2.076671
1662993838054	9.233903	2.5055845	-2.030011
1662993838062	9.300901	2.4972095	-1.9606191
1662993838071	9.284152	2.4155545	-1.8960128
1662993838082	9.286545	2.3234308	-1.8804595
1662993838183	9.334401	2.2181466	-1.8888344
1662993838195	9.48156	2.158326	-1.9378872
1662993838204	9.729516	2.1690936	-1.873281
1662993838210	9.64457	2.181058	-1.8613169
1662993838218	9.342776	2.2372892	-1.9929222
1662993838230	9.096315	2.2528424	-2.0958135
1662993838238	8.989535	2.3174486	-2.0778673
1662993838246	8.985947	2.4035904	-2.1101704
1662993838256	9.086744	2.461018	-2.1340988
1662993838297	9.270991	2.4912274	-2.0587249
1662993838307	9.400204	2.4792633	-1.9905293
1662993838420	9.404989	2.4047868	-2.0108683
1662993838429	9.346365	2.3138595	-2.001297
1662993838437	9.296116	2.2408783	-1.954637
1662993838446	9.339187	2.1954148	-1.8912272
1662993838453	9.353543	2.1690936	-1.8828523
1662993838463	9.29133	2.14038	-2.0192432
1662993838471	9.219545	2.1547368	-2.1317058
1662993838478	9.194421	2.1834507	-2.1448665
1662993838490	9.192028	2.2360928	-2.0192432
1662993838496	9.165708	2.3234308	-1.9067806
1662993838522	9.199206	2.4035904	-1.9055841
1662993838620	9.27817	2.4622145	-1.9450657
1662993838630	9.314062	2.4634109	-2.0228324
1662993838638	9.275777	2.4430718	-2.0850458
1662993838645	9.219545	2.376073	-2.0599213
1662993838650	9.268599	2.3353949	-1.9402801
1662993838657	9.419347	2.300699	-1.7787645
1662993838664	9.499506	2.3114667	-1.704587
1662993838698	9.45165	2.3318057	-1.8182461
1662993838715	9.322437	2.3078775	-1.9737796
1662993838733	9.175279	2.2731814	-2.1077776
1662993838741	9.075976	2.2528424	-2.0838494
1662993838751	9.06162	2.2707887	-1.9773688
1662993838763	9.115458	2.3186452	-1.9067806
1662993838774	9.221938	2.3976083	-1.8888344
1662993838786	9.288938	2.4346972	-1.8900307
1662993838818	9.226724	2.400001	-1.9307088
1662993838825	9.218349	2.2875385	-1.9582262
1662993838912	9.209974	2.2073789	-1.9606191
1662993838921	9.475577	2.243271	-1.8804595
1662993838935	9.650553	2.2839491	-1.779961
1662993838944	9.706784	2.292324	-1.7823538
1662993838992	9.61466	2.2671995	-1.8649062
1662993839000	9.355937	2.2564318	-2.030011
1662993839009	9.072387	2.3282163	-2.1388843
1662993839016	8.8854475	2.4478576	-2.161616
1662993839023	8.88784	2.6216364	-2.082653
1662993839030	9.079565	2.7568307	-1.9390837
1662993839037	9.317652	2.7903304	-1.8026928
1662993839071	9.468399	2.6479573	-1.7751753
1662993839080	9.473185	2.3976083	-1.7536399
1662993839145	9.410972	2.1248264	-1.7620147
1662993839152	9.336794	1.9860427	-1.8840487
1662993839220	9.29133	1.901995	-2.076671
1662993839234	9.290133	1.9860427	-2.204986
1662993839243	9.296116	2.1212373	-2.1687946
1662993839249	9.263813	2.2408783	-2.1245275
1662993839256	9.201599	2.329413	-2.0611176
1662993839263	9.201599	2.4107687	-1.9666011
1662993839269	9.196814	2.4442682	-1.9821545
1662993839293	9.201599	2.4756742	-2.0108683
1662993839301	9.212367	2.4756742	-2.0144575
1662993839421	9.26142	2.396412	-1.9737796
1662993839431	9.347562	2.2911277	-1.8960128
1662993839440	9.394221	2.213361	-1.8553349
1662993839446	9.363115	2.1702902	-1.9163518
1662993839452	9.275777	2.201397	-2.013261
1662993839458	9.2793665	2.260021	-2.0635104
1662993839463	9.383454	2.3114667	-1.9773688
1662993839469	9.412168	2.367698	-1.8565313
1662993839500	9.383454	2.4107687	-1.867299
1662993839507	9.29492	2.3904297	-1.9618155
1662993839525	9.221938	2.32702	-1.9929222
1662993839536	9.200403	2.2624137	-1.9977078
1662993839545	9.171689	2.225325	-2.0036898
1662993839620	9.176475	2.2157538	-2.009672
1662993839629	9.242277	2.248057	-2.015654
1662993839638	9.315259	2.2755744	-1.9737796
1662993839646	9.369097	2.2779672	-1.8912272
1662993839655	9.399008	2.2695923	-1.8194425
1662993839713	9.425328	2.2588246	-1.8002999
1662993839723	9.403793	2.2468605	-1.8505492
1662993839733	9.359526	2.2301106	-1.9067806
1662993839744	9.345169	2.2241287	-1.9007984
1662993839750	9.306884	2.2492533	-1.8888344
1662993839756	9.274581	2.2301106	-1.8433708
1662993839820	9.263813	2.2504497	-1.8206389
1662993839834	9.212367	2.3114667	-1.8517456
1662993839843	9.165708	2.367698	-1.8242282
1662993839849	9.176475	2.4119651	-1.8050855
1662993839906	9.254242	2.449054	-1.7979071
1662993839912	9.323633	2.4335005	-1.7883358
1662993839936	9.348758	2.4059832	-1.7919251
1662993839944	9.408579	2.3569303	-1.7763717
1662993839950	9.393025	2.300699	-1.7871394
1662993839994	9.355937	2.271985	-1.8337995
1662993840005	9.366704	2.2648067	-1.8852451
1662993840015	9.440882	2.2935205	-1.8589242
1662993840023	9.460024	2.3341985	-1.8194425
1662993840035	9.385847	2.3401806	-1.8230318
1662993840044	9.290133	2.3306093	-1.8050855
1662993840071	9.224331	2.3102703	-1.8002999
1662993840079	9.176475	2.3018954	-1.8086748
1662993840148	9.164511	2.2935205	-1.8146569
1662993840159	9.201599	2.2564318	-1.8601205
1662993840223	9.205189	2.2217357	-1.928316
1662993840237	9.135797	2.172683	-2.0048864
1662993840243	9.142975	2.143969	-2.0120647
1662993840249	9.427721	2.1655045	-1.8912272
1662993840254	9.813265	2.2277179	-1.6507485
1662993840260	9.838389	2.2947168	-1.5595222
1662993840283	9.467203	2.3198416	-1.7919251
1662993840353	9.110672	2.382055	-2.0395823
1662993840366	8.904591	2.4526432	-2.0946171
1662993840377	8.812467	2.498406	-2.0994027
1662993840385	8.899805	2.5235305	-1.9893329
1662993840419	9.171689	2.4335005	-1.7213368
1662993840427	9.517452	2.2707887	-1.541576
1662993840436	9.672089	2.143969	-1.6339988
1662993840445	9.661321	2.0985055	-1.7871394
1662993840452	9.54138	2.0901306	-1.89362
1662993840460	9.409775	2.1343977	-1.9606191
1662993840493	9.254242	2.1260228	-1.974976
1662993840504	9.139386	2.1870399	-2.0336
1662993840523	9.098708	2.2636101	-1.9893329
1662993840535	9.2075815	2.3653052	-1.8828523
1662993840543	9.303294	2.4047868	-1.7584256
1662993840620	9.326026	2.4035904	-1.7404794
1662993840632	9.268599	2.3569303	-1.8146569
1662993840641	9.236296	2.3150558	-1.9462621
1662993840650	9.211171	2.260021	-2.0718853
1662993840660	9.249456	2.181058	-2.1101704
1662993840698	9.335598	2.1571295	-2.0491536
1662993840706	9.454042	2.2217357	-1.9127626
1662993840713	9.470792	2.306681	-1.8302102
1662993840719	9.379865	2.341377	-1.8589242
1662993840734	9.256635	2.32702	-1.9223338
1662993840739	9.174082	2.3018954	-1.9522442
1662993840822	9.1681	2.2576282	-1.9654047
1662993840837	9.227921	2.2504497	-1.9869401
1662993840845	9.302098	2.2636101	-1.9618155
1662993840854	9.337991	2.2707887	-1.9761724
1662993840896	9.336794	2.2648067	-1.9642082
1662993840902	9.323633	2.2504497	-1.928316
1662993840938	9.266206	2.2612174	-1.9773688
1662993840947	9.195618	2.2588246	-2.1077776
1662993840954	9.186047	2.2360928	-2.108974
1662993840965	9.274581	2.2755744	-2.041975
1662993840995	9.336794	2.2851455	-2.0048864
1662993841005	9.343972	2.3030918	-2.0072792
1662993841014	9.316455	2.288735	-2.0347965
1662993841023	9.29133	2.3246272	-2.0072792
1662993841030	9.256635	2.333002	-1.9857436
1662993841108	9.189635	2.3174486	-1.9725832
1662993841120	9.103494	2.3234308	-2.1137598
1662993841146	9.08794	2.3653052	-2.1954148
1662993841156	9.182457	2.4059832	-2.1966112
1662993841165	9.311669	2.4035904	-2.123331
1662993841174	9.353543	2.37368	-2.05035
1662993841218	9.314062	2.3437698	-2.0072792
1662993841222	9.366704	2.353341	-1.9402801
1662993841227	9.394221	2.3425734	-1.9462621
1662993841232	9.379865	2.3353949	-2.1269202
1662993841242	9.332008	2.2731814	-2.2636101
1662993841293	9.284152	2.1882362	-2.2528424
1662993841300	9.174082	2.1224337	-2.161616
1662993841349	9.06162	2.1906292	-2.1906292
1662993841355	9.024232	2.376073	-2.184647
1662993841425	9.05803	2.4622145	-2.0958135
1662993841439	9.171689	2.5079772	-2.0718853
1662993841448	9.302098	2.5438695	-2.030011
1662993841458	9.397811	2.5151558	-2.0647068
1662993841470	9.4432745	2.42034	-2.1592233
1662993841481	9.3308115	2.3018954	-2.3018954
1662993841492	9.175279	2.2959132	-2.4729822
1662993841502	9.046066	2.3641088	-2.5208387
1662993841566	9.036494	2.3940191	-2.4251258
1662993841574	9.140582	2.4346972	-2.260021
1662993841582	9.318848	2.4705894	-2.0240288
1662993841620	9.475577	2.490031	-1.8780667
1662993841634	9.509077	2.3988047	-1.867299
1662993841643	9.396614	2.2564318	-1.9845473
1662993841653	9.192028	2.0841484	-2.1978076
1662993841661	9.024232	2.012364	-2.4323041
1662993841712	8.948857	2.0422742	-2.5423741
1662993841723	8.985947	2.1571295	-2.5268207
1662993841737	9.127422	2.3449662	-2.4179473
1662993841747	9.2997055	2.5115664	-2.2456641
1662993841756	9.427721	2.5905297	-2.0670996
1662993841764	9.42174	2.5941188	-1.9558334
1662993841822	9.3308115	2.4562325	-1.9773688
1662993841832	9.195618	2.361716	-2.074278
1662993841839	9.084352	2.231307	-2.2504497
1662993841844	9.026625	2.184647	-2.4382863
1662993841903	9.089137	2.2420747	-2.4095724
1662993841911	9.192028	2.2983062	-2.2671995
1662993841968	9.352347	2.3952155	-2.111367
1662993841980	9.430114	2.4960132	-2.0168505
1662993841987	9.395418	2.530709	-2.0527427
1662993841993	9.29133	2.490031	-2.137688
1662993841999	9.192028	2.4598217	-2.2025933
1662993842004	9.096315	2.376073	-2.2325034
1662993842010	9.0544405	2.3318057	-2.2492533
1662993842023	9.093923	2.3449662	-2.2624137
1662993842030	9.212367	2.4011974	-2.2420747
1662993842101	9.296116	2.4646072	-2.1281166
1662993842110	9.385847	2.498406	-2.0036898
1662993842140	9.352347	2.5091736	-1.9701903
1662993842148	9.243474	2.4538395	-2.0120647
1662993842154	9.083155	2.4047868	-2.0778673
1662993842161	8.917751	2.3665016	-2.1245275
1662993842184	8.873484	2.3916261	-2.129313
1662993842192	8.950054	2.4586253	-2.0563319
1662993842222	9.144172	2.5809584	-2.0180469
1662993842233	9.370294	2.6970103	-1.9378872
1662993842243	9.4432745	2.740081	-1.899602
1662993842296	9.397811	2.693421	-2.0108683
1662993842305	9.242277	2.600101	-2.1017957
1662993842354	9.073584	2.5259235	-2.1388843
1662993842366	8.910572	2.4864419	-2.1400807
1662993842378	8.810074	2.524727	-2.1221347
1662993842386	8.917751	2.618047	-2.0192432
1662993842421	9.201599	2.675475	-1.8266209
1662993842433	9.452846	2.6623142	-1.6734804
1662993842442	9.52822	2.6192434	-1.6962122
1662993842450	9.396614	2.5438695	-1.8086748
1662993842501	9.18126	2.3856442	-1.9354944
1662993842508	9.060423	2.2947168	-2.0443678
1662993842518	9.048459	2.2983062	-2.1858435
1662993842567	9.113065	2.3629124	-2.231307
1662993842581	9.171689	2.4526432	-2.091028
1662993842620	9.19801	2.4912274	-1.9247267
1662993842629	9.23151	2.4741786	-1.8230318
1662993842636	9.340384	2.4852455	-1.765604
1662993842641	9.431311	2.449054	-1.7273189
1662993842647	9.476774	2.3389843	-1.6854445
1662993842700	9.445667	2.3018954	-1.7213368
1662993842713	9.500702	2.3198416	-1.6770695
1662993842737	9.509077	2.2289143	-1.4291133
1662993842747	9.562916	2.0925233	-1.0654043
1662993842756	9.661321	2.0805593	-1.0351949
1662993842769	9.752248	2.1044874	-1.5822539
1662993842824	9.792926	1.8924236	-2.0336
1662993842835	9.796515	1.5071791	-2.1870399
1662993842845	9.64457	1.0893325	-2.0862422
1662993842853	9.399008	0.87637126	-2.0515463
1662993842892	9.024232	0.933799	-1.8984057
1662993842906	8.939286	1.2053844	-1.9055841
1662993842969	9.0182495	1.6399808	-1.7991035
1662993842980	9.0182495	2.1248264	-1.3633107
1662993842989	9.3200445	2.2492533	-1.1060823
1662993842999	9.366704	2.0685952	-0.93589276
1662993843007	9.439685	1.8146569	-0.5099703
1662993843014	9.527023	1.4018949	0.116351
1662993843023	9.754641	1.0785648	0.42861435
1662993843032	10.060922	1.0187442	0.37477586
1662993843041	10.198809	1.1096715	-0.38763726
1662993843107	10.435698	1.4258232	-2.388037
1662993843123	10.572088	1.5490535	-3.3457642
1662993843180	10.350753	1.5454643	-1.7620147
1662993843188	9.497113	2.003989	-1.1718849
1662993843196	8.7622175	2.522334	-2.6249263
1662993843206	9.38824	2.929114	-3.0702906
1662993843214	10.780563	3.1986058	-1.7823538
1662993843224	11.052149	3.2488549	-1.1623136
1662993843235	10.300504	2.9398818	-1.5966109
1662993843244	10.217951	3.1663027	-1.8625133
1662993843254	9.900602	3.1567314	-1.4386846
1662993843356	9.067601	2.7556343	-1.1682956
1662993843368	8.341978	2.5462625	-1.5332011
1662993843379	7.6070824	2.4670002	-2.4059832
1662993843389	7.3522468	2.6563323	-3.1229327
1662993843400	7.690831	3.2165518	-3.0236306
1662993843420	8.102695	3.7109687	-2.2085752
1662993843431	8.285747	3.9717865	-1.5702899
1662993843442	8.2761755	3.8676987	-1.2675978
1662993843451	8.218747	3.5443685	-1.1084751
1662993843464	8.176873	3.1088748	-1.1874382
1662993843497	8.178069	2.6694927	-1.4027922
1662993843510	8.338388	2.5833511	-1.372882
1662993843567	9.081959	2.7568307	-0.71336025
1662993843584	9.849157	2.9937203	-0.3684947
1662993843593	9.747462	3.0272198	-0.11485548
1662993843603	9.286545	2.94706	-0.043070808
1662993843627	8.646166	2.8752756	-0.5315057
1662993843637	8.353942	2.8393831	-1.1730813
1662993843646	8.8746805	3.1040893	-1.6073786
1662993843721	10.476376	3.8880377	-2.42034
1662993843734	11.054542	4.796712	-4.7509494
1662993843746	10.286146	4.4602213	-4.1727834
1662993843753	10.440483	3.7827535	-2.1771696
1662993843765	10.483554	3.4749768	-1.2352947
1662993843777	9.735498	3.1316066	-1.2771691
1662993843792	8.978767	2.6814568	-1.9378872
1662993843820	8.542078	2.260021	-2.7448666
1662993843830	8.210373	1.6782659	-3.5431721
1662993843841	8.166105	1.3501502	-3.9610188
1662993843909	8.239086	1.0989038	-3.9083767
1662993843917	8.570791	0.8787641	-2.8334012
1662993843982	8.818449	0.7001997	-1.9247267
1662993843993	8.850752	0.72771716	-1.541576
1662993844002	8.769396	1.0366904	-1.1994023
1662993844012	8.707183	1.2017952	-1.2711871
1662993844024	8.604291	1.0630114	-0.9203394
1662993844033	8.636594	0.9026923	-0.51116675
1662993844042	9.333204	1.3238292	-0.36610186
1662993844053	10.08485	1.3899308	-0.31465617
1662993844066	10.451251	1.4270196	-0.7181459
1662993844079	10.355538	1.5957136	-0.5554339
1662993844087	9.88505	1.7907287	-0.2416751
1662993844182	9.365508	1.9824536	-0.770788
1662993844192	9.798908	2.2612174	-3.0008986
1662993844201	11.133505	2.7149563	-5.101797
1662993844213	12.023036	3.4019957	-3.0116663
1662993844224	11.328819	3.4283166	-0.68464637
1662993844233	11.067702	3.828217	-2.5734808
1662993844245	11.011471	3.4331024	-3.140879
1662993844255	10.290932	2.3904297	-2.111367
1662993844265	9.553345	1.4617156	-2.5088747
1662993844394	8.867501	1.1132607	-2.9709885
1662993844406	8.796913	1.7464614	-3.2186456
1662993844416	8.642576	2.6288147	-3.10379
1662993844426	8.477471	3.6200416	-3.298805
1662993844436	7.929216	4.362116	-3.7226338
1662993844447	7.192825	4.6839504	-3.5946178
1662993844456	6.5129642	4.7715874	-2.9422746
1662993844468	6.242575	4.5092745	-2.4346972
1662993844478	6.3885374	3.9837506	-1.9977078
1662993844487	7.001399	3.3074791	-1.5535401
1662993844510	8.077571	2.7939196	-1.1659029
1662993844521	9.512667	2.5067809	-0.4869394
1662993844533	10.356734	2.231307	-0.50159544
1662993844608	9.996316	1.7488543	-1.4051851
1662993844625	9.229117	1.5490535	-1.9534405
1662993844636	8.948857	1.9609182	-1.9438694
1662993844647	8.530113	2.2576282	-1.244866
1662993844658	8.810074	2.7903304	-0.23928227
1662993844668	8.697611	3.0176485	-0.076570325
1662993844678	8.655737	3.3170505	-0.7540382
1662993844689	9.373882	3.5467613	-0.91435736
1662993844701	11.393425	3.885645	-1.1036894
1662993844745	12.331711	4.401597	-4.383352
1662993844759	11.361122	4.449454	-6.1528444
1662993844769	10.530214	3.641577	-4.121338
1662993844777	10.060922	2.874079	-2.7194428
1662993844787	8.975179	2.367698	-2.1053848
1662993844819	7.943573	2.2384856	-1.9223338
1662993844829	7.953144	2.5414767	-2.3832514
1662993844835	8.604291	2.7209384	-3.3206396
1662993844904	8.869894	2.6228328	-3.6364923
1662993844913	8.482257	2.0470598	-2.9004002
1662993845013	8.182856	1.2807583	-2.2289143
1662993845025	8.094321	0.78753775	-1.6157535
1662993845033	8.16132	0.5027919	-1.2352947
1662993845046	8.44128	0.2970091	-1.2137593
1662993845055	8.716754	0.1268196	-1.0543375
1662993845066	9.229117	0.13160525	-0.84017986
1662993845075	9.425328	0.1794617	-0.7492526
1662993845084	9.460024	0.44895336	-0.7648059
1662993845097	9.719945	1.3334004	-0.47856453
1662993845109	10.00828	2.1882362	-0.2548356
1662993845120	10.088439	2.3748765	-0.3469593
1662993845184	10.546964	2.4095724	0.043070808
1662993845198	10.774581	2.2265215	-0.0059820567
1662993845212	10.855937	1.9178474	-1.1335998
1662993845223	11.335998	1.7428722	-3.9909291
1662993845230	12.139089	1.9477576	-4.2242293
1662993845233	11.885449	2.1499512	-1.6037893
1662993845241	11.468799	2.7245276	-2.013261
1662993845248	11.151451	2.821437	-2.5591238
1662993845254	10.17847	2.2791636	-2.0850458
1662993845395	9.287741	1.8421743	-2.6452653
1662993845409	8.328817	1.8050855	-3.1456645
1662993845419	8.009376	2.4047868	-3.6029928
1662993845428	7.913663	3.5479577	-3.240181
1662993845438	8.0345	4.6432724	-3.2629128
1662993845449	7.9363947	5.1556354	-3.6089747
1662993845459	7.602297	5.3425746	-3.3206396
1662993845468	6.843473	4.8397827	-2.6775684
1662993845477	6.2641106	4.0938206	-2.3150558
1662993845489	5.9994044	3.309872	-2.0024934
1662993845501	6.4675007	2.8489544	-1.4171492
1662993845514	7.550851	2.3485553	-0.16151553
1662993845526	8.869894	1.9716859	0.44177487
1662993845610	9.751051	1.9103698	0.5673981
1662993845625	9.877871	1.474876	0.051445685
1662993845633	9.897014	1.4521443	-0.70977104
1662993845642	9.549755	1.6782659	-1.082154
1662993845655	8.877073	2.0075781	-1.2556337
1662993845666	8.812467	2.565405	-1.3513466
1662993845673	9.617053	3.106482	-1.3800604
1662993845695	12.0385895	3.7600217	-0.27517462
1662993845706	13.199707	4.7042894	-3.6041892
1662993845740	11.416157	5.221438	-6.48425
1662993845756	9.940084	4.290331	-4.5224347
1662993845765	9.687641	3.4019957	-2.4299114
1662993845775	9.116654	2.8956144	-1.6097715
1662993845819	8.647362	2.6084757	-2.2241287
1662993845836	8.720343	2.6024938	-3.80399
1662993845846	9.056833	2.4191437	-4.493721
1662993845858	8.526525	1.582553	-3.7034912
1662993845896	7.993822	0.74207413	-2.8429725
1662993845909	7.9363947	0.2754737	-1.7536399
1662993845916	8.022536	0.28743783	-0.898804
1662993845924	8.196015	0.45254257	-0.535095
1662993845962	8.843574	0.6762715	-0.46660042
1662993845975	9.229117	0.82013994	-0.7193423
1662993845994	9.105886	0.72412795	-0.9669995
1662993846006	8.936893	1.0259227	-0.8234301
1662993846015	8.6090765	1.448555	-0.7372885
1662993846036	8.808877	1.8134605	-0.67387867
1662993846046	9.752248	2.361716	-0.5374878
1662993846122	10.950454	2.5881367	0.019142581
1662993846132	11.288141	2.1367905	0.3173481
1662993846225	11.771491	1.8649062	-1.4207385
1662993846238	12.556935	1.6387844	-4.566702
1662993846246	13.065709	1.4222339	-3.7310088
1662993846255	11.869896	1.3959129	-1.5104693
1662993846268	11.492727	2.9853454	-3.3792639
1662993846277	9.81805	3.1639097	-3.9000018
1662993846285	8.438888	2.6371896	-3.3469608
1662993846292	7.7757764	2.329413	-3.1660035
1662993846303	7.8403826	2.6240292	-3.051148
1662993846396	8.059625	3.3960135	-2.7158537
1662993846408	8.411369	4.76082	-2.041975
1662993846417	8.063214	5.4789658	-2.6153553
1662993846426	7.5472617	5.4753766	-3.6053855
1662993846433	6.843473	4.9259243	-3.671188
1662993846445	6.1238313	4.260421	-3.2353954
1662993846457	6.0364933	3.5838501	-2.7843482
1662993846465	6.856633	3.2500513	-2.0599213
1662993846472	7.9351983	2.699403	-1.2747762
1662993846501	9.170493	2.143969	-0.07776674
1662993846516	10.197612	1.7775681	0.68494546
1662993846531	9.931709	1.4138591	-0.14596218
1662993846539	9.288938	1.50359	-1.3776677
1662993846618	9.260223	2.2636101	-0.9837492
1662993846637	9.164511	2.8956144	-0.54346985
1662993846646	8.52772	3.098107	-0.9729815
1662993846653	8.653344	3.510869	-1.879263
1662993846667	10.43809	3.801896	-1.2783655
1662993846677	13.204493	4.449454	-2.108974
1662993846698	13.050156	5.1795635	-5.4379888
1662993846706	11.113166	4.210171	-4.851448
1662993846748	10.328021	3.1710882	-3.5084763
1662993846764	9.233903	2.172683	-2.8501508
1662993846775	8.170891	1.6292131	-2.181058
1662993846782	7.5400834	1.5000007	-2.5052853
1662993846794	7.707581	1.4760724	-3.1923244
1662993846819	8.167302	1.5191432	-3.1504502
1662993846832	8.211569	1.4018949	-2.213361
1662993846841	8.087142	0.99003035	-1.3824533
1662993846849	8.242676	0.85483587	-0.97537434
1662993846896	8.381459	0.7755736	-0.8557332
1662993846906	8.585149	0.63918275	-1.1551352
1662993846916	9.026625	0.79112697	-1.6447664
1662993846928	9.257831	0.9696914	-1.867299
1662993846994	9.467203	1.1443675	-1.5439688
1662993847002	9.650553	1.5179468	-0.8569296
1662993847010	9.605089	2.003989	-0.57457656
1662993847022	9.5665045	2.321038	-0.485743
1662993847031	9.815658	2.2229323	-0.33140594
1662993847040	10.00469	1.9788643	-0.29790643
1662993847053	10.145867	1.8828523	-0.53629136
1662993847111	10.436894	2.0315065	-0.87248296
1662993847128	10.70489	2.0255244	-3.4941192
1662993847225	11.458032	2.204986	-5.089833
1662993847236	12.105589	2.0434706	-2.0204396
1662993847245	11.556137	2.065006	-1.1766706
1662993847252	11.501102	2.707778	-2.929114
1662993847259	10.914561	2.4251258	-3.0643084
1662993847268	9.995119	1.9067806	-3.0320053
1662993847278	8.867501	1.6615162	-3.286841
1662993847287	7.745866	2.1188445	-3.3589249
1662993847296	7.3292155	3.0586255	-3.4797623
1662993847425	7.312466	3.9071803	-2.9865417
1662993847437	7.559226	4.496114	-3.1660035
1662993847447	7.7123666	4.9378886	-3.2712877
1662993847457	7.676474	5.002495	-2.6416762
1662993847466	7.292127	4.269992	-1.9582262
1662993847477	7.125826	3.5407794	-1.527219
1662993847485	7.3785677	2.8453653	-2.1484556
1662993847493	7.9351983	2.6168506	-1.7907287
1662993847501	8.326425	2.03031	-1.3669
1662993847512	8.697611	1.8541385	-0.77677006
1662993847524	8.78136	1.9716859	-0.30029923
1662993847533	9.11785	2.3892334	-0.28594232
1662993847543	9.419347	2.6228328	-0.39960137
1662993847623	9.676874	2.8381867	-0.70259255
1662993847644	9.495916	2.821437	-1.1264212
1662993847654	9.390633	2.9446673	-1.6591234
1662993847669	9.480363	2.9374888	-2.1137598
1662993847677	10.808081	3.2476585	-1.5451652
1662993847686	11.939288	3.9083767	-3.429513
1662993847692	11.144273	4.636094	-5.7673006
1662993847699	10.34836	4.6672006	-4.776074
1662993847706	10.173684	4.165904	-2.9602208
1662993847713	9.480363	3.6571302	-1.9522442
1662993847745	8.268997	3.205784	-1.7560327
1662993847756	7.5723863	2.6694927	-2.2995026
1662993847775	7.8679	2.2660031	-3.2078779
1662993847824	8.393424	1.7823538	-3.502494
1662993847840	8.482257	1.1048858	-3.2341988
1662993847848	8.395817	0.49441698	-2.6165516
1662993847859	8.17448	-0.14117654	-1.8445672
1662993847911	8.434102	-0.10767702	-1.2125629
1662993847920	8.593523	0.0526421	-1.1443675
1662993847929	9.008678	0.41904306	-1.0785648
1662993847939	9.2997055	0.9086744	-0.88325065
1662993847996	9.263813	1.0749756	-1.1084751
1662993848006	9.401401	1.6184454	-0.6678966
1662993848013	9.589237	2.1272194	-0.43788654
1662993848024	9.832407	2.2157538	-0.54705906
1662993848036	10.231112	2.225325	-0.35174492
1662993848047	10.5015	1.9788643	0.10677971
1662993848098	10.416555	1.6926229	-0.1052842
1662993848114	10.126724	1.8242282	-2.1424735
1662993848125	10.548161	2.5139594	-5.916852
1662993848133	11.940484	2.577369	-5.1029935
1662993848143	12.270694	1.9872392	-0.7600203
1662993848223	11.983555	2.484049	-1.6914265
1662993848237	11.007881	2.748456	-3.2736804
1662993848251	9.846765	2.0685952	-2.4717858
1662993848260	8.957232	2.0135603	-2.388037
1662993848271	7.824829	2.0183458	-1.6399808
1662993848279	7.7087774	2.71376	-2.102992
1662993848287	7.83799	4.1548376	-2.923132
1662993848304	7.4599237	4.7524447	-3.2940195
1662993848314	7.489834	5.602196	-3.6484563
1662993848447	7.4922266	5.9913287	-3.6029928
1662993848463	6.879365	5.3150573	-2.6799614
1662993848473	6.480661	3.909573	-2.3150558
1662993848486	6.428019	2.6252255	-2.3162522
1662993848497	6.623034	1.6890336	-1.9426728
1662993848505	7.487441	1.5430715	-1.0785648
1662993848512	8.953643	1.489233	-0.20937198
1662993848521	10.14826	1.7033906	-0.37088752
1662993848532	10.550553	2.164308	-0.7612167
1662993848542	10.275378	2.5115664	-0.5697909
1662993848555	10.113564	3.3074791	-0.79830545
1662993848650	9.4636135	3.828217	-0.76719874
1662993848664	9.064013	3.769593	-0.38644084
1662993848672	8.867501	3.6308093	-0.4235296
1662993848684	9.202796	3.5886357	-1.2125629
1662993848694	11.1682005	3.5826538	-0.48215377
1662993848704	13.449757	4.0938206	-2.254039
1662993848712	11.711671	3.9406798	-5.246563
1662993848722	9.763016	3.3936207	-4.3414774
1662993848735	9.247063	3.2799616	-3.1971102
1662993848745	8.575577	3.0873394	-2.9889345
1662993848753	8.227122	2.8322048	-3.4211383
1662993848763	7.986644	2.7448666	-4.1057844
1662993848774	7.72792	2.306681	-4.307978
1662993848789	7.767401	1.6866409	-3.498905
1662993848851	8.193623	1.1264212	-2.2815564
1662993848866	8.939286	0.5159524	-0.91555375
1662993848876	9.237492	-0.14237295	-0.12921242
1662993848884	9.281759	-0.46091747	-0.55304116
1662993848895	9.013464	-0.5877371	-1.0375878
1662993848907	8.731111	-0.28115666	-1.2424731
1662993848918	8.640183	0.3149553	-1.3549358
1662993848998	9.205189	1.1335998	-0.87966144
1662993849010	9.749855	2.0195422	0.2551347
1662993849018	9.94846	2.6455646	0.07806584
1662993849027	10.141082	2.740081	-0.33260235
1662993849039	10.368699	2.4035904	-0.19262223
1662993849051	10.791331	2.2169502	-1.4889339
1662993849062	11.2017	2.2971098	-5.055137
1662993849095	12.274282	2.367698	-5.137689
1662993849106	11.73201	2.032703	-1.5308083
1662993849248	10.906186	2.8752756	-2.7385855
1662993849266	10.123136	2.7017958	-2.82383
1662993849280	9.159725	2.105684	-2.4705894
1662993849293	8.581559	2.0075781	-2.8501508
1662993849310	8.333603	2.1008983	-2.7592237
1662993849321	8.5887375	3.2189445	-2.6309085
1662993849332	8.407781	4.415954	-2.7855446
1662993849346	7.9998045	5.276473	-3.5503507
1662993849357	7.766205	5.8008003	-3.6628132
1662993849365	7.2562346	5.441877	-2.9805596
1662993849376	6.600302	4.5092745	-2.312663
1662993849382	6.352645	3.712165	-2.2959132
1662993849391	6.567999	3.1304102	-2.0934207
1662993849409	7.153343	2.4095724	-1.724926
1662993849418	8.217551	1.9908284	-0.8712866
1662993849427	9.215957	1.8960128	-0.096909314
1662993849436	9.440882	2.0063818	-0.6439684
1662993849467	9.266206	2.172683	-1.3429717
1662993849475	9.455238	2.6838498	-1.0028918
1662993849485	9.583255	2.975774	-0.09571291
1662993849528	9.584451	2.7305098	0.30897322
1662993849533	9.322437	2.5055845	0.08883354
1662993849541	9.425328	2.349752	-0.69900334
1662993849569	11.101202	2.1379871	-0.2739782
1662993849578	13.757534	3.114857	-2.565106
1662993849584	12.535399	4.581059	-7.4455667
1662993849619	10.294521	4.6432724	-6.0807605
1662993849631	9.763016	3.8629131	-2.8393831
1662993849681	9.069994	3.2189445	-1.6411772
1662993849688	8.102695	2.795116	-1.9031913
1662993849695	7.6716886	2.8716862	-3.0068808
1662993849717	8.048857	2.5319054	-4.1907296
1662993849727	8.690433	1.9334008	-3.7980077
1662993849761	8.755039	1.3202399	-2.6811578
1662993849773	8.689237	0.6942177	-1.8122641
1662993849785	8.729915	0.28983065	-1.3549358
1662993849817	8.397013	0.34606197	-1.326222
1662993849825	8.304889	0.63918275	-1.7261224
1662993849858	8.096714	0.84406817	-1.9666011
1662993849870	8.094321	0.92183495	-1.8206389
1662993849878	8.420941	1.1192428	-1.2352947
1662993849907	9.285348	1.5897316	-0.3696911
1662993849918	10.050154	2.152344	0.1378864
1662993849966	10.108778	2.329413	-0.36490545
1662993849976	9.947263	2.0147567	-0.95383894
1662993849983	9.773783	1.6555341	-1.1814562
1662993849992	9.8886385	1.4030914	-1.3226327
1662993850013	10.023833	1.1934203	-1.2233306
1662993850021	10.680962	1.3501502	-2.457429
1662993850066	11.422139	1.7117655	-4.3857446
1662993850077	12.280265	2.1128623	-2.382055
1662993850085	11.771491	2.3856442	-0.2009971
1662993850130	11.350354	3.185445	-2.379662
1662993850139	10.878669	3.1770704	-3.394817
1662993850148	9.965209	2.5498517	-2.7194428
1662993850157	8.638987	1.8206389	-2.5782664
1662993850199	7.9567337	1.6543378	-3.016452
1662993850208	8.081161	2.3306093	-3.2126634
1662993850229	8.249854	2.9614172	-2.7855446
1662993850240	8.437691	4.054339	-3.0068808
1662993850262	8.309675	4.557131	-3.6747773
1662993850280	7.9256268	4.7213383	-3.5910287
1662993850299	7.3881392	4.377669	-3.1636107
1662993850314	6.9619174	3.7731822	-2.6955147
1662993850353	6.7354965	3.1782668	-2.219343
1662993850368	7.1282187	2.7879374	-1.8373886
1662993850387	8.1230345	2.658725	-1.07019
1662993850395	9.263813	2.4729822	-0.4127619
1662993850410	9.85155	2.2061825	-0.6332007
1662993850427	9.824033	2.1176481	-0.9490533
1662993850468	9.742677	2.1140587	-1.0677971
1662993850480	9.537791	2.2624137	-1.2340983
1662993850501	8.899805	2.2839491	-1.1335998
1662993850543	8.95125	2.5725834	-1.0088738
1662993850556	9.7247305	3.2333016	-1.1551352
1662993850565	11.420942	3.6930227	-1.2209377
1662993850572	12.528221	4.302295	-3.26052
1662993850593	10.803295	4.3812585	-4.3187456
1662993850615	9.455238	3.670291	-3.758526
1662993850647	8.936893	2.8860433	-3.272484
1662993850657	8.015358	2.2157538	-3.2976086
1662993850683	7.413264	1.7871394	-3.69392
1662993850711	7.8487573	1.8649062	-4.17398
1662993850720	8.788539	1.9369899	-3.8676987
1662993850736	9.194421	1.7153547	-2.8537402
1662993850765	9.040084	1.3238292	-2.041975
1662993850779	8.89143	0.9720842	-1.5260227
1662993850790	8.8746805	0.6667002	-1.3776677
1662993850813	8.778967	0.56859446	-1.2209377
1662993850823	8.678469	0.5135596	-1.2029916
1662993850852	8.5779705	0.55423754	-0.9945169
1662993850862	8.574381	0.79740816	-0.7636095
1662993850884	9.05803	1.2759727	-0.63559353
1662993850909	9.7043915	1.7117655	-0.30508488
1662993850927	10.065707	2.2360928	-0.3900301
1662993850936	10.117153	2.2959132	-0.6415756
1662993850967	10.108778	2.015953	-0.6559325
1662993850994	9.942477	1.6698911	-1.1479566
1662993851009	10.00469	1.4054842	-1.4255241
1662993851022	10.573285	1.21017	-2.3425734
1662993851045	11.180164	1.0642079	-3.8832521
1662993851058	11.816955	1.265205	-3.5671003
1662993851106	11.984752	1.9166509	-1.2664014
1662993851125	11.914163	3.289533	-1.9378872
1662993851137	11.226825	3.7863426	-2.6476583
1662993851143	10.089636	3.0514472	-2.074278
1662993851149	8.959625	2.3952155	-2.2025933
1662993851172	8.033304	2.1714866	-2.650051
1662993851200	7.772187	2.3341985	-2.7628129
1662993851212	7.8930244	2.9338996	-2.7326035
1662993851232	8.228319	3.8437705	-3.075076
1662993851250	8.223534	4.4542394	-3.5264223
1662993851262	7.6453676	4.6803613	-3.8712878
1662993851296	7.0899334	4.5212383	-3.7250266
1662993851312	6.6744795	4.0758743	-3.1827533
1662993851333	6.4268227	3.531208	-2.740081
1662993851340	6.6158557	3.1627133	-2.2145574
1662993851362	7.615457	2.951846	-1.317847
1662993851411	8.868698	2.5271199	0.10438689
1662993851423	10.288539	2.1667008	0.8105687
1662993851430	10.61157	2.065006	-0.15433706
1662993851450	9.529416	1.8541385	-1.5535401
1662993851458	9.030213	1.9944177	-1.3417753
1662993851488	8.910572	2.309074	-0.750449
1662993851511	8.783752	2.3940191	-0.20338993
1662993851519	8.672486	2.5965116	-0.17228323
1662993851531	9.107083	3.0466614	-1.0483555
1662993851574	9.981958	3.4654055	-1.1670992
1662993851584	11.968001	4.23051	-1.1682956
1662993851600	12.873984	5.5866427	-4.5858445
1662993851618	10.809278	5.0958147	-6.0951176
1662993851650	9.3511505	3.3613176	-3.9311085
1662993851660	9.131011	2.6395824	-1.9833509
1662993851696	8.5349	2.4311078	-1.5308083
1662993851703	7.760223	2.4358935	-2.1628125
1662993851721	7.885846	2.4335005	-3.5850465
1662993851730	8.653344	2.3258235	-4.1524444
1662993851774	9.075976	1.9441684	-3.6221352
1662993851783	9.361918	1.2604194	-2.5758736
1662993851797	9.365508	0.58893347	-1.4434702
1662993851805	9.160921	0.23120649	-0.9765707
1662993851820	9.077172	0.30538398	-1.0845468
1662993851848	8.932108	0.48125646	-0.84855473
1662993851892	8.922537	0.4549354	-0.72412795
1662993851900	8.83161	0.40588254	-0.64995044
1662993851918	8.802896	0.4848457	-0.6750751
1662993851926	9.092726	1.0594223	-0.2943172
1662993851966	9.238688	1.6184454	-0.17587246
1662993851980	9.713963	1.7476579	-0.3074777
1662993851987	10.4261265	1.6746768	-0.07178468
1662993851997	11.036595	1.7033906	0.2216352
1662993852014	10.826027	1.6351951	-1.265205
1662993852061	10.772188	1.582553	-4.4339004
1662993852071	11.167005	1.9453648	-4.6037908
1662993852092	11.120344	2.707778	-2.8369904
1662993852123	11.552547	3.8964126	-2.2564318
1662993852131	11.162218	3.8904305	-2.440679
1662993852138	10.476376	3.1339993	-2.2971098
1662993852163	9.697213	2.5031915	-2.795116
1662993852175	8.625827	2.097309	-3.3852458
1662993852220	7.9591265	2.8812575	-3.5467613
1662993852232	7.5520473	3.8676987	-3.8446677
1662993852240	7.3713894	4.794319	-3.8111682
1662993852251	7.2562346	5.3700924	-3.3984063
1662993852296	7.160522	5.38086	-2.7424738
1662993852303	6.8518476	4.6815577	-1.9773688
1662993852309	6.713961	3.8006997	-1.7057835
1662993852332	6.727122	3.1770704	-1.7177476
1662993852369	7.176075	2.4996023	-1.5966109
1662993852378	8.006983	2.0638096	-1.1300105
1662993852391	9.342776	1.9908284	-0.24646074
1662993852415	10.343575	1.8684953	-0.101694964
1662993852424	10.366306	1.8409779	-1.1060823
1662993852460	9.8348	2.160719	-1.500898
1662993852469	9.425328	2.728117	-0.9299107
1662993852476	9.180064	3.2321053	-0.3182454
1662993852508	8.826823	3.260819	-0.16151553
1662993852521	8.8340025	3.3804603	-0.92273223
1662993852539	9.736694	3.2596226	-0.8641081
1662993852557	12.031411	3.571886	-0.8772686
1662993852581	12.566506	4.1344986	-3.9083767
1662993852623	11.010274	3.8198423	-5.5746784
1662993852640	10.075279	3.161517	-3.9801614
1662993852648	9.527023	2.591726	-2.1954148
1662993852657	8.655737	2.1559331	-1.6962122
1662993852670	7.906185	2.1678972	-1.9989042
1662993852719	8.1433735	2.5235305	-3.1468608
1662993852728	9.037691	2.7472596	-4.0220356
1662993852750	9.107083	2.3545375	-3.610171
1662993852762	8.684451	1.7524434	-2.8896325
1662993852787	8.408977	1.1718849	-2.440679
1662993852796	8.196015	0.8225328	-1.8720846
1662993852806	8.298907	0.62961143	-1.46022
1662993852832	8.65813	0.64636123	-0.9131609
1662993852868	8.7682	0.5566304	-0.52552366
1662993852877	8.935697	0.5195416	-0.52193445
1662993852890	8.946465	0.56500524	-0.5721837
1662993852926	9.284152	0.89431745	-0.53629136
1662993852933	9.703195	1.3755739	-0.55064833
1662993852948	9.931709	1.7333009	-0.47736812
1662993852968	10.048958	1.9103698	-0.51475596
1662993852993	10.136296	1.9764715	-0.63798636
1662993853014	10.136296	1.8158532	-0.55304116
1662993853027	10.287343	1.6998014	-1.1946167
1662993853038	10.714461	1.5753746	-3.2461631
1662993853055	11.632708	1.8565313	-3.9897327
1662993853100	12.245569	2.2504497	-1.7560327
1662993853109	11.626725	2.7352953	-1.466202
1662993853135	10.883454	3.2153554	-2.929114
1662993853141	10.164112	2.6862426	-2.5351956
1662993853163	9.517452	2.1678972	-2.2456641
1662993853174	8.758628	1.9310079	-2.6333013
1662993853207	8.315657	2.1487548	-3.2760732
1662993853216	8.27139	2.969792	-3.5072799
1662993853229	8.150552	3.807878	-3.161218
1662993853265	8.044071	4.604987	-3.3649068
1662993853275	7.530512	4.8433723	-3.5240295
1662993853286	7.1377897	4.679165	-3.4462628
1662993853313	7.1102724	4.4925246	-2.8082764
1662993853343	7.068398	3.716951	-1.873281
1662993853355	7.1545396	2.8956144	-1.4099708
1662993853390	7.420442	2.2564318	-1.2879368
1662993853400	8.102695	1.901995	-1.4518452
1662993853427	8.959625	1.6830516	-0.9610174
1662993853440	9.946067	1.6292131	-0.43669012
1662993853446	10.28495	1.9393828	-0.8700901
1662993853469	9.928121	2.4972095	-1.5320047
1662993853488	9.522238	2.8716862	-1.0148559
1662993853523	9.298509	3.012863	-0.1160519
1662993853534	8.909376	2.984149	-0.21774685
1662993853562	8.856734	3.2093735	-1.1479566
1662993853572	9.488738	3.2189445	-1.8002999
1662993853583	11.32523	3.5001013	-2.0120647
1662993853611	11.972787	4.197011	-3.7645082
1662993853620	10.5996065	4.4434714	-4.662415
1662993853662	9.920941	3.7157545	-3.3000016
1662993853673	9.654142	2.8381867	-2.3389843
1662993853679	9.041281	2.4430718	-2.347359
1662993853691	8.319246	2.321038	-2.766402
1662993853713	8.461619	2.2707887	-3.4773695
1662993853738	8.776574	1.9884356	-3.964608
1662993853774	8.697611	1.5837495	-4.1033916
1662993853785	8.753842	1.2747762	-3.461816
1662993853795	8.552845	0.76959157	-2.3485553
1662993853817	8.432905	0.535095	-1.8194425
1662993853825	8.70479	0.7157531	-1.3980067
1662993853842	8.993125	0.76241314	-0.87248296
1662993853890	9.1681	0.70378894	-0.74207413
1662993853899	8.9775715	0.6559325	-1.0531411
1662993853909	8.820842	0.80817586	-1.4255241
1662993853920	8.761021	1.0402796	-1.3812568
1662993853958	8.811271	1.3660027	-0.9131609
1662993853967	9.3104725	1.9115661	-0.52911294
1662993853980	9.831211	2.1942184	-0.2727818
1662993854001	10.499107	2.2839491	-0.019142581
1662993854044	11.18495	2.349752	0.06849455
1662993854054	11.115559	2.1104696	-0.24765715
1662993854061	10.7024975	1.625624	-1.0088738
1662993854101	10.536197	1.4760724	-3.4271202
1662993854110	10.673783	1.2783655	-4.156034
1662993854131	10.433305	0.9421739	-2.7963123
1662993854139	10.625927	1.8278174	-2.068296
1662993854170	10.640285	3.0296125	-2.9183464
1662993854179	10.403395	3.301497	-2.6273193
1662993854249	10.075279	2.972185	-1.8720846
1662993854259	9.458828	2.571387	-1.7225332
1662993854267	8.664112	2.440679	-2.1520448
1662993854274	8.392227	2.652743	-3.203092
1662993854324	8.205587	3.0729825	-3.510869
1662993854336	8.279764	3.7073796	-3.754937
1662993854373	8.247461	4.037589	-3.8629131
1662993854386	7.6549387	4.034	-3.7154553
1662993854396	7.251449	3.777968	-3.3349965
1662993854403	7.408478	3.708576	-2.8728826
1662993854504	7.8284183	3.6080775	-1.9677975
1662993854512	8.070393	3.039483	-1.6806588
1662993854524	8.357532	2.7185457	-1.6447664
1662993854534	8.640183	2.5845475	-1.4315062
1662993854544	8.971589	2.4912274	-1.1144571
1662993854554	9.389436	2.260021	-0.7959126
1662993854564	9.579665	2.160719	-1.0351949
1662993854578	9.138189	2.2636101	-1.9115661
1662993854584	8.575577	2.3114667	-2.3653052
1662993854592	8.696415	2.484049	-1.061815
1662993854603	8.959625	2.5618157	0.041874398
1662993854702	8.711968	2.725724	-0.38285163
1662993854715	8.892626	3.1686954	-1.3860425
1662993854727	9.70798	3.3804603	-2.1005993
1662993854740	11.370693	3.6439698	-2.0371895
1662993854749	12.426526	4.322634	-3.10379
1662993854759	11.2017	4.581059	-4.401298
1662993854769	9.816854	3.4893336	-4.041178
1662993854778	9.141779	2.4119651	-2.7520452
1662993854786	8.382656	1.7153547	-1.7356937
1662993854794	7.8164544	1.4234303	-1.2711871
1662993854909	7.7530446	1.4784653	-1.6806588
1662993854920	8.369495	1.637588	-2.6991038
1662993854932	9.122637	1.9980069	-3.775276
1662993854943	9.305687	2.105684	-4.2182474
1662993854953	9.084352	1.9716859	-3.8339
1662993854965	8.652147	1.5287145	-2.9015965
1662993854974	8.574381	1.3310076	-2.111367
1662993854987	8.784949	1.3827524	-1.3669
1662993854997	9.075976	1.2364911	-0.62721866
1662993855006	9.316455	0.8632108	-0.32662028
1662993855014	9.394221	0.53629136	-0.53988063
1662993855108	9.24467	0.46331027	-0.898804
1662993855123	9.27817	0.86081797	-0.97537434
1662993855134	9.531809	1.5466608	-0.86171526
1662993855142	9.640982	1.9680966	-1.0387841
1662993855156	9.776176	2.2037897	-1.0582259
1662993855166	9.892228	2.3521447	-1.1766706
1662993855174	9.950852	2.2348964	-1.2077773
1662993855186	10.2107725	1.8960128	-1.8266209
1662993855196	10.876276	1.745265	-3.6831522
1662993855204	11.790633	1.5478572	-4.051946
1662993855246	11.6339035	1.3214363	-2.2337
1662993855259	11.284552	2.0458634	-2.1161525
1662993855271	10.870295	2.8058836	-3.2006993
1662993855296	10.07169	2.630011	-3.0535407
1662993855304	9.097511	2.4011974	-2.5423741
1662993855317	8.241479	2.4131618	-2.0407786
1662993855375	7.806883	2.4729822	-1.852942
1662993855390	7.885846	2.8537402	-1.9247267
1662993855398	8.160124	3.580261	-2.1041884
1662993855408	8.465208	4.237689	-2.91715
1662993855507	8.676076	4.872086	-3.9753757
1662993855519	8.149356	4.8266225	-4.5284166
1662993855531	7.6046896	4.347759	-4.2338004
1662993855542	7.4395847	3.807878	-3.5048869
1662993855554	7.5664043	3.2440693	-2.7110682
1662993855566	8.028518	2.778366	-1.9402801
1662993855578	8.592327	2.4215364	-1.2089736
1662993855588	8.996714	2.1284158	-0.78634137
1662993855599	9.132208	1.8708882	-0.55304116
1662993855610	9.08794	1.7739788	-0.7815557
1662993855622	8.845966	2.0518453	-1.2257234
1662993855692	8.513364	2.428715	-1.7691933
1662993855703	8.367103	2.5450659	-1.466202
1662993855713	8.7622175	2.7305098	-0.46899325
1662993855724	8.829216	2.675475	-0.025124637
1662993855736	8.683254	2.591726	-0.6116653
1662993855748	9.138189	2.9446673	-1.7153547
1662993855758	10.514661	3.19382	-1.6806588
1662993855767	12.129518	3.5826538	-2.3605196
1662993855800	11.650654	4.2915273	-4.930411
1662993855810	10.150653	4.4243293	-5.4320064
1662993855893	9.754641	3.8138602	-3.6496527
1662993855908	9.519845	3.275176	-2.117349
1662993855916	8.863913	2.8250263	-1.4374882
1662993855924	8.063214	2.4358935	-1.6950158
1662993855932	7.780562	2.1008983	-2.4179473
1662993855942	8.166105	1.899602	-2.8226335
1662993855954	8.856734	1.806282	-3.0667014
1662993855986	9.329616	1.7691933	-3.3661032
1662993855994	9.438489	1.7093726	-3.4737802
1662993856005	9.401401	1.617249	-3.1049864
1662993856015	9.148957	1.5287145	-2.507678
1662993856110	8.979964	1.4676976	-2.05035
1662993856125	9.052048	1.3636098	-1.480559
1662993856133	9.140582	1.0941181	-1.0941181
1662993856139	9.2590275	0.7085746	-0.99930257
1662993856150	9.456435	0.55782676	-1.0459626
1662993856159	9.467203	0.5769694	-1.2197413
1662993856169	9.473185	0.7360921	-1.3513466
1662993856178	9.626625	1.0785648	-1.1694921
1662993856191	9.870692	1.5107684	-0.79830545
1662993856196	9.845568	1.9031913	-0.63798636
1662993856248	9.719945	2.0793629	-0.67148584
1662993856262	9.6326065	2.1487548	-0.8210373
1662993856273	9.554541	2.1080768	-1.4147564
1662993856355	9.813265	1.9812572	-2.8202405
1662993856367	10.582856	2.0865414	-4.1404805
1662993856379	11.49153	2.2444677	-2.8932216
1662993856387	11.161022	2.3318057	-1.4374882
1662993856392	10.8200445	2.9195428	-2.169991
1662993856403	10.214361	2.6922245	-2.6751757
1662993856414	9.625428	2.271985	-2.3653052
1662993856511	8.886644	2.1631117	-2.2337
1662993856522	8.25464	2.312663	-2.0611176
1662993856532	7.9256268	2.4924238	-1.9295124
1662993856541	8.181659	2.7795627	-1.6328024
1662993856553	8.676076	3.3086755	-1.41356
1662993856563	8.7347	3.7504504	-2.0312073
1662993856573	8.526525	3.97059	-3.0894332
1662993856583	8.173284	3.822235	-4.0962133
1662993856590	7.7159557	3.5359936	-4.5284166
1662993856599	7.602297	3.24048	-4.0423746
1662993856691	7.845168	2.9626136	-3.2138598
1662993856699	8.068	2.9004002	-2.2289143
1662993856708	8.278568	2.8262227	-1.4781662
1662993856717	8.805288	2.864508	-1.4458631
1662993856748	9.2997055	2.9446673	-1.7129619
1662993856759	9.571291	3.0897322	-1.8242282
1662993856767	9.593125	3.0753753	-1.7919251
1662993856776	9.189635	2.8334012	-2.001297
1662993856788	8.647362	2.6072793	-2.1352952
1662993856797	8.603095	2.618047	-1.6758732
1662993856806	8.656933	2.6084757	-0.8700901
1662993856904	8.719147	2.524727	-0.34337005
1662993856909	8.988339	2.4972095	-0.28594232
1662993856915	9.263813	2.62044	-1.1958131
1662993856921	9.779765	2.6838498	-2.2636101
1662993856931	10.834402	2.670689	-1.9917258
1662993856946	10.7685995	3.0406795	-2.5663023
1662993856953	10.058529	3.8820555	-4.106981
1662993856972	9.82164	4.287938	-4.279264
1662993856988	9.777372	3.795914	-3.0726833
1662993856994	9.23151	2.9877381	-2.2121646
1662993857002	8.554042	2.4876382	-2.0670996
1662993857125	8.318049	2.2695923	-2.1149561
1662993857138	8.678469	2.1702902	-2.0527427
1662993857148	9.1465645	2.105684	-1.7847466
1662993857158	9.329616	2.0805593	-1.9438694
1662993857167	9.062816	1.9357935	-2.5375884
1662993857175	8.695218	1.6998014	-3.0487552
1662993857186	8.502596	1.6016957	-3.0379875
1662993857197	8.661719	1.7380866	-2.7218359
1662993857203	8.879466	1.8613169	-2.3904297
1662993857214	9.157332	1.7931215	-2.3138595
1662993857248	9.452846	1.6268203	-2.030011
1662993857258	9.676874	1.3636098	-1.6663018
1662993857268	9.850353	1.1312069	-1.3190435
1662993857356	9.9089775	0.9936196	-1.1216356
1662993857365	9.85155	0.9290134	-1.2723835
1662993857374	9.649357	1.0510473	-1.614557
1662993857380	9.442079	1.2664014	-1.7620147
1662993857387	9.288938	1.5370895	-1.6507485
1662993857392	9.157332	1.7931215	-1.3345969
1662993857402	9.188439	1.9920249	-0.93349993
1662993857510	9.245867	2.103291	-0.5279165
1662993857522	9.378669	2.1487548	-0.49172506
1662993857532	9.488738	2.0554347	-0.71694946
1662993857544	9.617053	1.9115661	-1.047159
1662993857553	9.475577	1.5299109	-1.2795619
1662993857565	9.454042	1.3298112	-2.4215364
1662993857577	9.662517	1.338186	-3.821936
1662993857584	10.129117	1.2687942	-2.821437
1662993857593	9.9807625	1.2592229	-1.4147564
1662993857607	10.341181	2.0518453	-1.6097715
1662993857698	11.194522	2.8178477	-2.4251258
1662993857709	11.675778	2.9949167	-2.4717858
1662993857717	11.193325	3.301497	-2.149652
1662993857726	9.940084	3.3122647	-1.9797616
1662993857746	8.7622175	2.8932216	-2.6105695
1662993857760	8.13141	2.6563323	-3.1456645
1662993857772	7.682456	2.6036901	-3.272484
1662993857783	7.430013	2.7771697	-3.3756745
1662993857794	7.483852	3.1387851	-3.3062828
1662993857806	7.7446694	3.5144582	-3.2832518
1662993857817	7.9627156	3.7839499	-3.1755748
1662993857912	8.222337	3.9885364	-2.935096
1662993857922	8.542078	4.030411	-2.516053
1662993857930	8.715557	3.6164522	-2.1101704
1662993857939	8.689237	3.106482	-1.8744774
1662993857947	8.569595	2.774777	-1.9618155
1662993857954	8.53131	2.4311078	-2.0754745
1662993857970	8.799306	2.1463618	-2.1305094
1662993857979	9.297313	2.065006	-1.867299
1662993857984	9.682856	1.9477576	-1.3740784
1662993857989	9.798908	1.9393828	-0.9933205
1662993857995	9.61466	1.8505492	-0.9107681
1662993858107	9.230313	1.9115661	-1.0256236
1662993858117	8.841181	2.239682	-1.4889339
1662993858123	8.906983	2.8262227	-2.4047868
1662993858130	9.303294	3.3649068	-3.1636107
1662993858143	9.360723	3.6595232	-3.4426737
1662993858150	8.926126	4.041178	-3.7334015
1662993858156	8.646166	4.2508492	-3.6197424
1662993858172	9.085547	3.8389847	-2.8262227
1662993858187	9.446864	3.1136606	-2.0551355
1662993858196	9.658928	2.5737798	-1.9319052
1662993858243	9.790533	2.4143581	-2.2875385
1662993858252	9.843175	2.2372892	-2.4909284
1662993858261	9.780962	1.9007984	-2.6883361
1662993858357	9.45165	1.5981064	-2.8250263
1662993858378	9.131011	1.5550356	-2.7472596
1662993858387	9.0015	1.7727824	-2.3940191
1662993858396	9.041281	1.989632	-2.1101704
1662993858405	9.194421	2.2061825	-1.9773688
1662993858416	9.267402	2.243271	-2.0958135
1662993858424	9.138189	2.103291	-2.4119651
1662993858509	8.8136635	1.8601205	-2.5328028
1662993858519	8.5576315	1.6782659	-2.507678
1662993858528	8.683254	1.7237296	-2.5782664
1662993858537	8.985947	1.8541385	-2.8657043
1662993858545	9.357133	1.9848464	-3.3074791
1662993858554	9.516255	1.9980069	-3.3720853
1662993858569	9.57488	1.8505492	-2.9805596
1662993858580	9.764212	1.7057835	-2.184647
1662993858588	9.996316	1.6627127	-1.3848461
1662993858598	9.996316	1.5382859	-1.1300105
1662993858686	9.734302	1.3130615	-1.5032908
1662993858702	9.317652	1.0677971	-1.7548363
1662993858712	9.110672	0.85483587	-1.614557
1662993858721	9.182457	0.78873414	-1.2556337
1662993858744	9.196814	0.87158567	-0.9059825
1662993858755	9.3308115	1.1455638	-1.1539388
1662993858763	9.6122675	1.4497514	-1.8433708
1662993858769	10.154541	1.6591234	-2.684747
1662993858775	10.677373	2.0925233	-3.2006993
1662993858783	10.336395	2.3377876	-2.3258235
1662993858789	9.431311	2.251646	-1.541576
1662993858904	8.934501	2.4768705	-2.0288146
1662993858911	8.696415	2.6371896	-2.5698915
1662993858918	8.679665	2.4430718	-2.6081767
1662993858923	8.985947	2.4864419	-2.5028925
1662993858970	9.102298	2.6599214	-2.0515463
1662993858977	9.134601	2.9195428	-1.6196418
1662993858984	9.300901	3.086143	-1.2544373
1662993858990	9.335598	3.185445	-1.4374882
1662993858998	9.212367	3.2213376	-1.9247267
1662993859005	9.025428	3.1998022	-2.3306093
1662993859013	8.816056	3.0873394	-2.6165516
1662993859107	8.769396	3.0478578	-2.5698915
1662993859116	8.869894	3.144767	-2.193022
1662993859122	8.902198	3.1710882	-1.7811574
1662993859128	8.92493	3.1387851	-1.6387844
1662993859173	8.871091	2.9937203	-1.8541385
1662993859182	8.845966	2.7999015	-2.0383859
1662993859190	8.702396	2.914757	-2.1906292
1662993859198	8.659326	3.1926236	-2.1592233
1662993859204	8.573184	3.1758738	-1.901995
1662993859211	8.703593	3.0092735	-1.4973087
1662993859243	9.017053	2.9207392	-1.0220344
1662993859250	9.406186	2.6515465	-0.811466
1662993859257	9.755837	2.5450659	-0.47856453
1662993859374	10.123136	2.7771697	-1.0268201
1662993859383	10.62832	2.3449662	-2.4681966
1662993859390	9.964012	2.2492533	-2.5674987
1662993859398	8.969196	2.734099	-2.617748
1662993859405	8.295318	3.1507492	-2.827419
1662993859411	8.278568	3.5527434	-2.516053
1662993859482	8.782557	3.39721	-2.1125634
1662993859492	9.217153	3.0729825	-1.704587
1662993859499	9.396614	2.652743	-1.3238292
1662993859508	9.455238	2.178665	-1.2065809
1662993859516	9.546165	1.7440686	-1.5248263
1662993859521	9.691231	1.3719847	-1.8984057
1662993859575	9.48156	1.2604194	-2.2468605
1662993859583	9.176475	1.5502499	-2.6512475
1662993859587	8.991928	2.0003998	-2.748456
1662993859595	9.05803	2.4622145	-2.4251258
1662993859600	9.268599	2.7963123	-1.9498514
1662993859701	9.4229355	2.9973094	-1.4709877
1662993859710	9.482756	2.9662027	-1.2735798
1662993859718	9.352347	2.687439	-1.4051851
1662993859728	9.193225	2.341377	-1.7524434
1662993859745	9.072387	2.0386848	-2.1711874
1662993859757	9.078369	1.8864416	-2.4622145
1662993859769	9.160921	1.6591234	-2.1966112
1662993859776	8.823235	2.4586253	-3.437888
1662993859782	9.19801	1.6698911	-2.548356
1662993859789	9.798908	2.1092732	-1.1599208
1662993859797	9.687641	2.309074	-0.79950184
