Timestamp 	 X 	 Y 	 Z 
1662979667460	9.456435	0.65952176	4.7141595
1662979667465	9.393025	2.0231316	5.169095
1662979667469	8.472686	1.2556337	2.9617162
1662979667474	8.884252	1.5873387	3.5027933
1662979667480	9.11785	1.6064813	4.223332
1662979667486	8.968	1.4497514	4.025924
1662979667492	8.746664	1.2831511	3.5769708
1662979667501	8.682058	1.2257234	3.5494533
1662979667510	8.716754	1.3046865	3.6667016
1662979667574	8.745467	1.3911272	3.7480576
1662979667582	8.78136	1.4449657	3.8294137
1662979667588	8.841181	1.4976078	3.8880377
1662979667593	8.902198	1.4976078	3.9538403
1662979667603	8.95484	1.4904294	4.054638
1662979667626	8.968	1.4856437	4.065406
1662979667646	8.933304	1.4617156	3.9490547
1662979667666	8.851949	1.4389837	3.781557
1662979667699	8.784949	1.3803595	3.73729
1662979667710	8.772985	1.3417753	3.7923248
1662979667723	8.752646	1.3298112	3.7839499
1662979667744	8.737093	1.352543	3.7995033
1662979667761	8.790932	1.3983058	3.8820555
1662979667789	8.883055	1.4306089	3.984947
1662979667806	8.917751	1.4437693	4.0366917
1662979667825	8.869894	1.4760724	3.9801614
1662979667847	8.792128	1.4880366	3.909573
1662979667865	8.786145	1.4904294	3.8880377
1662979667897	8.814859	1.462912	3.905984
1662979667908	8.839984	1.4676976	3.9071803
1662979667924	8.869894	1.4569299	3.9155552
1662979667946	8.903394	1.4605191	3.958626
1662979667963	8.953643	1.4820545	4.0103707
1662979667982	8.926126	1.4856437	4.0103707
1662979668003	8.856734	1.4724833	3.9251266
1662979668018	8.733503	1.4605191	3.848556
1662979668040	8.709576	1.4784653	3.8964126
1662979668057	8.787342	1.5083755	4.0031924
1662979668088	8.837591	1.5502499	3.9909291
1662979668097	8.793324	1.5346966	3.9047875
1662979668120	8.735896	1.5263218	3.8832521
1662979668135	8.715557	1.4928222	3.9119658
1662979668153	8.709576	1.495215	3.926323
1662979668173	8.713164	1.5287145	3.9203408
1662979668192	8.731111	1.5753746	3.9311085
1662979668211	8.804091	1.6423737	3.964608
1662979668229	8.871091	1.7033906	3.9598224
1662979668250	8.908179	1.7105691	3.9622152
1662979668268	8.873484	1.6878372	3.9526439
1662979668301	8.795717	1.5981064	3.9430726
1662979668310	8.758628	1.5394822	3.926323
1662979668332	8.698808	1.5191432	3.9071803
1662979668347	8.634201	1.5071791	3.9167516
1662979668366	8.615059	1.5550356	3.9514475
1662979668386	8.643773	1.602892	3.9335012
1662979668408	8.662915	1.6268203	3.9430726
1662979668422	8.672486	1.6423737	3.9538403
1662979668442	8.697611	1.657927	3.9251266
1662979668463	8.713164	1.5873387	3.9370906
1662979668496	8.700004	1.5011971	4.005585
1662979668507	8.746664	1.4222339	4.0905304
1662979668528	8.765806	1.3600205	4.1180477
1662979668543	8.745467	1.3142579	4.1276193
1662979668558	8.727522	1.3142579	4.1001015
1662979668577	8.700004	1.2735798	3.984947
1662979668597	8.653344	1.2197413	3.8940198
1662979668617	8.615059	1.1850454	3.8940198
1662979668636	8.677272	1.1850454	3.9658043
1662979668655	8.808877	1.1551352	4.028317
1662979668672	8.960822	1.0199406	3.9478583
1662979668704	9.078369	0.8285148	3.798307
1662979668711	9.152547	0.6547361	3.7648072
1662979668732	9.150154	0.54346985	3.7767715
1662979668750	9.055637	0.5279165	3.73729
1662979668774	8.950054	0.57816577	3.6523447
1662979668791	8.788539	0.59611195	3.5745778
1662979668807	8.567203	0.57816577	3.4956148
1662979668827	8.352746	0.5195416	3.4980075
1662979668850	8.368299	0.4022933	3.629613
1662979668864	8.739486	0.4549354	3.6355948
1662979668895	9.316455	0.5949155	3.6583266
1662979668906	9.852746	0.7360921	3.6978083
1662979668933	10.014262	0.7791629	3.7325041
1662979668946	9.753445	0.7540382	3.8964126
1662979668966	9.345169	0.71694946	3.9454653
1662979668981	8.972786	0.5829514	4.001996
1662979669003	8.7682	0.49202415	4.0031924
1662979669018	8.740682	0.53389853	3.944269
1662979669042	8.788539	0.59611195	3.9155552
1662979669057	8.853145	0.62841505	3.8617167
1662979669094	8.915359	0.69182485	3.7636108
1662979669106	9.059227	0.7265208	3.6810586
1662979669118	9.217153	0.7109674	3.6571302
1662979669148	9.334401	0.6547361	3.7600217
1662979669161	9.373882	0.5458627	3.905984
1662979669175	9.256635	0.40468612	3.9801614
1662979669194	9.042477	0.325723	3.9717865
1662979669211	8.792128	0.3400799	3.8928235
1662979669231	8.560024	0.43938205	3.7672002
1662979669252	8.469994	0.6092725	3.6583266
1662979669269	8.575577	0.6966105	3.6020954
1662979669305	8.823235	0.73489565	3.5961134
1662979669317	9.053245	0.7480562	3.7672002
1662979669327	9.236296	0.6942177	3.9454653
1662979669351	9.237492	0.56500524	4.0163527
1662979669365	9.208778	0.6056832	3.9167516
1662979669388	9.285348	0.86081797	3.702594
1662979669408	9.412168	1.1335998	3.521936
1662979669425	9.4839525	1.2532408	3.4067812
1662979669443	9.26142	1.2496517	3.4561331
1662979669463	8.859127	1.2221341	3.4043884
1662979669495	8.612666	1.2053844	3.1316066
1662979669504	8.650951	1.0307083	2.7185457
1662979669536	8.820842	0.64875406	2.3249264
1662979669545	9.1681	0.25992036	2.4182463
1662979669561	9.698409	0.04426722	2.9389844
1662979669578	10.207183	-0.07058827	3.1926236
1662979669599	10.305289	-0.058624156	3.3170505
1662979669615	9.993923	0.096909314	3.295515
1662979669636	9.561719	0.18185452	3.1136606
1662979669655	9.123833	0.28743783	2.8250263
1662979669685	8.804091	0.5195416	2.4278176
1662979669696	8.708379	0.7743772	2.0865414
1662979669725	8.841181	0.9816555	2.0398812
1662979669736	9.174082	1.0953146	2.2492533
1662979669752	9.553345	1.1539388	2.5067809
1662979669770	9.785748	1.1479566	2.7376883
1662979669789	9.782158	0.974477	2.8549366
1662979669809	9.590433	0.6619146	2.9222345
1662979669827	9.397811	0.39391842	2.9353952
1662979669851	9.322437	0.28265217	2.8573294
1662979669865	9.304491	0.33529428	2.7855446
1662979669905	9.387043	0.44895336	2.754438
1662979669914	9.492328	0.49920264	2.7915268
1662979669939	9.473185	0.45852464	2.7843482
1662979669953	9.35474	0.36640096	2.7293134
1662979669964	9.267402	0.22971097	2.6922245
1662979669984	9.229117	0.09092726	2.7508488
1662979670002	9.265009	-0.050249275	2.7795627
1662979670022	9.269794	-0.11844472	2.8585258
1662979670038	9.190832	-0.0526421	2.9748766
1662979670062	9.199206	-0.02871387	3.0083764
1662979670086	9.190832	-0.09212367	3.0287154
1662979670100	9.12503	-0.096909314	3.0598218
1662979670127	9.015857	-0.023928227	3.0837502
1662979670142	9.059227	0.08853444	3.1950164
1662979670155	9.263813	0.14476576	3.4079776
1662979670174	9.579665	0.18664017	3.5985062
1662979670193	9.918549	0.36281174	3.667898
1662979670214	10.264611	0.6332007	3.7037904
1662979670232	10.34836	0.8237292	3.7528431
1662979670250	10.074082	0.81894356	3.9335012
1662979670270	9.634999	0.6870392	4.17069
1662979670301	9.193225	0.5027919	4.1575294
1662979670309	8.862716	0.41545382	3.9047875
1662979670345	8.616255	0.35084763	3.6918263
1662979670356	8.434102	0.20458634	3.5362928
1662979670369	8.397013	-0.02751746	3.3493536
1662979670385	8.482257	-0.14237295	3.2644083
1662979670408	8.568398	-0.09930214	3.2715867
1662979670427	8.703593	-0.038285162	3.222534
1662979670445	8.923733	-0.019142581	3.167499
1662979670465	9.227921	-0.07178468	3.309872
1662979670494	9.640982	-0.124426775	3.7265222
1662979670504	10.287343	0.034695927	3.7073796
1662979670538	10.761421	0.44895336	3.1962128
1662979670550	10.123136	0.6236294	3.3816566
1662979670565	8.917751	0.5566304	3.8808591
1662979670578	8.017751	0.67387867	3.8617167
1662979670600	7.6011004	0.9553344	3.566203
1662979670616	7.725527	1.2460624	3.2380872
1662979670639	8.29771	1.4234303	3.0095727
1662979670655	9.067601	1.5251254	2.9593234
1662979670687	9.746265	1.5538392	3.0705895
1662979670695	10.053743	1.4772689	3.4621153
1662979670715	9.931709	1.3202399	3.8413777
1662979670743	9.521041	1.1048858	4.0354953
1662979670751	9.025428	0.7827521	4.089334
1662979670773	8.62463	0.45852464	3.926323
1662979670789	8.47149	0.3173481	3.5817564
1662979670811	8.574381	0.31974092	3.3062828
1662979670828	8.823235	0.4657031	3.1866415
1662979670850	9.12144	0.73011	3.226123
1662979670869	9.372686	1.0211371	3.4043884
1662979670883	9.442079	1.2197413	3.6224344
1662979670948	9.353543	1.2687942	3.7253258
1662979670954	9.1669035	1.2879368	3.73729
1662979670972	8.911769	1.21017	3.7229328
1662979670985	8.746664	1.0725827	3.7313077
1662979671095	8.702396	0.97567344	3.7325041
1662979671104	8.770593	0.88235337	3.6810586
1662979671113	8.889037	0.8177471	3.6200416
1662979671125	9.020642	0.7743772	3.592524
1662979671135	9.086744	0.75643104	3.568596
1662979671144	9.084352	0.7325028	3.481258
1662979671154	9.059227	0.72053874	3.5004005
1662979671165	9.072387	0.78753775	3.5733814
1662979671227	9.066405	0.8775677	3.6834514
1662979671240	9.019445	0.96849495	3.7444685
1662979671250	8.947661	1.0773684	3.7432718
1662979671263	8.902198	1.1479566	3.7277186
1662979671275	8.92493	1.1467602	3.6726837
1662979671285	8.990732	1.090529	3.5997026
1662979671296	9.035298	1.0713863	3.5434713
1662979671307	9.021839	1.041476	3.5183465
1662979671319	8.948857	0.9984053	3.5386856
1662979671334	8.883055	1.0019945	3.6032917
1662979671347	8.8340025	0.98883396	3.6667016
1662979671474	8.808877	0.9732806	3.7145581
1662979671488	8.832806	0.99601245	3.7480576
1662979671500	8.896215	1.0510473	3.7851462
1662979671512	8.964411	1.1012967	3.8042889
1662979671523	9.029017	1.1347961	3.7995033
1662979671535	9.032906	1.1407782	3.7648072
1662979671551	8.985947	1.11685	3.7181473
1662979671562	8.914162	1.0677971	3.6774693
1662979671570	8.896215	1.07019	3.6954155
1662979671580	8.910572	1.0725827	3.7444685
1662979671590	8.952447	1.0594223	3.816253
1662979671678	9.003893	1.0259227	3.8593237
1662979671688	9.052048	1.0319048	3.8904305
1662979671696	9.020642	1.0582259	3.8641095
1662979671706	8.95484	1.1048858	3.8126638
1662979671719	8.914162	1.1395818	3.801896
1662979671733	8.881859	1.1623136	3.828217
1662979671743	8.878269	1.1491531	3.8557346
1662979671756	8.936893	1.1419746	3.8533418
1662979671764	8.964411	1.1324034	3.8665023
1662979671775	8.957232	1.1108679	3.8629131
1662979671788	8.904591	1.1132607	3.87727
1662979671800	8.89143	1.1156535	3.9203408
1662979671903	8.8746805	1.1132607	3.9514475
1662979671912	8.878269	1.1288141	3.9370906
1662979671922	8.8543415	1.1467602	3.9023945
1662979671932	8.788539	1.1359925	3.8940198
1662979671943	8.749057	1.1012967	3.9346976
1662979671953	8.740682	1.0869397	3.9203408
1662979671964	8.753842	1.0977074	3.8724844
1662979671974	8.819645	1.0929217	3.8557346
1662979671982	8.920144	1.1192428	3.8832521
1662979671996	8.979964	1.1156535	3.9514475
1662979672099	8.983554	1.1120644	3.9837506
1662979672111	8.923733	1.1120644	3.9693937
1662979672122	8.848359	1.1120644	3.9670007
1662979672135	8.780164	1.1204392	3.938287
1662979672143	8.732307	1.1300105	3.9394834
1662979672153	8.733503	1.1335998	3.946662
1662979672166	8.814859	1.1443675	3.9406798
1662979672174	8.884252	1.1048858	3.9490547
1662979672188	8.918947	1.076172	3.9227335
1662979672226	8.915359	1.0785648	3.9071803
1662979672242	8.886644	1.0654043	3.9191444
1662979672255	8.8447695	1.0941181	3.9311085
1662979672265	8.814859	1.1216356	3.9323049
1662979672280	8.8340025	1.1324034	3.9323049
1662979672294	8.849555	1.1431711	3.9406798
1662979672302	8.863913	1.1204392	3.929912
1662979672310	8.8543415	1.1371889	3.9071803
1662979672368	8.853145	1.1252248	3.9023945
1662979672383	8.848359	1.1300105	3.8808591
1662979672472	8.856734	1.1431711	3.8724844
1662979672485	8.8746805	1.1515459	3.868895
1662979672494	8.929715	1.1766706	3.8952162
1662979672504	8.942876	1.1659029	3.9323049
1662979672512	8.952447	1.1491531	3.958626
1662979672524	8.930911	1.1515459	3.978965
1662979672535	8.911769	1.1491531	3.9538403
1662979672548	8.904591	1.1407782	3.9131622
1662979672557	8.890233	1.1395818	3.8581274
1662979672566	8.892626	1.1706885	3.8389847
1662979672580	8.918947	1.2077773	3.8521454
1662979672681	8.945269	1.2197413	3.8557346
1662979672700	8.942876	1.2257234	3.8629131
1662979672715	8.92134	1.2329018	3.8784664
1662979672727	8.911769	1.230509	3.9000018
1662979672734	8.916554	1.224527	3.9287157
1662979672746	8.941679	1.1958131	3.926323
1662979672758	8.95125	1.1862419	3.8832521
1662979672773	8.929715	1.1766706	3.844967
1662979672786	8.875876	1.1563315	3.8605201
1662979672796	8.829216	1.1742777	3.8294137
1662979672810	8.796913	1.2149557	3.7887356
1662979672823	8.792128	1.2843475	3.822235
1662979672855	8.8136635	1.3357933	3.885645
1662979672866	8.855537	1.3405789	3.9131622
1662979672876	8.8746805	1.3238292	3.9071803
1662979672890	8.877073	1.2807583	3.8916268
1662979672902	8.879466	1.2556337	3.8724844
1662979672918	8.868698	1.2053844	3.807878
1662979672963	8.88784	1.1970096	3.7265222
1662979672970	8.8854475	1.183849	3.6930227
1662979672977	8.906983	1.1946167	3.7301114
1662979672987	8.89143	1.224527	3.7791643
1662979673082	8.873484	1.2532408	3.8593237
1662979673096	8.849555	1.2568301	3.9358943
1662979673107	8.842377	1.2556337	3.9777687
1662979673116	8.816056	1.2592229	3.938287
1662979673126	8.826823	1.2376875	3.9083767
1662979673140	8.867501	1.204188	3.87727
1662979673151	8.89143	1.1694921	3.8318064
1662979673163	8.916554	1.1515459	3.7863426
1662979673176	8.908179	1.1611172	3.769593
1662979673184	8.89143	1.1814562	3.7839499
1662979673226	8.872287	1.183849	3.816253
1662979673237	8.855537	1.1754742	3.822235
1662979673248	8.842377	1.1599208	3.836592
1662979673280	8.880662	1.1730813	3.8629131
1662979673294	8.926126	1.1718849	3.8928235
1662979673305	8.968	1.1659029	3.8844485
1662979673364	8.973982	1.1551352	3.8916268
1662979673375	8.942876	1.1216356	3.8712878
1662979673395	8.897412	1.0917253	3.836592
1662979673406	8.86152	1.0809577	3.8138602
1662979673475	8.855537	1.082154	3.8270206
1662979673490	8.869894	1.1072787	3.818646
1662979673504	8.9057865	1.1156535	3.836592
1662979673516	8.932108	1.1300105	3.8413777
1662979673526	8.959625	1.1599208	3.8377883
1662979673539	8.950054	1.1623136	3.8617167
1662979673555	8.923733	1.1659029	3.8964126
1662979673564	8.9057865	1.1383854	3.9358943
1662979673576	8.8746805	1.1012967	3.926323
1662979673588	8.851949	1.0677971	3.9358943
1662979673603	8.851949	1.0522437	3.897609
1662979673682	8.855537	1.0689936	3.8066816
1662979673699	8.862716	1.1012967	3.7420754
1662979673708	8.878269	1.1335998	3.7516468
1662979673720	8.910572	1.1551352	3.8114674
1662979673730	8.928518	1.1491531	3.8808591
1662979673742	8.946465	1.1659029	3.897609
1662979673754	8.952447	1.1443675	3.9406798
1662979673761	8.95125	1.1180464	3.9430726
1662979673768	8.92493	1.0893325	3.9000018
1662979673775	8.898608	1.0869397	3.8318064
1662979673790	8.889037	1.0785648	3.7935212
1662979673884	8.890233	1.0917253	3.7839499
1662979673902	8.902198	1.082154	3.8318064
1662979673911	8.92493	1.0725827	3.8521454
1662979673923	8.957232	1.0677971	3.8581274
1662979673934	8.95484	1.0797613	3.8605201
1662979673943	8.969196	1.0917253	3.8330028
1662979673968	8.948857	1.096511	3.836592
1662979673982	8.928518	1.102493	3.801896
1662979673991	8.906983	1.0869397	3.7971103
1662979674001	8.898608	1.0737791	3.816253
1662979674097	8.915359	1.0749756	3.8234315
1662979674110	8.928518	1.0737791	3.8174493
1662979674126	8.920144	1.0785648	3.781557
1662979674135	8.928518	1.1072787	3.769593
1662979674145	8.936893	1.1204392	3.757629
1662979674157	8.935697	1.1192428	3.7660038
1662979674186	8.93809	1.1312069	3.7911284
1662979674196	8.95125	1.1300105	3.798307
1662979674206	8.959625	1.1048858	3.8090746
1662979674214	8.962018	1.1072787	3.8174493
1662979674227	8.95484	1.1072787	3.8270206
1662979674241	8.932108	1.1001002	3.8234315
1662979674255	8.926126	1.0929217	3.801896
1662979674296	8.918947	1.1072787	3.7971103
1662979674310	8.92134	1.1431711	3.7935212
1662979674326	8.932108	1.1575279	3.7995033
1662979674394	8.933304	1.1659029	3.7911284
1662979674408	8.946465	1.1659029	3.7731822
1662979674418	8.962018	1.1539388	3.7743785
1662979674429	8.950054	1.1359925	3.7863426
1662979674475	8.948857	1.1216356	3.7971103
1662979674488	8.912965	1.1156535	3.8114674
1662979674505	8.9057865	1.1108679	3.8066816
1662979674515	8.901001	1.11685	3.7707894
1662979674524	8.899805	1.1312069	3.7348971
1662979674531	8.901001	1.1407782	3.7707894
1662979674545	8.942876	1.1611172	3.7947176
1662979674589	8.971589	1.1467602	3.8066816
1662979674603	8.996714	1.1347961	3.8114674
1662979674617	8.983554	1.1431711	3.8258243
1662979674628	8.952447	1.1491531	3.836592
1662979674681	8.932108	1.1611172	3.8210387
1662979674697	8.904591	1.1347961	3.777968
1662979674707	8.901001	1.1264212	3.7600217
1662979674719	8.897412	1.1312069	3.7468612
1662979674732	8.914162	1.1312069	3.7707894
1662979674742	8.929715	1.1371889	3.7935212
1662979674752	8.952447	1.11685	3.7887356
1662979674768	8.952447	1.1060823	3.7456648
1662979674781	8.940483	1.1216356	3.7265222
1662979674791	8.936893	1.1623136	3.7217364
1662979674802	8.927322	1.1742777	3.7348971
1662979674881	8.929715	1.1886346	3.7564325
1662979674895	8.932108	1.1994023	3.7851462
1662979674904	8.934501	1.1766706	3.7947176
1662979674916	8.923733	1.1575279	3.8090746
1662979674926	8.957232	1.1467602	3.7707894
1662979674982	8.95484	1.1419746	3.740879
1662979674992	8.95125	1.1515459	3.7253258
1662979675000	8.946465	1.1587243	3.7097723
1662979675009	8.945269	1.1527423	3.7181473
1662979675021	8.940483	1.1599208	3.7229328
1662979675090	8.957232	1.1443675	3.7277186
1662979675100	8.965608	1.1312069	3.749254
1662979675107	8.983554	1.1120644	3.7707894
1662979675116	8.972786	1.1001002	3.7731822
1662979675124	8.962018	1.1144571	3.7432718
1662979675135	8.948857	1.1108679	3.716951
1662979675187	8.964411	1.1180464	3.702594
1662979675196	8.965608	1.1204392	3.7109687
1662979675204	8.962018	1.1192428	3.7097723
1662979675216	8.9775715	1.1264212	3.7109687
1662979675226	8.958429	1.1228321	3.7265222
1662979675238	8.966804	1.1312069	3.7504504
1662979675251	8.969196	1.1120644	3.7564325
1662979675288	8.953643	1.1036894	3.716951
1662979675299	8.93809	1.0929217	3.7073796
1662979675312	8.934501	1.0893325	3.7037904
1662979675391	8.935697	1.096511	3.6690943
1662979675402	8.915359	1.0977074	3.633202
1662979675415	8.92493	1.1276177	3.653541
1662979675427	8.963215	1.1036894	3.6978083
1662979675439	8.994321	1.1216356	3.7145581
1662979675473	8.9979105	1.1347961	3.7145581
1662979675486	8.996714	1.1395818	3.6990047
1662979675499	8.972786	1.1383854	3.670291
1662979675510	8.948857	1.1383854	3.6439698
1662979675522	8.92134	1.1216356	3.6571302
1662979675535	8.926126	1.1228321	3.679862
1662979675584	8.948857	1.1192428	3.7037904
1662979675596	8.971589	1.1060823	3.716951
1662979675608	8.988339	1.1192428	3.7337005
1662979675621	9.021839	1.1335998	3.7061832
1662979675632	9.01466	1.1407782	3.6487553
1662979675683	8.990732	1.1575279	3.6487553
1662979675700	8.982357	1.1730813	3.6607196
1662979675711	8.973982	1.1623136	3.6714873
1662979675722	8.987143	1.1670992	3.6846478
1662979675733	8.983554	1.1419746	3.7037904
1662979675743	8.971589	1.1383854	3.7193437
1662979675754	8.991928	1.1371889	3.7145581
1662979675779	8.987143	1.1491531	3.6990047
1662979675789	9.003893	1.1539388	3.6750765
1662979675800	9.005089	1.1503495	3.6559339
1662979675881	9.005089	1.1587243	3.6583266
1662979675888	9.002696	1.1503495	3.682255
1662979675901	8.991928	1.1730813	3.712165
1662979675913	8.975179	1.1539388	3.7348971
1662979675927	8.957232	1.1503495	3.73729
1662979675954	8.952447	1.1395818	3.7277186
1662979675967	8.944072	1.1252248	3.700201
1662979675978	8.932108	1.1276177	3.6870406
1662979675989	8.932108	1.1407782	3.688237
1662979676004	8.929715	1.1551352	3.716951
1662979676016	8.934501	1.1491531	3.7241294
1662979676024	8.934501	1.1587243	3.7277186
1662979676035	8.930911	1.1563315	3.7241294
1662979676046	8.934501	1.1407782	3.7337005
1662979676074	8.947661	1.1359925	3.7420754
1662979676087	8.966804	1.1455638	3.7265222
1662979676108	8.976375	1.1264212	3.7337005
1662979676121	8.964411	1.1216356	3.7516468
1662979676145	8.935697	1.1180464	3.7540395
1662979676161	8.912965	1.1276177	3.716951
1662979676197	8.915359	1.1335998	3.7145581
1662979676211	8.915359	1.1539388	3.749254
1662979676224	8.942876	1.1479566	3.7791643
1662979676236	8.972786	1.1491531	3.7923248
1662979676257	8.999106	1.1563315	3.795914
1662979676289	9.013464	1.1515459	3.7791643
1662979676304	8.989535	1.1503495	3.749254
1662979676316	8.969196	1.1539388	3.7301114
1662979676334	8.932108	1.1407782	3.7217364
1662979676353	8.906983	1.1276177	3.7456648
1662979676370	8.897412	1.1228321	3.7683966
1662979676402	8.904591	1.1395818	3.7971103
1662979676414	8.93809	1.1240284	3.8066816
1662979676430	8.950054	1.1096715	3.7660038
1662979676447	8.940483	1.1228321	3.7444685
1662979676473	8.947661	1.1335998	3.7432718
1662979676486	8.935697	1.1395818	3.7277186
1662979676506	8.944072	1.1383854	3.7241294
1662979676526	8.959625	1.1395818	3.7348971
1662979676544	8.965608	1.1359925	3.7624145
1662979676566	8.969196	1.1551352	3.7648072
1662979676597	8.970393	1.1479566	3.7480576
1662979676606	8.947661	1.1455638	3.73729
1662979676623	8.936893	1.1407782	3.7241294
1662979676642	8.935697	1.1563315	3.716951
1662979676659	8.932108	1.1491531	3.7301114
1662979676698	8.932108	1.1491531	3.7468612
1662979676708	8.964411	1.1623136	3.775575
1662979676723	8.9775715	1.1563315	3.7935212
1662979676738	9.0015	1.1395818	3.7887356
1662979676758	8.990732	1.1383854	3.7660038
1662979676774	8.960822	1.1479566	3.72054
1662979676785	8.917751	1.1395818	3.6954155
1662979676807	8.902198	1.1455638	3.6810586
1662979676825	8.901001	1.1551352	3.6978083
1662979676844	8.922537	1.1850454	3.7157545
1662979676862	8.944072	1.1850454	3.7456648
1662979676896	8.966804	1.1814562	3.777968
1662979676909	8.968	1.1647065	3.7791643
1662979676922	8.968	1.16351	3.761218
1662979676940	8.981161	1.1527423	3.7384863
1662979676962	8.995518	1.1539388	3.7097723
1662979677007	8.969196	1.1491531	3.661916
1662979677023	8.93809	1.1395818	3.661916
1662979677036	8.916554	1.1467602	3.6750765
1662979677046	8.916554	1.1599208	3.6631124
1662979677067	8.918947	1.1814562	3.6631124
1662979677098	8.941679	1.2161521	3.7109687
1662979677110	8.983554	1.2149557	3.7384863
1662979677123	9.019445	1.2053844	3.7468612
1662979677141	8.9979105	1.2053844	3.7181473
1662979677162	8.972786	1.1862419	3.6858442
1662979677183	8.933304	1.1730813	3.6714873
1662979677210	8.923733	1.1539388	3.6355948
1662979677223	8.917751	1.1659029	3.641577
1662979677239	8.953643	1.1682956	3.6403806
1662979677257	8.988339	1.16351	3.653541
1662979677289	8.990732	1.1659029	3.682255
1662979677298	8.999106	1.1623136	3.679862
1662979677316	8.978767	1.1766706	3.6667016
1662979677335	8.948857	1.1826526	3.661916
1662979677353	8.942876	1.1778669	3.6607196
1662979677372	8.947661	1.1802598	3.6690943
1662979677391	8.958429	1.1599208	3.653541
1662979677414	8.964411	1.16351	3.6439698
1662979677471	8.962018	1.1587243	3.6260235
1662979677485	8.962018	1.1527423	3.6260235
1662979677496	8.975179	1.1754742	3.6176488
1662979677506	8.981161	1.1503495	3.6200416
1662979677516	8.98475	1.1754742	3.6367912
1662979677526	8.995518	1.1994023	3.653541
1662979677554	9.005089	1.1694921	3.6667016
1662979677575	9.002696	1.1814562	3.6643088
1662979677582	9.0015	1.1694921	3.6523447
1662979677608	8.987143	1.1371889	3.6511483
1662979677621	9.003893	1.1204392	3.641577
1662979677640	8.996714	1.1300105	3.649952
1662979677659	9.013464	1.1335998	3.6451662
1662979677680	9.000303	1.1443675	3.647559
1662979677698	9.011071	1.1503495	3.647559
1662979677720	9.023035	1.1563315	3.6726837
1662979677738	9.029017	1.1730813	3.6786656
1662979677756	9.025428	1.1419746	3.6667016
1662979677774	8.987143	1.1539388	3.653541
1662979677789	8.978767	1.1443675	3.6607196
1662979677823	8.983554	1.1491531	3.6583266
1662979677834	8.979964	1.1443675	3.6284165
1662979677847	8.972786	1.1455638	3.6631124
1662979677864	8.968	1.1515459	3.6595232
1662979677896	8.960822	1.1539388	3.6439698
1662979677909	8.956036	1.1324034	3.641577
1662979677923	8.947661	1.1383854	3.670291
1662979677940	8.942876	1.1730813	3.6810586
1662979677963	8.966804	1.1694921	3.6978083
1662979677990	8.981161	1.1742777	3.7217364
1662979678018	8.9979105	1.189831	3.757629
1662979678029	8.994321	1.1958131	3.7552361
1662979678047	8.981161	1.1862419	3.7133617
1662979678066	8.959625	1.1778669	3.6571302
1662979678084	8.947661	1.1575279	3.6391842
1662979678104	8.926126	1.1682956	3.6750765
1662979678127	8.904591	1.1826526	3.712165
1662979678142	8.904591	1.183849	3.7337005
1662979678165	8.92134	1.1742777	3.7337005
1662979678184	8.935697	1.1551352	3.716951
1662979678201	8.945269	1.1754742	3.7384863
1662979678231	8.957232	1.1563315	3.7217364
1662979678247	8.933304	1.1659029	3.7097723
1662979678259	8.935697	1.1670992	3.696612
1662979678288	8.93809	1.1730813	3.716951
1662979678302	8.942876	1.1659029	3.7384863
1662979678315	8.956036	1.183849	3.761218
1662979678337	8.971589	1.1670992	3.73729
1662979678355	8.973982	1.1814562	3.7301114
1662979678376	8.968	1.1958131	3.700201
1662979678392	8.964411	1.1790633	3.712165
1662979678426	8.959625	1.1850454	3.694219
1662979678436	8.972786	1.2137593	3.694219
1662979678453	8.979964	1.2317054	3.7037904
1662979678473	9.011071	1.2580265	3.700201
1662979678504	9.011071	1.3369896	3.67388
1662979678517	8.970393	1.3899308	3.694219
1662979678529	8.945269	1.4126626	3.6547375
1662979678547	8.920144	1.4401802	3.6284165
1662979678567	8.8854475	1.5000007	3.6690943
1662979678586	8.872287	1.5311074	3.7061832
1662979678615	8.873484	1.5550356	3.7456648
1662979678624	8.896215	1.5669997	3.781557
1662979678644	8.926126	1.5658033	3.801896
1662979678663	8.985947	1.5538392	3.7432718
1662979678680	9.006286	1.4820545	3.7073796
1662979678708	8.971589	1.4066806	3.7301114
1662979678723	8.875876	1.3357933	3.8198423
1662979678744	8.769396	1.2771691	3.9011981
1662979678759	8.667701	1.2400804	3.9203408
1662979678776	8.562417	1.1407782	3.889234
1662979678793	8.413763	0.91465646	3.9358943
1662979678821	8.215158	0.5662017	4.031906
1662979678836	8.028518	0.1591227	4.1228333
1662979678847	8.028518	-0.078963146	4.1240296
1662979678865	8.328817	-0.12801601	3.822235
1662979678902	8.719147	-0.096909314	3.4836507
1662979678914	8.98475	0.16390835	3.7480576
1662979678926	9.077172	0.622433	4.3334017
1662979678942	9.156136	1.090529	4.7835517
1662979678963	9.260223	1.4856437	5.1343994
1662979678991	9.329616	1.7440686	5.2181478
1662979679024	9.309277	1.6950158	5.1415777
1662979679037	9.09153	1.3971093	5.098208
1662979679048	8.695218	1.1946167	4.8158545
1662979679065	8.253444	1.0450653	4.375276
1662979679085	7.937591	0.9409775	4.0737805
1662979679107	7.7291164	0.8811569	3.964608
1662979679127	7.5723863	0.79112697	3.9071803
1662979679142	7.57119	0.7001997	3.9071803
1662979679165	7.83799	0.65712893	4.1144586
1662979679185	8.217551	0.70378894	4.462614
1662979679201	8.65454	0.74566334	4.7955155
1662979679235	9.06162	0.7073782	5.044369
1662979679246	9.238688	0.5494519	5.2779684
1662979679258	9.217153	0.38913277	5.3533425
1662979679294	9.055637	0.37477586	5.2085767
1662979679303	8.796913	0.5099703	4.9486566
1662979679318	8.509774	0.6655038	4.8326044
1662979679338	8.370692	0.6726823	5.034798
1662979679354	8.587542	0.75523466	4.764409
1662979679375	9.302098	0.27188447	3.5817564
1662979679394	10.326824	-0.64277196	3.9418762
1662979679442	11.569298	-0.44656053	4.935496
1662979679471	12.901502	0.7289136	4.001996
1662979679479	12.676577	1.4593227	3.077768
1662979679485	11.266306	1.5753746	2.7089744
1662979679590	9.943673	1.4820545	2.254039
1662979679604	8.725129	1.5430715	1.8927227
1662979679616	7.475477	1.873281	1.7021942
1662979679627	6.5691953	2.4059832	1.576571
1662979679638	6.4531436	2.9458637	1.753939
1662979679649	6.983453	2.6982067	2.431407
1662979679659	7.9423766	2.082952	2.876771
1662979679686	9.446864	1.631606	2.9066813
1662979679697	10.876276	0.9098708	2.5438695
1662979679711	11.256735	0.45972106	2.530709
1662979679726	10.550553	0.9601201	3.0765717
1662979679740	9.449257	1.2340983	3.4692938
1662979679750	8.653344	1.2352947	3.7133617
1662979679776	8.11466	1.3274183	3.7863426
1662979679790	7.6645103	1.448555	3.6511483
1662979679805	7.2969127	1.5442679	3.3792639
1662979679817	7.198807	1.6208383	3.0095727
1662979679831	7.5400834	1.483251	2.949752
1662979679886	8.126624	1.2520444	3.3720853
1662979679900	8.655737	1.1419746	3.7480576
1662979679912	9.177671	1.2831511	3.9526439
1662979679976	9.38465	1.509572	3.9960139
1662979679994	9.302098	1.6854445	4.045067
1662979680005	9.203992	1.9441684	4.1144586
1662979680014	9.090333	2.0602202	3.9984066
1662979680025	8.8854475	1.995614	3.999603
1662979680043	8.745467	1.8421743	4.3298125
1662979680055	8.996714	1.6938193	4.7045884
1662979680089	9.749855	1.6483557	3.9873397
1662979680098	11.647064	2.3353949	3.4836507
1662979680108	12.98196	3.2117662	4.261617
1662979680191	13.035799	2.8334012	5.1499524
1662979680205	11.727223	1.5801603	4.642375
1662979680216	10.530214	0.71455663	2.998805
1662979680227	9.755837	0.14596218	1.704587
1662979680244	8.892626	-0.3915256	1.0893325
1662979680256	7.7422767	-1.2903296	1.320539
1662979680267	6.9212394	-2.0638096	1.8388842
1662979680279	7.058827	-1.7644076	1.847259
1662979680292	7.8978105	-0.58893347	1.8532411
1662979680300	8.868698	0.27786654	2.4086752
1662979680392	9.88505	1.0175478	2.6431718
1662979680405	10.597214	1.8613169	2.530709
1662979680418	10.410573	2.0063818	3.1016963
1662979680429	9.643374	1.5370895	3.9000018
1662979680444	8.793324	1.2053844	4.301099
1662979680464	8.05125	0.92662054	4.2448673
1662979680474	7.5173516	0.6858428	3.5781672
1662979680480	7.292127	0.5602196	2.7005994
1662979680485	7.292127	0.38434714	2.2983062
1662979680489	7.43121	0.18783657	2.184647
1662979680496	7.6405816	0.1902294	2.5067809
1662979680513	7.9543405	0.46809593	3.016751
1662979680521	8.241479	0.8285148	3.6104703
1662979680589	8.515757	1.0797613	4.261617
1662979680599	8.860323	1.2699906	4.6543393
1662979680605	9.306884	1.3393825	4.76082
1662979680612	9.662517	1.1742777	4.9031925
1662979680625	9.727123	0.90508515	5.159524
1662979680635	9.491131	0.7085746	5.337789
1662979680698	9.280562	0.63798636	5.4981084
1662979680706	9.062816	0.69900334	5.638088
1662979680723	8.908179	0.74207413	5.939883
1662979680731	9.329616	0.93738824	5.2719865
1662979680740	10.398609	0.54346985	3.8557346
1662979680772	11.527423	-0.55423754	3.5410783
1662979680782	11.997911	-0.79950184	3.6236308
1662979680791	12.103196	0.47527438	2.0961127
1662979680798	11.514262	2.2205393	-0.11724831
1662979680837	10.300504	3.0442686	-0.7576275
1662979680887	9.092726	3.24048	-0.0047856453
1662979680898	8.012965	2.992524	1.4234303
1662979680906	7.314859	2.1894326	3.0681968
1662979680971	7.5460653	1.3815559	4.085745
1662979680984	8.873484	0.67028946	3.6056845
1662979680991	10.141082	-0.25603202	2.4744778
1662979681002	10.188041	-0.44177487	2.0805593
1662979681010	9.309277	0.13998012	2.4888346
1662979681019	8.510971	0.392722	2.82383
1662979681037	8.058429	0.45613182	3.0083764
1662979681046	7.8236327	0.7755736	2.958127
1662979681099	7.538887	1.0725827	2.7711878
1662979681110	7.1952176	1.3863416	2.3715863
1662979681192	7.2693954	1.718944	2.2372892
1662979681205	7.95793	1.9127626	2.8022945
1662979681215	9.005089	2.03031	3.8868413
1662979681225	9.571291	2.056631	4.7189455
1662979681237	9.4839525	2.0841484	4.8026943
1662979681248	9.23151	1.9178474	4.5248275
1662979681261	9.002696	1.5861423	4.3764725
1662979681274	8.971589	1.4856437	4.449454
1662979681297	9.041281	1.5993029	4.4985065
1662979681309	8.862716	1.6902301	4.459025
1662979681319	8.780164	1.7679968	4.636393
1662979681331	9.227921	2.050649	3.6284165
1662979681394	9.924531	2.4107687	1.1670992
1662979681405	11.849557	3.5012977	0.8045866
1662979681416	12.804592	3.7911284	2.184647
1662979681429	12.061321	2.0542383	2.8489544
1662979681439	10.7997055	0.26111677	2.160719
1662979681454	9.931709	-0.79830545	1.617249
1662979681464	9.579665	-1.3034902	1.279861
1662979681475	9.257831	-1.4159528	1.2020943
1662979681491	8.993125	-0.70259255	1.4808581
1662979681590	9.224331	0.7289136	2.0219352
1662979681605	9.984351	1.9788643	2.2097716
1662979681615	10.619946	2.7233312	2.3644078
1662979681624	10.245468	2.7376883	2.909074
1662979681636	9.225528	2.0865414	3.0550363
1662979681647	8.126624	1.4581263	2.8669007
1662979681657	7.3340015	0.87637126	2.7855446
1662979681672	7.097112	0.40588254	2.5235305
1662979681685	7.288538	0.1160519	2.1714866
1662979681697	7.800901	0.050249275	2.053042
1662979681733	8.335996	0.15672988	2.1020947
1662979681741	8.744271	0.3281158	2.2899313
1662979681751	8.95125	0.6164509	2.80708
1662979681775	9.15135	0.98644114	3.58056
1662979681790	9.296116	1.2903296	4.199404
1662979681805	9.195618	1.4461622	4.3968115
1662979681819	9.03141	1.4796617	4.208975
1662979681865	8.983554	1.3600205	3.9011981
1662979681879	9.003893	1.2125629	3.7037904
1662979681892	8.987143	1.2173486	3.7325041
1662979681905	8.892626	1.2771691	3.8868413
1662979681976	8.804091	1.311865	4.0570307
1662979681993	8.825627	1.2496517	4.28076
1662979682008	8.897412	1.0654043	4.555037
1662979682022	8.987143	0.85244304	4.904389
1662979682030	9.24826	0.86919284	4.894818
1662979682041	9.99153	0.94337034	4.080959
1662979682055	11.089237	0.36400816	3.560221
1662979682063	11.89861	-0.041874398	3.6990047
1662979682074	12.119946	0.5482555	3.6236308
1662979682087	11.857932	1.8086748	2.1547368
1662979682191	10.836795	2.3952155	0.6299106
1662979682204	9.516255	2.5570302	0.20847467
1662979682215	8.42812	2.5666013	0.62871414
1662979682225	7.8164544	2.518745	1.2212368
1662979682237	7.723134	2.2959132	1.9345971
1662979682248	8.077571	1.8768703	2.725724
1662979682262	9.052048	1.5646069	2.949752
1662979682275	10.294521	0.83688974	2.3775685
1662979682284	10.642677	0.016749758	2.0231316
1662979682297	9.9807625	0.0634098	2.5606194
1662979682307	9.135797	0.5458627	3.3684962
1662979682319	8.48465	0.8021938	3.554239
1662979682390	8.032107	1.0630114	3.2703903
1662979682403	7.71117	1.3648062	3.0693932
1662979682411	7.5197444	1.6447664	2.9796624
1662979682420	7.49462	1.852942	2.9629126
1662979682431	7.7410803	2.0638096	3.1663027
1662979682443	8.27139	2.152344	3.5063825
1662979682455	8.65813	2.024328	3.9741793
1662979682481	8.520542	1.7344973	4.2364926
1662979682495	8.312068	1.5083755	4.098905
1662979682591	8.239086	1.2711871	3.8533418
1662979682604	8.335996	1.1922239	3.7803607
1662979682611	8.646166	1.4401802	4.1718864
1662979682625	9.05803	1.8541385	4.598108
1662979682638	8.9979105	2.0027926	4.5741796
1662979682650	8.554042	1.9441684	4.5427737
1662979682665	8.59472	2.1260228	4.6698923
1662979682676	9.026625	2.3772693	4.066602
1662979682687	10.003494	2.5534408	3.8700914
1662979682702	11.516655	2.9362924	4.7105703
1662979682737	12.809378	3.0442686	5.502894
1662979682750	12.665809	2.7675984	4.896014
1662979682764	12.129518	2.4382863	3.2081769
1662979682778	10.729117	1.7644076	1.995614
1662979682790	9.01466	0.89072824	1.1539388
1662979682804	7.4862447	-0.3074777	1.1084751
1662979682879	6.5715885	-1.5634105	1.8747765
1662979682888	6.6014986	-2.1355941	2.4924238
1662979682901	7.2825556	-1.6399808	2.4888346
1662979682914	8.318049	-0.6906284	2.3225334
1662979682925	9.37149	0.2431706	2.9234312
1662979682979	10.69173	1.6124634	3.3314073
1662979682998	11.434103	2.6694927	3.9454653
1662979683007	10.709676	2.579762	5.0048876
1662979683019	9.52822	1.8900307	4.8696933
1662979683033	8.450851	1.1539388	3.9143589
1662979683045	7.61785	0.5697909	3.1722846
1662979683072	7.001399	0.22253251	2.6024938
1662979683084	6.550053	0.041874398	2.1595225
1662979683096	6.3717875	0.0023928226	2.2025933
1662979683105	6.4878397	0.22851457	2.4996023
1662979683118	7.0815587	0.5590232	3.0311081
1662979683191	7.919645	0.8751749	3.682255
1662979683203	8.920144	1.2520444	4.3908296
1662979683210	9.696016	1.5490535	5.05753
1662979683223	9.893424	1.5897316	5.354539
1662979683235	9.740284	1.4365909	5.360521
1662979683245	9.61466	1.326222	5.4670014
1662979683256	9.58804	1.244866	5.710172
1662979683270	9.6529455	1.2125629	6.059524
1662979683315	10.288539	1.224527	5.7520466
1662979683327	10.90499	0.9732806	3.1292138
1662979683389	10.549356	-0.41904306	2.5845475
1662979683404	10.503893	-0.6774679	3.4669008
1662979683416	11.375479	0.52193445	2.4050858
1662979683425	11.456835	1.8158532	0.61405814
1662979683436	10.288539	2.707778	0.4034897
1662979683450	8.942876	2.972185	1.4150555
1662979683464	8.13141	2.9877381	2.501995
1662979683476	7.9854474	2.6276183	3.0957143
1662979683491	8.568398	2.1918256	3.5482569
1662979683504	9.426525	1.5933207	3.5303106
1662979683589	10.158131	0.8117651	2.754438
1662979683602	10.026226	0.3807579	2.6443682
1662979683610	9.211171	0.750449	3.0921252
1662979683623	8.568398	1.0079765	3.5446677
1662979683636	7.9651084	1.0342976	3.5087752
1662979683644	7.2993054	1.0737791	3.1579278
1662979683683	6.678069	1.1730813	3.0801609
1662979683694	6.387341	1.4198412	3.2129626
1662979683701	6.655337	1.7404794	3.289533
1662979683710	7.27777	1.9369899	3.5913277
1662979683724	7.8930244	1.8194425	4.162315
1662979683744	8.279764	1.5658033	4.5092745
1662979683756	8.49781	1.3827524	4.6172504
1662979683779	8.530113	1.311865	4.636393
1662979683790	8.454441	1.1946167	4.6172504
1662979683803	8.481061	1.1694921	4.6579285
1662979683881	8.555239	1.3660027	4.959424
1662979683893	8.945269	1.7584256	5.480162
1662979683903	10.126724	2.5905297	5.0742793
1662979683914	12.019447	3.926323	2.9186454
1662979683977	13.069298	5.0563335	2.984448
1662979683995	13.131512	4.6899323	5.0252266
1662979684006	12.527024	3.126821	5.230112
1662979684015	11.710474	1.6351951	3.777968
1662979684026	10.168898	0.3281158	2.699403
1662979684035	8.667701	-0.7085746	2.0422742
1662979684048	7.3052874	-1.7009978	1.8652053
1662979684074	6.591927	-2.2576282	2.3189442
1662979684088	6.632605	-2.024328	2.7005994
1662979684111	7.257431	-0.933799	2.4708884
1662979684119	7.8403826	0.20697916	2.7735806
1662979684127	8.728718	1.2017952	3.1627133
1662979684137	9.94128	2.193022	3.2703903
1662979684144	10.485947	2.7640092	3.9083767
1662979684150	10.027422	2.6766713	4.758427
1662979684165	9.201599	1.9585253	4.8266225
1662979684176	8.389834	1.1742777	4.365705
1662979684199	7.577172	0.5626124	3.696612
1662979684225	6.908079	0.013160525	2.9030921
1662979684234	6.5668025	-0.33888352	2.691028
1662979684255	6.6038914	-0.22731815	2.8669007
1662979684279	7.066005	0.3687938	3.0382864
1662979684296	7.7063847	0.9924232	3.6020954
1662979684312	8.221141	1.5299109	4.328616
1662979684328	8.851949	2.0183458	4.9115677
1662979684360	9.410972	2.4035904	5.0252266
1662979684374	9.5665045	2.3545375	4.8158545
1662979684395	9.242277	1.9465612	4.7775693
1662979684408	8.723932	1.3995022	5.195416
1662979684427	8.449655	0.948156	5.6934223
1662979684446	8.436495	0.7193423	6.084649
1662979684476	8.957232	0.59970117	6.4414787
1662979684516	10.231112	0.7719844	5.239683
1662979684528	10.593624	0.15672988	4.182654
1662979684666	11.048559	-0.069391854	5.1403813
1662979684683	12.5042925	0.7432705	4.3944187
1662979684695	12.832109	1.8637097	2.1702902
1662979684706	11.018649	2.7221348	0.6873383
1662979684717	8.792128	2.8932216	0.53270215
1662979684728	7.1389866	2.5761726	1.5502499
1662979684739	6.6625156	2.2337	2.618047
1662979684751	6.88774	2.0075781	3.2189445
1662979684763	7.3522468	1.8445672	3.2967114
1662979684779	8.173284	1.4258232	3.1280174
1662979684794	9.42174	0.86560357	2.5785656
1662979684817	10.129117	0.68823564	2.6539395
1662979684826	10.059726	1.2855439	3.917948
1662979684835	9.692428	1.617249	4.7775693
1662979684842	9.103494	1.6136597	4.49731
1662979684848	8.22473	1.4700904	3.8605201
1662979684855	7.2825556	1.3803595	3.39721
1662979684888	6.684051	1.4700904	3.1052856
1662979684897	6.6302123	1.6734804	3.2033913
1662979684904	7.048059	1.6471593	3.647559
1662979684911	7.5436726	1.3588241	4.0534415
1662979684946	7.7793655	1.061815	4.24726
1662979684962	7.875078	0.9589237	4.365705
1662979684974	8.209176	0.90388876	4.4398823
1662979685036	8.753842	0.933799	4.4075794
1662979685048	9.165708	1.0845468	4.693821
1662979685058	9.540184	1.4820545	5.111368
1662979685075	9.649357	2.0350957	5.5184474
1662979685083	9.891031	2.6048865	5.8154564
1662979685119	10.312468	3.2452657	4.2592244
1662979685130	10.908579	3.6487553	2.9114668
1662979685149	11.220842	3.8736808	3.3696926
1662979685162	11.598011	3.0825539	4.2795634
1662979685173	11.741581	1.8433708	3.993621
1662979685196	11.522637	0.927817	2.835794
1662979685208	10.873883	0.36041892	2.2839491
1662979685219	9.476774	-0.31585258	2.2971098
1662979685237	8.0404825	-1.0630114	2.2935205
1662979685294	7.2418776	-1.6686947	2.37039
1662979685301	7.400103	-1.468894	2.490031
1662979685308	8.227122	-0.46331027	2.670689
1662979685316	9.32124	0.48006004	2.5007987
1662979685377	10.469197	1.3576277	2.160719
1662979685396	10.842776	2.0482562	2.1714866
1662979685405	10.010673	2.1044874	3.0011978
1662979685413	8.9775715	1.8002999	3.7301114
1662979685454	8.34796	1.4353945	3.9251266
1662979685466	8.13141	1.0845468	3.9203408
1662979685476	7.8032937	0.7193423	3.5027933
1662979685490	7.2993054	0.41306102	2.984448
1662979685503	7.0935225	0.17467605	2.498406
1662979685542	7.1808605	0.05623133	2.1308086
1662979685550	7.574779	0.31375888	2.1774685
1662979685565	8.070393	0.799801	2.9210382
1662979685574	8.488239	1.224527	3.7528431
1662979685616	8.759825	1.5502499	4.3932223
1662979685625	8.993125	1.6974086	4.770391
1662979685634	9.202796	1.7093726	4.9474597
1662979685651	9.247063	1.483251	4.9725847
1662979685663	9.132208	1.1096715	5.0946183
1662979685699	8.988339	0.6750751	5.372485
1662979685708	8.981161	0.3711866	5.539983
1662979685718	9.170493	0.3185445	5.753243
1662979685736	9.792926	0.54705906	5.447859
1662979685775	10.375877	0.520738	4.1024942
1662979685789	10.79851	-0.1591227	4.126423
1662979685805	11.247164	-0.39870408	4.6639104
1662979685817	11.9153595	0.35204405	3.44058
1662979685872	11.904592	1.4138591	1.50359
1662979685881	10.507483	2.1391835	0.71007013
1662979685899	9.026625	2.6371896	0.82013994
1662979685908	8.217551	3.0717862	1.2343974
1662979685956	8.083553	3.4342988	1.6016957
1662979685967	8.241479	3.2356944	1.9944177
1662979685975	8.382656	2.5462625	2.3871398
1662979685986	8.841181	1.8182461	2.2408783
1662979685996	9.366704	0.76241314	1.7970098
1662979686033	9.433703	-0.010767702	1.774278
1662979686041	9.036494	0.050249275	2.4601207
1662979686064	8.566006	0.42741793	3.0514472
1662979686074	8.338388	0.8536395	3.435794
1662979686082	8.278568	1.3166506	3.5482569
1662979686119	8.235497	1.6651055	3.5841491
1662979686129	8.126624	1.8649062	3.5841491
1662979686149	8.009376	1.8481563	3.5267215
1662979686201	8.011768	1.6411772	3.493222
1662979686213	8.1230345	1.2436695	3.7683966
1662979686233	8.278568	1.0737791	4.1635113
1662979686244	8.314461	1.0725827	4.274778
1662979686253	8.450851	1.0426725	4.1718864
1662979686274	8.802896	1.11685	4.1180477
1662979686289	9.225528	1.3743775	4.188636
1662979686326	9.554541	1.8708882	4.3740797
1662979686336	9.666106	2.3521447	4.6447678
1662979686354	9.938888	2.670689	4.921139
1662979686364	10.511071	2.902793	3.9777687
1662979686397	11.88186	2.8334012	3.004787
1662979686404	12.856038	2.7496524	3.5793636
1662979686438	12.585649	2.1391835	4.4685965
1662979686448	11.630315	1.4030914	3.4417763
1662979686470	10.790134	0.90508515	2.03031
1662979686486	9.593125	0.35563326	1.5143577
1662979686510	8.20798	-0.4441677	1.7551354
1662979686537	7.0959153	-1.332204	1.9250258
1662979686546	6.5979095	-1.6124634	1.8101703
1662979686554	6.9355965	-0.8808578	1.6304095
1662979686561	7.904989	0.15074782	1.6782659
1662979686579	9.290133	0.846461	1.835295
1662979686600	10.604392	1.4473586	1.820938
1662979686629	11.100005	1.718944	2.7245276
1662979686644	10.533804	1.5155541	3.9119658
1662979686660	9.54497	1.2843475	4.2795634
1662979686691	8.646166	0.9936196	4.240082
1662979686699	7.882257	0.6116653	3.8665023
1662979686722	7.353443	0.34366915	3.0346973
1662979686747	7.227521	0.18544376	2.3548367
1662979686763	7.382157	0.12801601	2.2061825
1662979686776	7.670492	0.2623132	2.3991039
1662979686798	7.9722867	0.6750751	2.9102705
1662979686812	8.231908	1.0713863	3.6786656
1662979686831	8.519346	1.4234303	4.3130627
1662979686850	8.793324	1.6830516	4.5801616
1662979686888	9.096315	1.7847466	4.595715
1662979686897	9.391829	1.59691	4.673482
1662979686911	9.57488	1.1647065	4.9079785
1662979686929	9.506684	0.68823564	5.374878
1662979686948	9.193225	0.23958136	5.8094745
1662979686964	8.953643	0.07298109	6.1600227
1662979686985	9.158528	0.13519448	6.4163537
1662979687003	10.081261	0.50398827	4.7991047
1662979687031	11.253146	0.20338993	3.4597225
1662979687050	11.847164	0.010767702	3.222534
1662979687065	12.08525	1.015155	2.1738794
1662979687083	11.612369	2.2971098	0.7722835
1662979687099	10.233504	2.949453	0.22642085
1662979687121	8.842377	2.9542387	0.6358926
1662979687150	7.784151	2.5761726	1.7057835
1662979687164	7.328019	2.1068804	2.5235305
1662979687185	7.501798	1.6495521	2.9712875
1662979687199	7.949555	1.2963116	3.00718
1662979687216	8.845966	0.88235337	2.099702
1662979687238	9.65175	0.43100718	1.3181462
1662979687254	9.837193	0.69900334	1.8317057
1662979687290	9.513863	1.2077773	3.0263224
1662979687301	9.2590275	1.1204392	3.6367912
1662979687313	9.11785	1.1144571	3.8413777
1662979687332	8.769396	1.2532408	3.8413777
1662979687350	8.1230345	1.3731811	3.653541
1662979687368	7.6369925	1.6674982	3.4334013
1662979687387	7.5352974	1.8134605	3.3601213
1662979687414	7.693224	1.7153547	3.6439698
1662979687440	7.827222	1.5526428	3.9490547
1662979687454	7.8810606	1.5311074	4.0390844
1662979687464	7.871489	1.3405789	3.9215372
1662979687487	7.9073815	0.91465646	3.6954155
1662979687506	8.353942	0.9062816	3.7444685
1662979687524	9.003893	1.3660027	4.23051
1662979687544	9.68166	1.9884356	4.7009993
1662979687564	10.019048	2.4598217	4.9713883
1662979687581	10.244272	2.728117	5.1966124
1662979687601	10.310075	2.8848467	4.4662037
1662979687621	10.726725	2.7675984	3.4247274
1662979687639	11.425728	3.1543384	3.551846
1662979687665	11.930913	3.1316066	4.2185464
1662979687680	11.723635	2.2492533	3.9275193
1662979687716	11.049756	1.489233	2.5893333
1662979687726	10.484751	0.82731843	1.5047864
1662979687737	9.4432745	0.14955142	1.3049856
1662979687753	8.240283	-0.8258229	1.4246268
1662979687774	7.642975	-1.439881	1.6136597
1662979687795	7.772187	-1.1587243	1.6782659
1662979687811	8.240283	-0.40827537	1.8807586
1662979687833	8.733503	0.12562318	2.254039
1662979687854	9.537791	0.82612205	2.3572295
1662979687869	10.226326	1.5610176	2.7113671
1662979687897	10.109975	1.7524434	3.5243287
1662979687917	9.4229355	1.4976078	4.065406
1662979687930	8.68804	1.21017	4.210171
1662979687949	8.169695	1.1503495	4.095316
1662979687968	7.839186	1.055833	3.649952
1662979687988	7.750652	0.9086744	3.0789645
1662979688007	7.7925262	0.60687965	2.7640092
1662979688032	7.824829	0.3711866	2.5905297
1662979688047	7.8439717	0.4226323	2.7759733
1662979688065	7.900203	0.62841505	3.35055
1662979688085	8.081161	0.994816	3.8521454
1662979688107	8.350353	1.2640085	4.0390844
1662979688130	8.56122	1.3334004	4.2053857
1662979688149	8.7347	1.3142579	4.482953
1662979688168	9.044869	1.2329018	4.648357
1662979688185	9.355937	0.9876375	4.912764
1662979688199	9.433703	0.5590232	5.616553
1662979688219	9.335598	0.18424734	6.24766
1662979688236	9.180064	-0.03708875	6.4462643
1662979688266	9.217153	0.1363909	6.0882382
1662979688279	9.654142	0.37357944	4.8038907
1662979688298	10.386645	0.13040884	4.319045
1662979688325	11.080863	0.03589234	4.3728833
1662979688334	11.789437	0.59611195	3.3684962
1662979688350	11.853146	1.3779668	1.5837495
1662979688371	10.582856	2.1272194	0.4668995
1662979688390	9.189635	2.7005994	0.5063811
1662979688416	8.340781	2.9207392	1.0067801
1662979688432	8.030911	2.9530423	1.7321045
1662979688451	7.9998045	2.6623142	2.51037
1662979688469	8.100303	2.1415763	3.0287154
1662979688498	8.642576	1.6040884	2.864508
1662979688522	9.554541	0.8021938	2.0075781
1662979688538	9.912567	0.22851457	1.6567305
1662979688546	9.476774	0.47168517	2.5941188
1662979688564	8.957232	0.6583253	3.44058
1662979688587	8.670094	0.76241314	3.749254
1662979688602	8.53131	1.1946167	3.728915
1662979688619	8.218747	1.6088741	3.6176488
1662979688649	7.797312	1.6806588	3.5063825
1662979688670	7.4659057	1.576571	3.44058
1662979688694	7.5197444	1.4605191	3.4872398
1662979688700	7.8367934	1.2975081	3.8341992
1662979688720	8.216354	1.16351	4.220939
1662979688740	8.532506	1.1012967	4.302295
1662979688755	8.715557	1.0893325	4.011567
1662979688773	8.727522	1.1934203	3.8377883
1662979688803	8.901001	1.4330016	4.1036906
1662979688816	9.107083	1.6842481	4.358526
1662979688835	8.979964	1.9043877	4.4925246
1662979688849	8.889037	2.2743778	4.619643
1662979688869	9.215957	2.7675984	4.8003016
1662979688898	10.1700945	3.0320053	4.3405805
1662979688926	11.782259	3.1890345	4.2221355
1662979688936	12.951751	2.94706	4.577769
1662979688953	13.04178	2.1595225	4.485346
1662979688968	12.097214	1.1778669	3.0969107
1662979688987	10.994721	0.6164509	1.6447664
1662979689007	9.390633	-0.0634098	0.9984053
1662979689038	7.7159557	-0.9409775	1.3755739
1662979689049	6.6409802	-1.6998014	2.036292
1662979689064	6.545267	-1.5849459	2.3919253
1662979689094	7.4096746	-0.48006004	2.4625137
1662979689104	8.884252	0.5159524	2.4684956
1662979689122	10.774581	1.3887345	2.099702
1662979689139	11.893824	2.3665016	2.012364
1662979689176	11.189736	2.4323041	2.9485557
1662979689188	9.646963	1.8074784	3.8377883
1662979689205	8.444869	1.4246268	4.0773697
1662979689219	7.591529	1.0534402	3.9406798
1662979689234	7.071987	0.5386842	3.5099716
1662979689255	6.814759	0.21535404	2.9473593
1662979689285	6.696015	0.124426775	2.4158535
1662979689302	6.8099732	0.16390835	1.9130617
1662979689337	7.2299137	0.30538398	1.9274186
1662979689350	7.7937226	0.47886363	2.7053852
1662979689361	8.380263	0.78753775	3.6260235
1662979689370	8.892626	1.16351	4.2891345
1662979689391	9.364311	1.474876	4.735695
1662979689419	9.907782	1.6806588	5.200202
1662979689437	10.353146	1.7476579	5.688637
1662979689456	10.289736	1.5119648	6.0786667
1662979689468	9.77498	1.0845468	6.194719
1662979689491	9.32124	0.68345	6.1887364
1662979689509	9.114262	0.4322036	6.361319
1662979689527	9.342776	0.6008976	5.6440706
1662979689552	9.725926	0.52193445	3.740879
1662979689573	10.240683	-0.20578274	3.2213376
1662979689588	11.013864	-0.45732823	3.1758738
1662979689602	11.584851	0.2730809	1.5693926
1662979689619	11.437693	1.6866409	-0.043070808
1662979689638	10.142278	2.8489544	-0.032303106
1662979689664	9.015857	3.3003006	0.5841478
1662979689689	8.284551	3.1639097	1.218844
1662979689701	7.9316087	2.7508488	2.2660031
1662979689729	8.057232	2.3557339	3.1890345
1662979689740	8.723932	1.7273189	3.0634112
1662979689755	9.403793	0.541077	2.082952
1662979689786	9.583255	-0.08733802	2.0578275
1662979689800	9.247063	0.50398827	2.8692935
1662979689818	8.842377	1.096511	3.3122647
1662979689837	8.691629	1.3010973	3.3936207
1662979689852	8.661719	1.3803595	3.5973098
1662979689873	8.597113	1.4294125	3.6906297
1662979689899	8.27139	1.2987045	3.6726837
1662979689926	7.730313	1.1216356	3.6032917
1662979689936	7.5197444	1.0043873	3.5829527
1662979689958	7.7183485	0.9314062	3.9251266
1662979689975	8.066803	1.0402796	4.2999024
1662979689986	8.391031	1.2161521	4.2460637
1662979690007	8.6090765	1.4473586	3.946662
1662979690025	8.732307	1.7057835	3.856931
1662979690056	8.774181	1.9764715	4.028317
1662979690081	8.799306	2.103291	4.17069
1662979690097	9.032906	2.2791636	4.449454
1662979690105	9.462418	2.551048	4.720142
1662979690135	9.887443	2.9374888	4.28076
1662979690146	10.500304	3.2787652	3.3696926
1662979690158	11.049756	3.4677982	3.5123646
1662979690187	11.190932	3.1555347	4.176672
1662979690204	10.894222	2.3018954	4.776373
1662979690218	10.50509	1.5466608	4.475775
1662979690236	10.11835	0.72053874	3.4633117
1662979690258	9.899406	0.36281174	2.8863423
1662979690286	9.352347	-0.016749758	2.2384856
1662979690296	8.47149	-0.8919246	1.7718852
1662979690322	7.9507513	-1.6423737	1.8293129
1662979690335	7.9974113	-1.779961	2.0757737
1662979690359	8.412566	-1.2065809	2.0470598
1662979690372	8.850752	-0.3400799	2.091327
1662979690395	9.0436735	0.32452658	2.5402803
1662979690411	9.229117	1.0259227	3.112464
1662979690429	9.553345	1.7428722	3.3649068
1662979690455	9.562916	2.0877378	3.8294137
1662979690468	9.153743	1.8134605	4.339384
1662979690490	8.757432	1.3417753	4.496114
1662979690506	8.544471	1.096511	4.409972
1662979690538	8.283354	0.9457632	3.769593
1662979690547	8.076375	0.846461	3.0227332
1662979690565	7.932805	0.70378894	2.691028
1662979690584	7.79133	0.6667002	2.638386
1662979690701	7.7817583	0.8021938	2.9389844
1662979690710	7.9256268	0.9816555	3.4908292
1662979690721	8.089535	1.1910275	4.0366917
1662979690732	8.282157	1.2999009	4.4111686
1662979690740	8.434102	1.1910275	4.592126
1662979690749	8.604291	1.0402796	4.7249274
1662979690758	8.968	0.933799	4.970192
1662979690779	9.395418	0.8225328	5.343771
1662979690795	9.547362	0.7073782	5.769993
1662979690806	9.347562	0.64277196	6.0140605
1662979690850	9.048459	0.5458627	6.2054863
1662979690863	9.050852	0.45852464	5.9709897
1662979690872	9.442079	0.24915266	4.766802
1662979690883	10.165309	-0.4872385	4.3669014
1662979690952	10.973186	-0.8042875	4.5427737
1662979690965	11.909377	0.21415763	2.958127
1662979690976	12.267104	1.9513469	0.8356933
1662979690985	10.989935	3.321836	0.42023948
1662979690996	9.378669	3.8270206	0.43459642
1662979691007	8.319246	3.6104703	1.0378869
1662979691094	7.8164544	2.9733813	2.0291135
1662979691103	7.6645103	2.1128623	2.7759733
1662979691110	8.065607	1.5239289	2.925824
1662979691119	9.015857	0.8536395	2.3249264
1662979691133	9.819247	0.041874398	1.724926
1662979691146	9.879067	0.013160525	2.003989
1662979691157	9.476774	0.7181459	2.559423
1662979691170	9.096315	1.2089736	3.1435707
1662979691197	8.906983	1.2855439	3.6032917
1662979691213	8.774181	1.4246268	3.7360935
1662979691227	8.503793	1.576571	3.6116667
1662979691237	8.060822	1.7165512	3.2919257
1662979691251	7.776973	1.8373886	3.0598218
1662979691294	7.879864	1.7847466	3.1292138
1662979691303	8.22473	1.5681962	3.4980075
1662979691316	8.368299	1.3755739	3.87727
1662979691347	8.233105	1.2987045	3.938287
1662979691357	8.058429	1.2376875	3.7672002
1662979691385	8.12782	1.1431711	3.6667016
1662979691399	8.686844	1.2927225	3.897609
1662979691411	9.378669	1.631606	4.3262234
1662979691472	9.660124	1.9812572	4.5320063
1662979691484	9.458828	2.1966112	4.4805603
1662979691490	8.962018	2.3318057	4.5092745
1662979691501	8.512167	2.4478576	4.6447678
1662979691540	8.545667	2.6455646	4.6698923
1662979691555	9.171689	2.8166513	3.694219
1662979691563	10.62832	3.2991042	3.3230324
1662979691570	11.578869	3.8832521	3.9143589
1662979691587	11.994323	3.5730824	4.523631
1662979691600	11.860325	2.5630121	4.1778684
1662979691715	11.37189	1.2963116	2.51037
1662979691723	10.444073	-0.016749758	0.89312106
1662979691731	9.238688	-1.4003994	0.66341007
1662979691745	8.356335	-2.4849463	1.3887345
1662979691756	8.187641	-2.6048865	1.8424734
1662979691765	8.576774	-1.6806588	1.9034904
1662979691777	9.12503	-0.5458627	2.585744
1662979691793	9.560523	0.2551347	2.82383
1662979691805	9.839586	1.1850454	2.693421
1662979691815	9.712767	2.0865414	2.8983064
1662979691830	9.164511	2.4059832	3.118446
1662979691880	8.461619	2.1176481	3.2165518
1662979691898	8.265408	1.8218354	3.2321053
1662979691908	8.288139	1.5155541	3.2321053
1662979691921	8.350353	1.1359925	3.0095727
1662979691967	8.532506	0.7926225	2.6682963
1662979691976	8.570791	0.4657031	2.6850462
1662979691986	8.39462	0.2970091	2.8178477
1662979692001	8.261818	0.34606197	3.2117662
1662979692014	8.327621	0.5805586	3.8796628
1662979692023	8.574381	1.0271192	4.2664027
1662979692077	8.801699	1.4150555	4.261617
1662979692095	9.044869	1.5418751	4.237689
1662979692110	9.276974	1.4318053	4.2556353
1662979692123	9.367901	1.096511	4.3848476
1662979692136	9.229117	0.7289136	4.7823553
1662979692166	8.8854475	0.43459642	5.185845
1662979692181	8.53131	0.2551347	5.3222356
1662979692194	8.303693	0.040677983	5.3294144
1662979692206	8.420941	-0.0011964113	5.2193446
1662979692220	9.186047	0.17347965	4.4315076
1662979692235	10.440483	-0.096909314	3.8258243
1662979692247	11.49153	-0.19621146	4.0642095
1662979692293	12.203694	0.7253244	3.844967
1662979692303	11.942877	2.0087745	2.7699914
1662979692310	10.749456	2.7089744	1.5993029
1662979692322	9.086744	2.8573294	1.3169497
1662979692377	7.4012995	2.8250263	1.8400806
1662979692389	6.133403	2.7508488	2.1332014
1662979692399	6.008976	2.606083	2.032703
1662979692412	7.066005	2.300699	2.03031
1662979692425	8.274979	2.009971	2.1343977
1662979692434	9.306884	1.7356937	2.2121646
1662979692470	10.155738	1.428216	2.1427727
1662979692481	10.3232355	1.3417753	2.3201406
1662979692489	9.807282	1.637588	3.2081769
1662979692575	9.145369	1.8505492	3.97059
1662979692585	8.856734	2.082952	3.9873397
1662979692595	8.86152	2.2360928	3.6607196
1662979692609	8.807681	2.4143581	3.7313077
1662979692620	8.682058	2.4670002	4.0941195
1662979692634	8.680861	2.2791636	4.319045
1662979692647	8.670094	1.9609182	4.4171505
1662979692660	8.430512	1.5658033	4.328616
