Timestamp 	 X 	 Y 	 Z 
1662992262636	10.023833	0.57457656	-0.7791629
1662992262704	10.135099	0.41904306	-0.14356937
1662992262710	9.897014	0.17826529	-0.4211368
1662992262715	9.639785	0.106480606	-0.6978069
1662992262723	9.512667	0.15314065	-0.76959157
1662992262759	9.529416	0.25393832	-0.85094756
1662992262768	9.584451	0.2551347	-0.87966144
1662992262837	9.626625	0.20697916	-0.7576275
1662992262847	9.839586	0.28983065	-0.581755
1662992262860	9.965209	0.30179477	-0.56859446
1662992262870	9.94487	0.325723	-0.6523433
1662992262910	9.759426	0.24197419	-0.7181459
1662992262923	9.550952	0.11365908	-0.73489565
1662992262989	9.552148	0.02871387	-0.7001997
1662992263002	9.661321	-0.033499517	-0.63559353
1662992263012	9.75823	-0.047856454	-0.63200426
1662992263020	9.803694	0.02632105	-0.61405814
1662992263032	9.84796	0.14237295	-0.56859446
1662992263041	9.856336	0.22731815	-0.541077
1662992263052	9.859925	0.29940194	-0.4761717
1662992263060	9.770194	0.30179477	-0.44745782
1662992263067	9.723534	0.3173481	-0.50039905
1662992263115	9.77498	0.32093734	-0.51236314
1662992263126	9.84796	0.22013968	-0.5087739
1662992263191	9.886246	0.16630118	-0.45224348
1662992263204	9.89821	0.10767702	-0.45942193
1662992263213	9.826426	0.039481573	-0.47856453
1662992263220	9.748658	0.0035892338	-0.4127619
1662992263242	9.768997	-0.0011964113	-0.35533416
1662992263256	9.723534	0.021535404	-0.4031906
1662992263266	9.687641	0.07058827	-0.53629136
1662992263275	9.783355	0.1902294	-0.58893347
1662992263284	9.790533	0.30418757	-0.6858428
1662992263305	9.730712	0.40827537	-0.73130643
1662992263381	9.603892	0.41904306	-0.74446696
1662992263395	9.611072	0.3807579	-0.6643074
1662992263406	9.742677	0.25752753	-0.53270215
1662992263417	9.893424	0.1160519	-0.37447673
1662992263424	9.983155	-0.05623133	-0.2213361
1662992263434	10.107582	-0.12801601	-0.16271193
1662992263443	10.07169	-0.09212367	-0.29790643
1662992263452	9.94128	-0.015553347	-0.5315057
1662992263512	9.776176	0.06699903	-0.7157531
1662992263525	9.657731	0.1268196	-0.78035927
1662992263533	9.625428	0.18903299	-0.80548394
1662992263540	9.674481	0.22612174	-0.70618176
1662992263597	9.776176	0.20458634	-0.61046886
1662992263609	9.879067	0.18424734	-0.5267201
1662992263618	10.005887	0.20817557	-0.41994038
1662992263633	10.050154	0.20338993	-0.34456646
1662992263645	10.009477	0.20338993	-0.5195416
1662992263653	9.65175	0.15433706	-1.0582259
1662992263662	9.153743	0.18305093	-1.3740784
1662992263708	8.772985	0.28863424	-1.3393825
1662992263718	8.542078	0.28983065	-1.0713863
1662992263728	8.597113	0.1902294	-0.7827521
1662992263739	9.079565	0.104087785	-0.5602196
1662992263759	9.940084	0.16749759	-0.2009971
1662992263769	10.50509	0.15672988	0.19770697
1662992263828	10.670195	0.11006984	0.06849455
1662992263839	10.673783	0.23838496	-0.33738798
1662992263851	10.533804	0.45613182	-0.5709873
1662992263860	10.119546	0.5075775	-0.47377887
1662992263925	9.562916	0.4118646	-0.41874397
1662992263934	9.217153	0.33409786	-0.45104706
1662992263990	9.195618	0.32333016	-0.4761717
1662992264005	9.529416	0.45014977	-0.45224348
1662992264014	10.062119	0.60807604	-0.45583272
1662992264024	10.440483	0.58654064	-0.38524446
1662992264033	10.720743	0.3915256	-0.023928227
1662992264042	10.903793	0.37357944	0.49202415
1662992264052	10.491929	0.43100718	0.581755
1662992264063	9.669696	0.2730809	-0.15194423
1662992264074	9.229117	-0.09930214	-0.6008976
1662992264109	8.7622175	-0.6343971	-0.9239286
1662992264118	8.940483	-0.5733801	-0.9454641
1662992264159	9.680463	-0.14596218	-1.2819548
1662992264172	9.69482	0.05623133	-1.8337995
1662992264181	9.696016	0.42861435	-2.0814567
1662992264194	9.894621	0.7265208	-1.5894325
1662992264204	9.962816	0.7049854	-0.8856435
1662992264214	9.801301	0.45134616	-0.45822555
1662992264237	9.642178	0.15074782	-0.2656033
1662992264245	9.561719	-0.27158538	-0.14237295
1662992264272	9.6015	-0.6128617	-0.1471586
1662992264304	9.773783	-0.7516454	-0.28713873
1662992264382	9.965209	-0.65952176	-0.5159524
1662992264392	10.203594	-0.37357944	-0.74207413
1662992264400	10.300504	-0.020338992	-0.8772686
1662992264410	10.317253	0.32452658	-0.8449655
1662992264420	10.17488	0.5051847	-0.85094756
1662992264433	9.961619	0.4728816	-1.0280164
1662992264440	9.668499	0.23479572	-1.2939188
1662992264447	9.332008	-0.014356935	-1.2795619
1662992264504	9.037691	-0.22731815	-1.1814562
1662992264513	8.979964	-0.35324043	-1.2783655
1662992264520	9.129815	-0.29671	-1.2723835
1662992264526	9.420543	-0.14356937	-1.1934203
1662992264583	9.712767	-0.009571291	-1.102493
1662992264594	9.940084	0.07178468	-0.8605189
1662992264603	9.961619	0.0	-0.6583253
1662992264632	9.728319	-0.19501504	-0.6774679
1662992264641	9.51147	-0.49082774	-0.7959126
1662992264648	9.495916	-0.7923234	-0.8545368
1662992264656	9.562916	-0.9816555	-0.91555375
1662992264708	9.754641	-1.0055838	-0.8497511
1662992264717	10.0011015	-0.93619186	-0.64277196
1662992264761	10.211968	-0.7827521	-0.52552366
1662992264781	10.256236	-0.6008976	-0.56380886
1662992264789	10.107582	-0.5159524	-0.75284183
1662992264796	9.946067	-0.39391842	-0.92512506
1662992264804	9.77498	-0.26919255	-1.0100702
1662992264821	9.71157	-0.124426775	-0.9239286
1662992264831	9.748658	-0.04546363	-0.831805
1662992264838	9.730712	-0.06819545	-0.6451648
1662992264909	9.776176	-0.22851457	-0.520738
1662992264917	9.730712	-0.49322057	-0.55064833
1662992264985	9.770194	-0.67028946	-0.55064833
1662992264993	9.869496	-0.6547361	-0.51475596
1662992265000	9.900602	-0.48364928	-0.48933223
1662992265007	9.776176	-0.23569304	-0.73130643
1662992265013	9.553345	-0.06580263	-1.0423734
1662992265023	9.70798	-0.10289137	-1.3369896
1662992265032	10.464412	-0.031106694	-1.6591234
1662992265039	10.141082	-0.36640096	-1.8553349
1662992265102	9.328419	-0.34247273	-0.73489565
1662992265109	9.343972	0.37238303	-0.41156548
1662992265155	9.553345	0.91465646	-0.7755736
1662992265163	9.672089	0.7468598	-0.98016
1662992265170	9.759426	0.5733801	-0.7049854
1662992265177	9.943673	0.4872385	-0.77677006
1662992265187	10.094421	0.4668995	-0.8030911
1662992265195	10.201201	0.4226323	-0.5518447
1662992265233	10.033404	0.17587246	-0.61884373
1662992265243	9.779765	0.076570325	-1.0582259
1662992265250	9.516255	0.08853444	-1.4231312
1662992265263	9.241081	0.17826529	-1.4362918
1662992265379	9.055637	0.27667013	-1.1407782
1662992265391	9.089137	0.40588254	-1.1228321
1662992265402	9.428918	0.5063811	-1.1970096
1662992265411	9.696016	0.47048876	-1.1802598
1662992265421	9.972387	0.61884373	-1.1467602
1662992265432	10.108778	0.7325028	-0.9669995
1662992265443	9.997512	0.453739	-1.0124631
1662992265453	9.656535	0.014356935	-1.1180464
1662992265465	9.440882	0.015553347	-1.4530416
1662992265489	9.867104	0.47168517	-1.6950158
1662992265502	10.356734	0.8775677	-1.588236
1662992265513	10.526625	1.0642079	-1.5475581
1662992265526	10.566107	1.204188	-1.4793626
1662992265589	10.183255	1.1455638	-1.2077773
1662992265605	9.495916	0.7372885	-1.527219
1662992265612	9.027821	0.5841478	-2.0802603
1662992265625	8.964411	0.5662017	-1.8577276
1662992265637	9.32483	0.6750751	-1.2329018
1662992265647	9.529416	0.8321041	-0.8102696
1662992265658	9.573684	0.9421739	-0.9287143
1662992265711	9.44806	0.9696914	-1.5595222
1662992265727	9.194421	0.91465646	-2.001297
1662992265738	9.120243	1.0175478	-1.9486549
1662992265745	9.0182495	1.2927225	-1.7787645
1662992265764	9.073584	1.3803595	-1.6914265
1662992265775	8.959625	1.1647065	-1.5391831
1662992265797	8.89502	0.7938189	-1.1503495
1662992265832	8.911769	0.53988063	-0.7815557
1662992265844	9.101101	0.5135596	-0.7743772
1662992265854	9.170493	0.6966105	-1.4482559
1662992265915	9.42174	1.0378869	-1.7344973
1662992265927	9.973584	1.1431711	-1.3286148
1662992265933	10.829617	0.90149593	-0.37447673
1662992265943	11.7260275	0.67387867	0.7830512
1662992265989	11.938091	0.13280165	1.2284154
1662992266003	11.492727	-0.2213361	0.68494546
1662992266014	10.1446705	-0.49202415	-0.5195416
1662992266026	9.132208	-0.69900334	-1.5690935
1662992266036	8.848359	-0.33409786	-1.8182461
1662992266046	8.835198	0.44656053	-1.5499508
1662992266107	9.136993	1.1324034	-1.7548363
1662992266121	9.556933	1.4126626	-1.9331015
1662992266157	10.235897	1.5981064	-1.7703897
1662992266170	10.573285	1.4222339	-1.3848461
1662992266187	10.410573	0.78634137	-0.92512506
1662992266197	10.027422	0.1268196	-0.45942193
1662992266219	9.655338	-0.4621139	-0.26799613
1662992266232	9.290133	-1.041476	-0.2656033
1662992266243	9.1669035	-1.2999009	-0.49292147
1662992266253	9.334401	-1.1180464	-0.8533404
1662992266262	9.540184	-0.72053874	-1.0220344
1662992266272	9.7654085	-0.30508488	-1.096511
1662992266413	9.937692	0.050249275	-1.1539388
1662992266423	10.143475	0.36640096	-1.2735798
1662992266434	10.255039	0.62721866	-1.3860425
1662992266446	10.092029	0.62961143	-1.4650056
1662992266454	9.838389	0.4884349	-1.387239
1662992266463	9.548559	0.2623132	-1.1659029
1662992266472	9.342776	0.041874398	-1.0339985
1662992266482	9.343972	-0.10049855	-0.9526425
1662992266493	9.561719	-0.16151553	-0.9083753
1662992266514	9.824033	-0.19262223	-0.8665009
1662992266524	10.048958	-0.17108682	-0.8665009
1662992266535	10.179666	-0.11485548	-0.9729815
1662992266545	10.138689	-0.09930214	-1.1431711
1662992266604	9.9293165	-0.06819545	-1.1910275
1662992266618	9.645767	-0.05383851	-1.2161521
1662992266627	9.397811	-0.039481573	-1.244866
1662992266634	9.342776	0.049052864	-1.2999009
1662992266644	9.427721	0.13998012	-1.2951152
1662992266655	9.553345	0.15074782	-1.2233306
1662992266668	9.730712	0.09332009	-1.0076774
1662992266713	9.78814	-0.047856454	-0.8341978
1662992266727	9.776176	-0.18903299	-0.79950184
1662992266762	9.764212	-0.29312077	-0.8234301
1662992266772	9.725926	-0.39391842	-0.8712866
1662992266781	9.637392	-0.5315057	-0.87367934
1662992266787	9.590433	-0.5985048	-0.92632145
1662992266796	9.59163	-0.6260222	-1.0100702
1662992266833	9.643374	-0.62123656	-0.9729815
1662992266846	9.746265	-0.56859446	-0.817448
1662992266854	9.91137	-0.4884349	-0.73848486
1662992266914	9.979566	-0.42981076	-0.56141603
1662992266926	10.014262	-0.27996024	-0.46899325
1662992267011	10.086046	-0.06580263	-0.4319045
1662992267024	10.075279	0.18305093	-0.4019942
1662992267034	9.959227	0.32213375	-0.53988063
1662992267044	9.843175	0.30538398	-0.6260222
1662992267055	9.795319	0.0849452	-0.535095
1662992267064	9.712767	-0.20219351	-0.2943172
1662992267075	9.840782	-0.3376871	-0.029910283
1662992267083	10.052547	-0.36640096	0.07088737
1662992267105	10.060922	-0.33409786	-0.0011964113
1662992267115	9.913763	-0.4022933	-0.20338993
1662992267222	9.863514	-0.88205427	-0.62123656
1662992267235	10.177273	-1.2376875	-1.1766706
1662992267247	9.530613	-1.6304095	-1.913959
1662992267257	8.45803	-1.6770695	-1.602593
1662992267267	8.5887375	-0.83778703	-0.86291164
1662992267276	9.174082	0.19142582	-0.71694946
1662992267287	9.536594	0.7289136	-0.9622138
1662992267296	9.515059	0.8967103	-1.2592229
1662992267306	9.966406	1.183849	-1.2340983
1662992267317	10.220344	1.1240284	-0.59611195
1662992267416	10.074082	0.8153543	-0.12921242
1662992267429	9.891031	0.42382872	-0.3804588
1662992267440	9.7654085	-0.07776674	-0.90358967
1662992267450	9.672089	-0.4776672	-1.2723835
1662992267459	9.752248	-0.5554339	-1.16351
1662992267469	10.002297	-0.3699902	-0.67387867
1662992267479	10.013065	-0.22851457	-0.39840496
1662992267489	9.841979	-0.03708875	-0.5171488
1662992267498	9.764212	0.23958136	-0.80907315
1662992267515	9.833604	0.3580261	-0.9167502
1662992267524	10.011869	0.22492532	-0.9023932
1662992267534	9.94846	0.1902294	-0.8437691
1662992267545	9.699606	0.14476576	-1.0630114
1662992267626	9.499506	-0.013160525	-1.2077773
1662992267639	9.404989	-0.11485548	-1.1036894
1662992267646	9.413364	-0.2009971	-0.9311071
1662992267655	9.595518	-0.27038896	-0.8066803
1662992267663	9.857532	-0.17108682	-0.78035927
1662992267673	10.033404	-0.047856454	-0.89760756
1662992267686	10.072886	0.08135597	-0.9765707
1662992267710	10.089636	0.26590243	-0.79950184
1662992267720	10.011869	0.43100718	-0.7791629
1662992267760	9.849157	0.5027919	-0.9921241
1662992267771	9.68166	0.4776672	-1.2687942
1662992267780	9.593125	0.43938205	-1.3298112
1662992267787	9.627821	0.40468612	-1.2364911
1662992267833	9.715159	0.35682967	-1.0184451
1662992267843	9.814461	0.34486556	-0.87367934
1662992267851	9.871889	0.34127632	-0.78873414
1662992267861	9.859925	0.27906293	-0.68464637
1662992268017	9.893424	0.23718855	-0.5709873
1662992268034	9.91137	0.15433706	-0.5662017
1662992268044	9.924531	0.13878371	-0.6523433
1662992268051	9.813265	0.078963146	-0.8593224
1662992268058	9.718748	0.058624156	-0.89760756
1662992268069	9.657731	0.058624156	-0.77318084
1662992268081	9.660124	-0.0023928226	-0.6367899
1662992268092	9.7043915	0.0059820567	-0.58893347
1662992268104	9.747462	0.06819545	-0.62123656
1662992268114	9.731909	0.08733802	-0.5949155
1662992268122	9.7247305	0.07178468	-0.55423754
1662992268130	9.748658	0.106480606	-0.52193445
1662992268222	9.703195	0.13040884	-0.5602196
1662992268237	9.658928	0.18185452	-0.71216387
1662992268251	9.640982	0.2527419	-0.7683952
1662992268265	9.705587	0.34247273	-0.6966105
1662992268277	9.75823	0.38673997	-0.6451648
1662992268289	9.826426	0.38315073	-0.62482584
1662992268300	9.792926	0.3400799	-0.6308079
1662992268314	9.784551	0.28025934	-0.6511469
1662992268326	9.703195	0.2105684	-0.7289136
1662992268341	9.633803	0.15672988	-0.7636095
1662992268415	9.582058	0.16271193	-0.7755736
1662992268427	9.585648	0.21535404	-0.8246265
1662992268437	9.636196	0.2527419	-0.7923234
1662992268448	9.687641	0.30897322	-0.6774679
1662992268458	9.75823	0.32213375	-0.5841478
1662992268467	9.80489	0.29222345	-0.56859446
1662992268475	9.815658	0.2515455	-0.53270215
1662992268483	9.82164	0.23120649	-0.48095736
1662992268495	9.837193	0.20219351	-0.47018966
1662992268518	9.801301	0.15194423	-0.4331009
1662992268529	9.813265	0.14237295	-0.38165522
1662992268538	9.904192	0.13998012	-0.37567315
1662992268550	9.966406	0.11964113	-0.40079778
1662992268628	9.889835	0.16151553	-0.46779683
1662992268641	9.777372	0.22253251	-0.6439684
1662992268651	9.664909	0.25752753	-0.7492526
1662992268659	9.631411	0.2527419	-0.7636095
1662992268667	9.629018	0.16869399	-0.75643104
1662992268677	9.67807	0.10049855	-0.65353966
1662992268711	9.7654085	0.0741775	-0.54346985
1662992268723	9.813265	0.06580263	-0.56380886
1662992268762	9.869496	0.111266255	-0.5697909
1662992268777	9.864711	0.13160525	-0.6451648
1662992268785	9.77498	0.14117654	-0.68345
1662992268794	9.731909	0.20817557	-0.6786643
1662992268806	9.753445	0.22492532	-0.663111
1662992268829	9.789336	0.2117648	-0.5805586
1662992268841	9.824033	0.25752753	-0.54466623
1662992268850	9.897014	0.22851457	-0.51236314
1662992268860	9.8682995	0.16510476	-0.5051847
1662992268906	9.831211	0.11006984	-0.53389853
1662992268917	9.80489	0.06460621	-0.49292147
1662992269016	9.778569	0.07298109	-0.44865423
1662992269027	9.764212	0.1471586	-0.49292147
1662992269036	9.815658	0.23958136	-0.60687965
1662992269046	9.871889	0.25752753	-0.6511469
1662992269057	9.852746	0.23120649	-0.7049854
1662992269063	9.782158	0.17347965	-0.70378894
1662992269070	9.777372	0.13399807	-0.67387867
1662992269082	9.822836	0.09451649	-0.5709873
1662992269106	9.913763	0.0849452	-0.3924229
1662992269114	9.891031	0.106480606	-0.35413775
1662992269224	9.877871	0.11246266	-0.49172506
1662992269239	9.736694	0.13878371	-0.5925227
1662992269248	9.625428	0.19262223	-0.61405814
1662992269257	9.549755	0.2970091	-0.70977104
1662992269269	9.51147	0.30299118	-0.80907315
1662992269278	9.519845	0.30897322	-0.7612167
1662992269285	9.550952	0.29940194	-0.63559353
1662992269293	9.550952	0.19621146	-0.50398827
1662992269305	9.624231	0.083748795	-0.46301118
1662992269316	9.705587	0.022731815	-0.4139583
1662992269433	9.855139	0.040677983	-0.4319045
1662992269445	9.958031	0.076570325	-0.58893347
1662992269459	9.935299	0.16151553	-0.74446696
1662992269472	9.856336	0.21415763	-0.85214394
1662992269483	9.751051	0.28743783	-0.83060855
1662992269495	9.703195	0.28265217	-0.77796644
1662992269503	9.734302	0.2335993	-0.68464637
1662992269511	9.752248	0.17826529	-0.59730834
1662992269522	9.760623	0.0741775	-0.4881358
1662992269533	9.7654085	-0.010767702	-0.4426722
1662992269546	9.82164	0.0059820567	-0.47138608
1662992269557	9.820443	0.038285162	-0.5279165
1662992269566	9.814461	0.11724831	-0.5985048
1662992269632	9.786943	0.22851457	-0.7480562
1662992269642	9.785748	0.3484548	-0.8365906
1662992269653	9.782158	0.36041892	-0.8282157
1662992269667	9.779765	0.2970091	-0.70618176
1662992269676	9.802497	0.18065812	-0.58893347
1662992269686	9.807282	0.069391854	-0.48215377
1662992269763	9.780962	-0.014356935	-0.4319045
1662992269777	9.753445	-0.047856454	-0.42951167
1662992269787	9.730712	0.0059820567	-0.5171488
1662992269799	9.719945	0.06699903	-0.6152545
1662992269811	9.740284	0.20219351	-0.6750751
1662992269823	9.791729	0.29341987	-0.6978069
1662992269837	9.838389	0.29222345	-0.70618176
1662992269848	9.815658	0.22372891	-0.7001997
1662992269858	9.786943	0.11365908	-0.6415756
1662992269866	9.718748	0.031106694	-0.5709873
1662992269906	9.70798	-0.010767702	-0.49292147
1662992269918	9.684052	0.021535404	-0.45942193
1662992270013	9.649357	0.02632105	-0.51475596
1662992270022	9.669696	0.062213387	-0.62961143
1662992270029	9.715159	0.12203395	-0.6439684
1662992270038	9.776176	0.17706887	-0.6164509
1662992270046	9.85155	0.20338993	-0.6343971
1662992270057	9.852746	0.16151553	-0.60329044
1662992270065	9.875478	0.1268196	-0.52911294
1662992270072	9.803694	0.039481573	-0.5279165
1662992270078	9.807282	0.01794617	-0.52193445
1662992270107	9.792926	0.019142581	-0.45942193
1662992270120	9.784551	0.059820566	-0.4223332
1662992270235	9.791729	0.13878371	-0.5279165
1662992270250	9.803694	0.16869399	-0.65952176
1662992270260	9.809675	0.18305093	-0.6966105
1662992270272	9.81805	0.16510476	-0.6236294
1662992270283	9.810872	0.19740787	-0.57816577
1662992270292	9.770194	0.2105684	-0.60807604
1662992270299	9.722338	0.21655045	-0.63918275
1662992270304	9.710373	0.1591227	-0.5482555
1662992270312	9.69482	0.07776674	-0.50159544
1662992270436	9.727123	0.023928227	-0.52911294
1662992270449	9.778569	0.047856454	-0.5063811
1662992270459	9.802497	0.058624156	-0.51116675
1662992270467	9.754641	0.05503492	-0.5673981
1662992270477	9.722338	0.11006984	-0.6008976
1662992270489	9.777372	0.13040884	-0.58893347
1662992270501	9.837193	0.12323037	-0.5662017
1662992270510	9.816854	0.09451649	-0.5662017
1662992270520	9.785748	0.06580263	-0.5566304
1662992270531	9.719945	-0.03708875	-0.5494519
1662992270542	9.679267	-0.11365908	-0.53988063
1662992270557	9.631411	-0.16031912	-0.53389853
1662992270567	9.676874	-0.11844472	-0.5183452
1662992270633	9.735498	0.0059820567	-0.4941179
1662992270643	9.778569	0.1268196	-0.4869394
1662992270654	9.892228	0.22971097	-0.54705906
1662992270663	9.883853	0.24077778	-0.6655038
1662992270675	9.917353	0.25633112	-0.74446696
1662992270687	9.9089775	0.19980069	-0.73011
1662992270697	9.871889	0.14476576	-0.6619146
1662992270706	9.837193	0.11724831	-0.6583253
1662992270714	9.778569	0.111266255	-0.6367899
1662992270766	9.71157	0.12083755	-0.5841478
1662992270776	9.71157	0.13758731	-0.5709873
1662992270788	9.685248	0.16390835	-0.62961143
1662992270795	9.691231	0.15433706	-0.6786643
1662992270835	9.692428	0.11724831	-0.70378894
1662992270847	9.699606	0.0634098	-0.6774679
1662992270856	9.735498	0.049052864	-0.5937191
1662992270863	9.784551	0.029910283	-0.53988063
1662992270874	9.7247305	-0.013160525	-0.485743
1662992270886	9.564112	-0.02871387	-0.46779683
1662992271014	9.4839525	-0.040677983	-0.45583272
1662992271027	10.106385	0.096909314	-0.59611195
1662992271037	10.61157	0.21296121	-0.70977104
1662992271047	10.317253	0.06819545	-0.97537434
1662992271058	9.809675	0.05383851	-0.770788
1662992271065	9.523434	0.10767702	-0.6475576
1662992271073	9.524631	0.1160519	-0.6367899
1662992271083	9.655338	0.083748795	-0.68464637
1662992271094	9.700802	0.033499517	-0.6762715
1662992271106	9.747462	-0.05503492	-0.5279165
1662992271116	9.759426	-0.086141616	-0.3684947
1662992271233	9.841979	0.009571291	-0.49052864
1662992271246	9.961619	0.101694964	-0.72771716
1662992271254	9.97478	0.13280165	-0.7851449
1662992271265	9.94846	0.1471586	-0.69900334
1662992271277	9.810872	0.1698904	-0.64995044
1662992271285	9.734302	0.15553348	-0.69182485
1662992271292	9.74148	0.11724831	-0.7743772
1662992271303	9.697213	0.076570325	-0.7396813
1662992271312	9.674481	0.03708875	-0.64636123
1662992271434	9.739087	0.0047856453	-0.6116653
1662992271448	9.698409	-0.08015956	-0.5422734
1662992271457	9.583255	-0.10289137	-0.55782676
1662992271466	9.583255	-0.014356935	-0.64037913
1662992271478	9.656535	0.0849452	-0.5626124
1662992271489	9.808479	0.13758731	-0.6092725
1662992271497	9.747462	0.15433706	-0.72293156
1662992271508	9.797711	0.18424734	-0.8042875
1662992271518	9.784551	0.124426775	-0.77318084
1662992271528	9.727123	0.086141616	-0.71216387
1662992271538	9.716355	0.08135597	-0.61764735
1662992271546	9.826426	0.111266255	-0.5590232
1662992271558	9.84796	0.11844472	-0.67148584
1662992271634	9.706784	0.08135597	-0.581755
1662992271647	9.673285	0.09212367	-0.6643074
1662992271657	9.719945	0.12083755	-0.6750751
1662992271664	9.816854	0.18305093	-0.61046886
1662992271672	9.8886385	0.1363909	-0.5901299
1662992271682	9.807282	0.0741775	-0.622433
1662992271693	9.77498	0.06460621	-0.62721866
1662992271704	9.713963	0.023928227	-0.63200426
1662992271765	9.69482	0.050249275	-0.5841478
1662992271778	9.69482	0.050249275	-0.59970117
1662992271791	9.968799	0.049052864	-0.57457656
1662992271801	9.88146	-0.05503492	-0.73848486
1662992271814	9.831211	0.032303106	-0.7743772
1662992271835	9.733106	0.09930214	-0.8425727
1662992271847	9.698409	0.14955142	-0.75643104
1662992271854	9.700802	0.13399807	-0.6116653
1662992271864	9.761819	0.1052842	-0.44147578
1662992271877	9.807282	0.06580263	-0.45224348
1662992271887	9.839586	0.022731815	-0.5243273
1662992272014	9.871889	-0.014356935	-0.55782676
1662992272027	9.825229	-0.034695927	-0.55782676
1662992272038	9.668499	-0.043070808	-0.6164509
1662992272043	9.58804	-0.033499517	-0.6978069
1662992272053	9.777372	0.11844472	-0.73011
1662992272065	10.023833	0.19621146	-0.8437691
1662992272074	9.971191	0.12921242	-0.92273223
1662992272081	9.876675	0.08255238	-0.76719874
1662992272089	9.886246	0.034695927	-0.62482584
1662992272095	9.816854	0.0	-0.5159524
1662992272231	9.649357	-0.031106694	-0.57457656
1662992272244	9.646963	-0.038285162	-0.63918275
1662992272257	9.669696	-0.011964113	-0.60687965
1662992272267	9.69482	0.0023928226	-0.62123656
1662992272276	9.706784	0.025124637	-0.6942177
1662992272290	9.753445	0.069391854	-0.69900334
1662992272299	9.777372	0.1363909	-0.6726823
1662992272306	9.806087	0.17228323	-0.71455663
1662992272314	9.84796	0.1591227	-0.7181459
1662992272322	9.84796	0.08733802	-0.69302124
1662992272332	9.772587	0.010767702	-0.6583253
1662992272343	9.723534	-0.0011964113	-0.66071814
1662992272436	9.699606	-0.0023928226	-0.6870392
1662992272449	9.685248	-0.0011964113	-0.6678966
1662992272457	9.676874	0.015553347	-0.6655038
1662992272465	9.687641	0.032303106	-0.67387867
1662992272475	9.7654085	0.046660043	-0.6786643
1662992272484	9.740284	0.04546363	-0.6367899
1662992272495	9.742677	0.05503492	-0.62961143
1662992272503	9.797711	0.08255238	-0.61884373
1662992272517	9.850353	0.11246266	-0.6092725
1662992272526	9.893424	0.101694964	-0.55782676
1662992272534	9.870692	0.086141616	-0.4833502
1662992272667	9.822836	0.09332009	-0.48095736
1662992272682	9.779765	0.09930214	-0.58534425
1662992272694	9.734302	0.10887343	-0.67387867
1662992272706	9.721141	0.101694964	-0.689432
1662992272714	9.764212	0.08733802	-0.663111
1662992272722	9.806087	0.104087785	-0.64037913
1662992272731	9.80489	0.10887343	-0.6523433
1662992272738	9.786943	0.096909314	-0.63798636
1662992272761	9.759426	0.078963146	-0.5901299
1662992272765	9.766604	0.069391854	-0.5554339
1662992272768	9.784551	0.032303106	-0.5171488
1662992272771	9.795319	0.062213387	-0.47377887
1662992272774	9.800104	0.09092726	-0.52552366
1662992272830	9.770194	0.12083755	-0.64277196
1662992272837	9.770194	0.12083755	-0.7289136
1662992272842	9.795319	0.13998012	-0.7408777
1662992272847	9.746265	0.124426775	-0.72771716
1662992272908	9.713963	0.1268196	-0.7073782
1662992272918	9.696016	0.12083755	-0.663111
1662992273013	9.7247305	0.08135597	-0.59611195
1662992273022	9.757033	0.0526421	-0.51475596
1662992273030	9.789336	0.039481573	-0.50398827
1662992273043	9.812068	0.023928227	-0.5099703
1662992273054	9.78814	0.04426722	-0.5494519
1662992273066	9.761819	0.08255238	-0.63559353
1662992273077	9.754641	0.13040884	-0.69302124
1662992273086	9.743873	0.1471586	-0.69900334
1662992273109	9.748658	0.14356937	-0.64636123
1662992273119	9.78814	0.09332009	-0.55423754
1662992273232	9.82164	0.014356935	-0.465404
1662992273242	9.78814	0.016749758	-0.4881358
1662992273250	9.782158	0.01794617	-0.5075775
1662992273259	9.768997	0.02632105	-0.58654064
1662992273268	9.798908	0.06699903	-0.65712893
1662992273278	9.863514	0.07178468	-0.68345
1662992273287	9.861121	0.07178468	-0.60807604
1662992273298	9.828818	0.09212367	-0.53988063
1662992273305	9.767801	0.086141616	-0.55064833
1662992273313	9.723534	0.0634098	-0.55423754
1662992273322	9.718748	0.03708875	-0.5805586
1662992273332	9.740284	0.022731815	-0.5673981
1662992273430	9.772587	-0.022731815	-0.5195416
1662992273439	9.798908	-0.02632105	-0.47018966
1662992273449	9.824033	0.008374879	-0.5087739
1662992273462	9.828818	0.047856454	-0.57457656
1662992273469	9.792926	0.0634098	-0.63918275
1662992273478	9.770194	0.06819545	-0.66071814
1662992273489	9.740284	0.0526421	-0.65353966
1662992273503	9.719945	0.08135597	-0.67028946
1662992273513	9.712767	0.069391854	-0.68225354
1662992273523	9.710373	0.047856454	-0.6236294
1662992273530	9.703195	0.019142581	-0.5877371
1662992273630	9.692428	0.022731815	-0.5709873
1662992273635	9.739087	0.020338992	-0.520738
1662992273640	9.801301	0.034695927	-0.4968098
1662992273645	9.832407	0.02751746	-0.5518447
1662992273659	9.814461	0.029910283	-0.5805586
1662992273664	9.824033	0.050249275	-0.6308079
1662992273706	9.85155	0.021535404	-0.6367899
1662992273721	9.840782	0.020338992	-0.6200402
1662992273759	9.801301	0.013160525	-0.6128617
1662992273767	9.782158	-0.010767702	-0.6786643
1662992273773	9.747462	-0.033499517	-0.71455663
1662992273779	9.739087	-0.02751746	-0.71216387
1662992273783	9.74148	-0.058624156	-0.669093
1662992273830	9.792926	0.0011964113	-0.622433
1662992273837	9.833604	0.034695927	-0.5626124
1662992273843	9.819247	0.039481573	-0.55423754
1662992273849	9.792926	0.06580263	-0.5709873
1662992273908	9.784551	0.0634098	-0.602094
1662992273919	9.780962	0.02751746	-0.54466623
1662992273929	9.77139	-0.0023928226	-0.5494519
1662992273941	9.807282	-0.011964113	-0.53988063
1662992274011	9.871889	0.0	-0.5697909
1662992274022	9.815658	0.046660043	-0.64995044
1662992274030	9.749855	0.09810573	-0.7396813
1662992274038	9.778569	0.1160519	-0.72293156
1662992274046	9.810872	0.08973085	-0.64875406
1662992274052	9.800104	0.038285162	-0.6786643
1662992274123	9.77498	-0.0023928226	-0.7636095
1662992274131	9.74148	-0.05383851	-0.7540382
1662992274140	9.777372	-0.101694964	-0.64875406
1662992274148	9.776176	-0.11006984	-0.5937191
1662992274233	9.7247305	-0.031106694	-0.61046886
1662992274245	9.620643	0.11006984	-0.68464637
1662992274255	9.534202	0.25034907	-0.6762715
1662992274267	9.599107	0.4010969	-0.5805586
1662992274276	9.760623	0.5027919	-0.49800622
1662992274288	9.960423	0.5422734	-0.5386842
1662992274295	10.14826	0.55782676	-0.6786643
1662992274305	10.099207	0.59970117	-0.89042914
1662992274313	9.75823	0.541077	-1.1060823
1662992274324	9.348758	0.40707895	-1.1252248
1662992274434	9.142975	0.29102704	-0.9275179
1662992274446	9.1872425	0.19142582	-0.6906284
1662992274456	9.434899	0.13399807	-0.56141603
1662992274462	9.78814	0.09212367	-0.5877371
1662992274477	10.155738	0.15553348	-0.6559325
1662992274488	10.627124	0.27667013	-0.7085746
1662992274497	10.682158	0.38913277	-0.79950184
1662992274502	10.201201	0.32213375	-0.878465
1662992274508	9.816854	0.05503492	-0.84855473
1662992274513	9.439685	-0.22612174	-0.8952148
1662992274519	9.131011	-0.45014977	-1.0292128
1662992274635	8.946465	-0.5518447	-1.2089736
1662992274648	8.95125	-0.50159544	-1.2209377
1662992274658	9.357133	-0.32542387	-1.0339985
1662992274667	9.735498	-0.18903299	-0.6308079
1662992274678	9.825229	-0.034695927	-0.2656033
1662992274684	9.900602	0.1698904	-0.09451649
1662992274722	10.155738	0.34366915	0.041874398
1662992274731	10.401002	0.2970091	0.20967108
1662992274761	10.497911	0.08733802	0.36161533
1662992274773	10.43809	-0.104087785	0.17018951
1662992274786	10.183255	-0.31585258	-0.20338993
1662992274799	9.897014	-0.453739	-0.5518447
1662992274809	9.634999	-0.63200426	-0.5877371
1662992274835	9.403793	-0.7360921	-0.5733801
1662992274847	9.32124	-0.8569296	-0.53389853
1662992274857	9.327223	-0.90149593	-0.47258246
1662992274868	9.326026	-0.91106725	-0.40917268
1662992274924	9.318848	-0.8676973	-0.31226337
1662992274935	9.553345	-0.6367899	-0.3481557
1662992274948	9.871889	-0.23330021	-0.43669012
1662992274960	9.88146	0.18305093	-0.6343971
1662992275014	9.709177	0.43579283	-0.67148584
1662992275027	9.5557375	0.54705906	-0.72412795
1662992275037	9.457631	0.4322036	-0.7827521
1662992275043	9.529416	0.1471586	-0.78873414
1662992275054	9.630214	-0.14476576	-0.53629136
1662992275067	9.729516	-0.32662028	-0.07058827
1662992275111	9.713963	-0.27517462	0.22402802
1662992275125	9.74148	-0.18305093	0.30059835
1662992275134	9.857532	-0.009571291	0.16779669
1662992275141	9.922138	0.18783657	0.082851484
1662992275236	9.907782	0.36400816	-0.09810573
1662992275250	10.013065	0.42741793	-0.23928227
1662992275261	9.997512	0.21296121	-0.33379877
1662992275271	9.94128	0.05503492	-0.3361916
1662992275283	9.922138	-0.08015956	-0.27517462
1662992275293	9.953245	-0.20697916	-0.046660043
1662992275304	9.997512	-0.2428715	0.3592225
1662992275317	10.11835	-0.17228323	0.66101724
1662992275327	10.142278	-0.18783657	0.69930243
1662992275336	10.124331	-0.14356937	0.7268199
1662992275436	10.081261	-0.124426775	0.56380886
1662992275450	10.5385895	-0.32662028	0.30179477
1662992275461	10.607981	-0.56141603	-0.48454657
1662992275468	10.050154	-0.87966144	-0.76600236
1662992275480	10.409377	-1.0474582	-0.45104706
1662992275490	10.537393	-1.0283155	-0.4968098
1662992275502	10.060922	-0.9840483	-0.68823564
1662992275514	9.784551	-0.97567344	-0.8533404
1662992275526	9.889835	-0.7480562	-0.8365906
1662992275539	10.159327	-0.4022933	-0.71455663
1662992275548	10.464412	-0.06460621	-1.0339985
1662992275633	10.695319	0.27068806	-1.4578272
1662992275646	10.864312	0.3149553	-1.5978073
1662992275654	10.514661	0.36640096	-1.561915
1662992275664	10.058529	0.4860421	-1.8230318
1662992275677	9.561719	0.39631125	-1.9989042
1662992275684	8.875876	0.15553348	-1.9821545
1662992275708	8.240283	0.08973085	-1.7548363
1662992275713	7.9830546	0.2431706	-1.602593
1662992275720	7.8679	0.29940194	-1.7560327
1662992275730	8.316854	0.4860421	-2.062314
1662992275767	9.05803	0.85124665	-1.9390837
1662992275779	9.705587	1.3058829	-1.785943
1662992275789	10.405787	1.8302102	-1.8828523
1662992275834	10.580463	2.0901306	-1.9366908
1662992275849	10.052547	2.0494525	-1.7009978
1662992275860	9.309277	1.8182461	-1.1395818
1662992275869	8.784949	1.5873387	-0.97776717
1662992275910	8.540881	1.3588241	-1.0304092
1662992275924	8.481061	1.0582259	-1.006481
1662992275934	8.76461	0.663111	-0.6726823
1662992275945	9.235099	0.4010969	-0.069391854
1662992276015	9.686445	0.25393832	0.12233306
1662992276029	10.353146	0.08733802	0.48245287
1662992276040	10.849956	-0.2213361	1.0606186
1662992276050	10.4871435	-0.6655038	1.361217
1662992276061	10.050154	-0.98883396	1.4437693
1662992276073	9.639785	-1.0666007	1.0247263
1662992276155	9.383454	-0.72293156	0.76989067
1662992276167	9.276974	-0.025124637	0.4142574
1662992276174	9.487542	0.7181459	-0.12323037
1662992276183	10.20838	1.5502499	-0.63200426
1662992276231	11.104791	2.1451654	-1.2317054
1662992276237	11.318051	1.5993029	-1.8134605
1662992276247	11.499906	1.4126626	-2.2097716
1662992276252	11.030613	0.6678966	-2.4765713
1662992276257	10.401002	-0.29192436	-2.0371895
1662992276264	10.28495	-0.7360921	-1.7009978
1662992276307	10.262218	-0.8497511	-1.5332011
1662992276318	10.2825575	-0.55423754	-1.0857433
1662992276343	10.033404	-0.19621146	-0.5135596
1662992276355	9.778569	-0.020338992	-0.74207413
1662992276432	9.42174	-0.11964113	-1.2915261
1662992276444	9.047262	-0.28713873	-1.8038892
1662992276454	8.95484	-0.4118646	-2.2025933
1662992276464	8.848359	-0.6583253	-2.2384856
1662992276472	9.110672	-0.8569296	-1.9390837
1662992276487	9.439685	-1.1730813	-1.2233306
1662992276510	9.572487	-1.4315062	-0.58534425
1662992276523	9.482756	-1.2376875	-0.24765715
1662992276534	9.1872425	-0.68105716	-0.2009971
1662992276544	8.915359	-0.10049855	-0.45583272
1662992276555	8.811271	0.5949155	-0.5303093
1662992276635	8.884252	1.0019945	-0.61046886
1662992276647	9.41815	1.1623136	-0.7648059
1662992276655	10.220344	1.1419746	-0.67148584
1662992276665	10.803295	1.0007981	-0.26081768
1662992276676	10.648659	0.8344969	-0.14356937
1662992276687	10.244272	0.6547361	-0.10289137
1662992276708	9.906585	0.3999005	-0.07058827
1662992276720	9.820443	0.10049855	-0.1160519
1662992276750	9.905389	-0.08135597	-0.014356935
1662992276762	9.855139	-0.13519448	0.19292133
1662992276771	9.809675	-0.031106694	0.40947178
1662992276780	9.634999	-0.011964113	0.37956148
1662992276834	9.286545	0.049052864	0.19890338
1662992276846	9.193225	0.325723	0.24077778
1662992276853	9.430114	0.4214359	0.62871414
1662992276863	10.007083	0.36161533	0.65264237
1662992276911	11.056934	0.17706887	0.10438689
1662992276923	10.421341	-0.5925227	-1.6567305
1662992276951	10.179666	-1.5203397	-1.2831511
1662992276962	10.826027	-2.1164517	-0.20697916
1662992276970	10.390234	-1.7165512	-0.3924229
1662992276977	9.869496	-0.79471624	-0.81625164
1662992277015	10.113564	0.59611195	-0.12203395
1662992277025	10.495519	1.5586249	-0.02871387
1662992277033	10.741082	1.3719847	-0.59730834
1662992277042	10.592427	0.33409786	-0.84735835
1662992277106	10.569695	-0.046660043	-0.46301118
1662992277120	9.699606	-0.16271193	-0.6260222
1662992277142	9.176475	-0.10767702	-1.352543
1662992277156	8.725129	0.038285162	-2.2971098
1662992277166	8.392227	0.5985048	-3.1827533
1662992277173	7.9974113	1.2568301	-3.26052
1662992277236	7.7829547	1.7285153	-2.894418
1662992277248	8.047661	2.3545375	-2.2241287
1662992277256	8.770593	2.6479573	-1.7333009
1662992277265	9.482756	2.231307	-1.090529
1662992277274	10.039387	1.8840487	-0.67028946
1662992277299	10.176077	1.3911272	-0.55423754
1662992277337	9.926924	0.6451648	-0.7683952
1662992277350	9.706784	0.16630118	-0.67028946
1662992277361	9.488738	0.078963146	-0.14596218
1662992277433	8.868698	0.18424734	0.06849455
1662992277444	8.370692	0.4872385	-0.07298109
1662992277452	8.252247	0.78873414	-0.55782676
1662992277461	9.005089	1.0642079	-0.63798636
1662992277470	10.125528	1.0725827	-0.09332009
1662992277479	11.052149	0.93978107	0.45254257
1662992277513	11.206486	0.85842514	0.98883396
1662992277526	10.837991	1.0271192	1.0079765
1662992277534	10.167702	0.8991031	0.48245287
1662992277545	9.64816	0.5422734	0.1378864
1662992277558	9.349955	0.19262223	-0.015553347
1662992277635	9.568898	-0.04546363	-0.541077
1662992277647	10.524232	-0.17826529	-1.7153547
1662992277654	12.414562	0.25872394	-2.1966112
1662992277664	13.259527	0.6092725	-2.251646
1662992277676	12.379567	0.25393832	-2.341377
1662992277686	10.763814	0.0059820567	-1.8601205
1662992277711	8.758628	-0.16749759	-1.7883358
1662992277723	8.211569	-0.1902294	-1.8206389
1662992277759	8.495418	-0.23330021	-1.9235303
1662992277766	9.218349	0.06580263	-1.9474585
1662992277777	9.795319	0.4728816	-2.3437698
1662992277787	9.752248	0.72771716	-2.8872397
1662992277835	9.395418	0.65353966	-3.3146574
1662992277844	9.49472	0.5243273	-2.9781668
1662992277858	9.721141	0.22971097	-2.0180469
1662992277870	9.906585	-0.25603202	-0.86291164
1662992277913	9.962816	-0.7923234	-0.12562318
1662992277924	9.920941	-1.2568301	0.05383851
1662992277964	9.466006	-1.7404794	0.031106694
1662992277973	8.787342	-1.7919251	-0.09092726
1662992277983	8.408977	-1.311865	-0.6583253
1662992278013	8.1433735	-0.4956134	-1.515255
1662992278024	8.306086	0.2335993	-2.129313
1662992278032	8.855537	0.6451648	-2.0336
1662992278043	9.5557375	0.68464637	-1.2269198
1662992278056	10.235897	0.4728816	-0.22492532
1662992278107	10.686944	0.21774685	0.62123656
1662992278122	10.714461	0.025124637	0.9984053
1662992278143	10.41177	-0.06460621	0.7495517
1662992278154	9.993923	-0.058624156	0.28025934
1662992278164	9.572487	-0.02871387	-0.19740787
1662992278235	9.288938	0.029910283	-0.48215377
1662992278248	9.293723	0.14117654	-0.42711884
1662992278256	9.54138	0.14596218	-0.29910284
1662992278270	9.883853	0.11365908	0.034695927
1662992278280	10.046565	0.13280165	0.29461628
1662992278290	9.975977	0.16510476	0.48963133
1662992278300	9.8682995	0.059820566	0.90388876
1662992278388	10.27179	-0.27038896	1.5119648
1662992278398	10.900205	-0.68464637	1.3444673
1662992278409	10.445269	-1.1072787	-0.3397808
1662992278419	10.328021	-1.2412767	-1.1659029
1662992278432	10.567303	-0.9493524	-1.2867404
1662992278445	9.827621	-0.6906284	-1.5798612
1662992278454	10.283753	-0.12801601	-1.5954145
1662992278469	11.2352	1.0211371	-0.47018966
1662992278479	11.594422	1.6830516	0.42622152
1662992278514	11.685349	1.6220347	0.44057846
1662992278526	11.253146	1.1706885	-0.2656033
1662992278539	10.261022	0.6044868	-1.0112667
1662992278547	9.077172	0.16630118	-1.9462621
1662992278557	8.264212	0.07058827	-2.3485553
1662992278569	7.888239	0.023928227	-2.8429725
1662992278634	7.8164544	-0.015553347	-2.9805596
1662992278646	8.032107	0.025124637	-2.5172493
1662992278657	8.464012	0.31256247	-1.9366908
1662992278668	8.940483	0.72053874	-1.5607185
1662992278678	9.399008	1.1216356	-1.6073786
1662992278718	9.952048	1.5107684	-1.2891332
1662992278733	10.214361	1.7021942	-0.939482
1662992278756	10.00469	1.4174483	-0.4546363
1662992278767	9.749855	0.88354975	-0.28594232
1662992278777	9.487542	0.5159524	-0.44027936
1662992278789	9.096315	0.45014977	-0.6786643
1662992278832	8.849555	0.5901299	-0.7719844
1662992278847	8.7012005	0.6439684	-0.8222337
1662992278859	8.82443	0.56859446	-0.85214394
1662992278868	9.077172	0.64277196	-0.44626144
1662992278953	9.54138	0.6619146	0.3472584
1662992278966	10.047761	0.75284183	0.83090764
1662992278976	10.719546	0.79501534	1.1997014
1662992278983	10.7351	0.8739785	1.4988043
1662992278994	10.036994	1.055833	0.8703892
1662992279006	9.069994	0.9696914	-0.22851457
1662992279018	8.638987	0.799801	-0.93230355
1662992279029	8.989535	0.66071814	-1.1001002
1662992279040	9.688838	0.46809593	-1.2520444
1662992279052	11.370693	0.5183452	-1.4458631
1662992279108	13.545769	1.0809577	-1.2879368
1662992279120	13.825729	1.483251	-0.5805586
1662992279181	12.499507	1.3034902	-0.8330014
1662992279194	10.192826	0.29461628	-1.6196418
1662992279204	8.379066	-0.50398827	-1.7823538
1662992279212	7.577172	-0.99003035	-1.8182461
1662992279237	7.259824	-1.4231312	-1.9247267
1662992279247	8.014161	-1.3022938	-1.9654047
1662992279254	9.559326	-0.689432	-1.7476579
1662992279263	10.428519	-0.37238303	-1.6603198
1662992279275	10.3543415	-0.31465617	-1.3956138
1662992279297	10.468	-0.4142574	-0.8557332
1662992279309	10.567303	-0.2727818	-0.5805586
1662992279318	10.257433	-0.16151553	-0.09810573
1662992279377	9.918549	-0.0011964113	0.2515455
1662992279392	9.620643	-0.031106694	0.0948156
1662992279402	9.172886	-0.19621146	-0.062213387
1662992279435	8.664112	-0.13998012	-0.24765715
1662992279448	8.154141	0.015553347	-0.62841505
1662992279459	8.139785	0.25992036	-1.0495518
1662992279470	8.674879	0.53389853	-1.2568301
1662992279512	9.346365	0.68105716	-0.94785684
1662992279524	9.754641	0.69302124	-0.63798636
1662992279533	10.349556	0.4728816	-0.21655045
1662992279543	10.578071	-0.11246266	0.3269194
1662992279588	10.278968	-0.70378894	0.657428
1662992279599	9.940084	-0.8102696	0.53988063
1662992279634	9.887443	-0.52193445	0.36759737
1662992279648	10.106385	0.07058827	0.23599213
1662992279655	10.342378	0.80578303	0.18215363
1662992279665	10.209576	1.16351	-0.08135597
1662992279673	10.767403	1.3636098	0.025124637
1662992279715	10.975578	0.5590232	-0.36131623
1662992279727	10.575678	-0.9984053	-0.5063811
1662992279759	10.405787	-2.3102703	-0.19381863
1662992279769	9.5665045	-2.7089744	-0.4103691
1662992279777	9.237492	-1.9510478	-0.93349993
1662992279785	10.201201	-0.6786643	-0.6870392
1662992279836	10.796117	-0.19501504	-0.39601216
1662992279849	10.750653	-0.039481573	-0.2644069
1662992279855	11.123934	0.5279165	-0.23449662
1662992279862	11.146666	1.0199406	-0.8605189
1662992279907	10.357931	1.2604194	-1.8493528
1662992279921	9.347562	1.3899308	-2.193022
1662992279983	8.56122	1.4090735	-1.8134605
1662992279999	8.400602	1.407877	-1.6710875
1662992280009	8.198408	0.95413804	-2.28036
1662992280017	7.953144	0.72053874	-3.0355947
1662992280027	8.100303	1.1132607	-3.0391839
1662992280038	8.5887375	1.6998014	-2.71705
1662992280048	9.300901	2.1918256	-2.300699
1662992280057	10.070493	2.1559331	-1.5667006
1662992280107	9.987941	1.8768703	-0.9490533
1662992280120	9.5557375	1.332204	-0.7899306
1662992280184	9.006286	0.663111	-0.63798636
1662992280197	8.568398	0.15792629	-0.65712893
1662992280207	8.387442	-0.09451649	-0.54705906
1662992280217	8.59472	-0.14356937	-0.11365908
1662992280239	9.08794	-0.078963146	0.1905285
1662992280247	9.573684	-0.10767702	0.43698925
1662992280256	10.2682	-0.032303106	0.6538388
1662992280265	10.79851	0.10049855	1.0187442
1662992280275	11.041381	0.42023948	1.4964114
1662992280376	11.414961	0.8045866	1.2571292
1662992280387	11.000703	1.0271192	0.4728816
1662992280394	9.965209	0.9589237	-0.5087739
1662992280402	9.440882	0.9924232	-1.3848461
1662992280410	9.656535	1.1312069	-2.1508484
1662992280420	9.857532	1.2640085	-2.0982063
1662992280431	10.587642	1.4018949	-1.7979071
1662992280442	11.241181	1.5813566	-1.2520444
1662992280454	11.193325	1.2496517	-0.8449655
1662992280464	10.61157	0.43579283	-0.77796644
1662992280513	10.316056	-0.4776672	-0.7935198
1662992280527	10.201201	-1.1252248	-0.79112697
1662992280538	10.069297	-1.2532408	-0.75643104
1662992280548	9.722338	-0.9816555	-1.0124631
1662992280587	9.123833	-0.58654064	-1.5930216
1662992280598	8.574381	-0.3819543	-2.204986
1662992280633	8.417352	-0.3182454	-2.455036
1662992280646	8.44128	-0.3364907	-2.507678
1662992280658	8.851949	-0.5099703	-2.2277179
1662992280668	9.382257	-0.8042875	-1.5966109
1662992280705	9.986745	-1.0785648	-0.77318084
1662992280718	10.485947	-1.265205	-0.058624156
1662992280728	10.454841	-1.372882	0.43579283
1662992280734	10.300504	-0.97806627	0.56380886
1662992280764	10.08485	-0.50159544	0.22522444
1662992280776	9.594023	-0.1591227	-0.39481574
1662992280788	9.270991	0.2670988	-0.88325065
1662992280835	9.188439	0.6116653	-1.1443675
1662992280848	9.276974	0.86201435	-1.1563315
1662992280856	9.580862	0.9984053	-0.90478605
1662992280906	10.014262	0.96490574	-0.50159544
1662992280920	10.375877	0.6116653	-0.15074782
1662992280985	10.409377	-0.0059820567	0.13190435
1662992281002	10.17488	-0.49920264	0.29820552
1662992281013	9.725926	-0.6547361	0.21445672
1662992281023	9.546165	-0.49322057	0.116351
1662992281034	9.517452	-0.24526432	0.038285162
1662992281047	9.485149	0.19980069	0.0011964113
1662992281054	9.663713	0.7755736	0.059820566
1662992281066	10.269397	0.9098708	0.36041892
1662992281076	10.814063	0.41545382	0.52193445
1662992281109	10.00828	-0.6750751	-0.08015956
1662992281119	9.77139	-1.5729818	-0.18185452
1662992281187	9.920941	-2.1535404	-0.19740787
1662992281201	9.462418	-2.1463618	-0.90119684
1662992281211	9.290133	-1.3680964	-1.0351949
1662992281221	9.666106	-0.3400799	-0.58893347
1662992281232	10.362717	0.31375888	-0.4331009
1662992281241	10.876276	0.94695956	-0.8605189
1662992281250	11.292927	1.3779668	-0.77796644
1662992281259	11.400603	1.1240284	-0.45224348
1662992281268	11.129915	0.974477	-1.0148559
1662992281407	10.286146	0.9170493	-1.4626129
1662992281419	9.446864	0.59611195	-1.4542379
1662992281429	8.633005	0.22731815	-1.2903296
1662992281439	8.146963	0.19142582	-1.5224334
1662992281449	7.9722867	0.29222345	-1.8900307
1662992281461	7.929216	0.48006004	-2.359323
1662992281472	8.052446	0.97567344	-2.5531418
1662992281483	8.679665	1.5777674	-2.2217357
1662992281493	9.379865	1.9055841	-1.730908
1662992281501	9.864711	1.7715861	-1.1611172
1662992281514	10.533804	1.7739788	-0.9023932
1662992281525	10.733903	1.6663018	-0.689432
1662992281537	10.34477	1.2975081	-0.4319045
1662992281618	9.755837	1.0331012	-0.39960137
1662992281630	9.242277	0.9206385	-0.5949155
1662992281644	8.763413	0.78394854	-0.7683952
1662992281652	8.42812	0.59970117	-0.88325065
1662992281663	8.346764	0.52911294	-0.9107681
1662992281674	8.504989	0.56380886	-0.7013961
1662992281683	8.983554	0.49322057	-0.46660042
1662992281703	9.52822	0.24556342	-0.0071784677
1662992281714	10.113564	0.020338992	0.83090764
1662992281728	10.633105	-0.01794617	1.4964114
1662992281741	10.64148	0.2730809	1.4940187
1662992281764	10.216755	0.5841478	0.7746763
1662992281775	9.638589	0.54346985	0.08644072
1662992281789	9.510274	0.5913263	-0.39960137
1662992281800	9.505488	0.8344969	-0.9741779
1662992281834	9.966406	1.265205	-1.3393825
1662992281847	10.503893	1.5358931	-1.3752748
1662992281909	11.650654	1.9250258	-1.6543378
1662992281923	12.3448715	2.6898317	-1.7811574
1662992282009	12.130713	2.382055	-1.5918252
1662992282017	11.089237	0.90029955	-1.0977074
1662992282026	9.767801	-0.5482555	-0.878465
1662992282034	9.336794	-0.91346	-0.9526425
1662992282046	9.323633	-0.92542416	-1.4961123
1662992282057	9.286545	-1.0079765	-1.9773688
1662992282065	9.35833	-1.07019	-2.2325034
1662992282073	9.376275	-0.9302098	-2.181058
1662992282085	9.2997055	-0.74566334	-2.0515463
1662992282108	9.120243	-0.6786643	-1.9271195
1662992282113	8.92493	-0.750449	-1.6746768
1662992282225	9.097511	-0.81864446	-1.2723835
1662992282241	9.626625	-0.80907315	-0.9586246
1662992282253	10.050154	-0.9170493	-0.39720857
1662992282263	10.103992	-0.81625164	0.12233306
1662992282274	10.026226	-0.4106682	0.20847467
1662992282289	9.760623	0.021535404	-0.2656033
1662992282297	9.343972	0.4621139	-0.89282197
1662992282307	9.134601	0.81894356	-1.3956138
1662992282316	9.085547	0.81655073	-1.5870396
1662992282408	9.18126	0.67028946	-1.2807583
1662992282420	9.420543	0.474078	-0.6858428
1662992282429	9.871889	0.21415763	-0.1363909
1662992282438	10.256236	-0.2440679	0.31136605
1662992282450	10.47518	-0.8389834	0.49920264
1662992282460	10.649856	-0.9876375	0.63230336
1662992282470	10.621141	-0.5554339	0.65024954
1662992282478	10.338788	-0.08853444	0.47048876
1662992282490	9.772587	0.23599213	-0.033499517
1662992282497	9.565309	0.3173481	-0.5458627
1662992282509	9.439685	0.29102704	-1.0519446
1662992282522	9.554541	-0.25603202	-1.1240284
1662992282535	10.458429	-0.91585284	-0.35653058
1662992282646	11.29532	-1.5215361	0.021535404
1662992282654	10.280165	-1.7991035	-0.80907315
1662992282664	9.837193	-1.317847	-1.6097715
1662992282675	10.220344	-0.47168517	-1.5547365
1662992282685	10.537393	0.15433706	-0.9418748
1662992282692	10.7590275	0.97926265	-0.465404
1662992282705	10.834402	1.4700904	-0.83778703
1662992282717	10.235897	1.1455638	-1.2400804
1662992282765	9.359526	0.6774679	-1.2532408
1662992282779	8.6294155	0.51236314	-1.0016954
1662992282788	8.571988	0.4668995	-1.2664014
1662992282795	8.705986	0.35324043	-1.8625133
1662992282804	8.600702	0.43938205	-2.4323041
1662992282831	8.774181	1.1335998	-2.71705
1662992282844	9.335598	1.8314066	-2.4430718
1662992282854	9.699606	2.1104696	-1.6878372
1662992282867	9.624231	2.271985	-1.3441681
1662992282907	9.302098	2.085345	-1.0387841
1662992282918	9.293723	1.7129619	-0.6523433
1662992283016	9.455238	1.3357933	-0.2847459
1662992283025	9.594023	0.79860455	-0.11724831
1662992283032	9.403793	0.17706887	-0.3684947
1662992283043	8.9775715	-0.09571291	-0.7719844
1662992283057	8.683254	-0.019142581	-0.9945169
1662992283066	8.696415	0.18065812	-0.6200402
1662992283073	8.908179	0.2623132	-0.13878371
1662992283082	9.281759	0.3077768	0.17736799
1662992283107	9.69482	0.41545382	0.68494546
1662992283117	9.99153	0.62721866	1.1682956
1662992283158	10.244272	1.1324034	1.4126626
1662992283170	10.136296	1.2783655	0.5267201
1662992283178	9.658928	0.86919284	-0.64037913
1662992283186	9.549755	0.4549354	-1.3597214
1662992283226	10.261022	0.52552366	-1.5714862
1662992283237	10.7889385	1.1479566	-1.3764713
1662992283247	11.880664	2.28036	-1.047159
1662992283254	12.888341	3.0343983	-0.41754755
1662992283264	12.797414	2.579762	-0.17108682
1662992283277	11.205289	0.974477	-0.7217351
1662992283435	9.454042	-0.5721837	-1.5667006
1662992283448	8.570791	-1.2209377	-2.117349
1662992283458	8.181659	-1.352543	-2.7158537
1662992283469	8.351549	-1.387239	-2.7915268
1662992283479	8.875876	-1.4183456	-2.4634109
1662992283487	9.292527	-1.4063815	-2.001297
1662992283497	9.57488	-1.1419746	-1.6998014
1662992283505	9.813265	-0.71455663	-1.2352947
1662992283516	9.882657	-0.44656053	-0.76959157
1662992283526	9.960423	-0.31585258	-0.7408777
1662992283534	9.894621	-0.25842485	-0.6200402
1662992283544	9.961619	0.12921242	0.023928227
1662992283554	10.086046	0.38913277	0.02751746
1662992283622	9.82164	0.3077768	0.025124637
1662992283640	9.2590275	0.4034897	-0.050249275
1662992283653	8.908179	0.5925227	-0.39720857
1662992283663	9.072387	0.71336025	-0.93230355
1662992283674	9.38824	0.80937225	-1.1335998
1662992283683	9.803694	0.8069794	-1.0387841
1662992283704	10.109975	0.4884349	-0.9107681
1662992283712	9.97837	-0.046660043	-0.39720857
1662992283764	9.946067	-0.4549354	0.2515455
1662992283777	10.034601	-0.60687965	0.95772725
1662992283787	9.830014	-0.33529428	1.2152548
1662992283796	9.998709	0.3269194	0.6897311
1662992283804	10.217951	1.0031909	0.2862414
1662992283830	10.41177	0.9086744	-0.45702913
1662992283841	10.448858	-0.57816577	-1.3812568
1662992283851	10.70489	-2.0673988	-1.9438694
1662992283862	10.316056	-3.234498	-0.8234301
1662992283909	9.856336	-2.9673991	-0.8066803
1662992283922	10.07169	-1.6770695	-1.3441681
1662992284016	10.673783	-0.2416751	-0.9071789
1662992284029	10.53141	0.7157531	-1.0196415
1662992284038	10.034601	1.0977074	-1.2628121
1662992284048	9.6122675	1.4653047	-1.2029916
1662992284060	9.304491	1.6639091	-1.2233306
1662992284069	9.101101	1.4006985	-0.811466
1662992284079	9.171689	1.1395818	-0.45224348
1662992284087	9.150154	0.9290134	-1.2269198
1662992284108	8.806484	0.5315057	-2.888436
1662992284118	8.551649	0.80578303	-4.078267
1662992284226	8.750254	1.5837495	-3.9215372
1662992284238	9.316455	2.0087745	-2.5232315
1662992284247	9.850353	2.4251258	-1.2424731
1662992284254	9.650553	2.3808584	-0.5721837
1662992284264	9.523434	2.024328	-0.45822555
1662992284276	9.52822	1.7883358	-0.83778703
1662992284284	9.249456	1.1958131	-1.0124631
1662992284294	8.805288	0.57816577	-0.8533404
1662992284301	8.652147	0.24436702	-0.68105716
1662992284313	8.698808	0.14955142	-0.56141603
1662992284433	9.282955	0.13878371	-0.2739782
1662992284445	9.800104	0.009571291	-0.2213361
1662992284458	9.754641	-0.011964113	-0.37328035
1662992284469	9.826426	0.13280165	-0.2548356
1662992284478	10.213165	0.4429713	0.5626124
1662992284487	10.64148	0.9457632	1.4258232
1662992284494	10.552946	1.2915261	1.3396816
1662992284505	9.9807625	1.4784653	0.581755
1662992284517	9.446864	1.1778669	-0.049052864
1662992284525	9.21476	0.72771716	-0.46660042
1662992284537	9.747462	0.43579283	-1.1084751
1662992284548	10.198809	0.6152545	-1.7009978
1662992284555	11.402996	1.1862419	-2.0994027
1662992284635	12.19532	1.7919251	-2.0371895
1662992284648	12.533007	2.0733807	-1.0316057
1662992284657	11.939288	1.6663018	-0.23688944
1662992284672	10.526625	0.7372885	-0.23090738
1662992284683	9.029017	-0.17467605	-0.5303093
1662992284692	8.483454	-0.4956134	-1.2807583
1662992284717	8.356335	-0.45613182	-1.7847466
1662992284731	8.434102	-0.49441698	-2.2097716
1662992284738	8.733503	-0.4968098	-2.6488547
1662992284744	9.32483	-0.4668995	-2.8573294
1662992284748	9.897014	-0.43938205	-2.6512475
1662992284752	10.121939	-0.62123656	-1.89362
1662992284759	10.099207	-0.83060855	-0.95742816
1662992284774	10.188041	-0.9421739	-0.38763726
1662992284792	10.1700945	-1.0031909	0.085244305
1662992284808	9.905389	-0.80787677	0.41904306
1662992284857	9.88505	-0.36161533	0.36400816
1662992284864	9.52822	0.09930214	-0.20937198
1662992284879	9.075976	0.5769694	-0.8748758
1662992284888	8.786145	1.0426725	-1.3190435
1662992284909	8.902198	1.2903296	-1.6013966
1662992284928	9.3104725	1.244866	-1.372882
1662992284945	9.697213	1.1060823	-0.8545368
1662992284965	10.173684	0.86560357	-0.24526432
1662992284985	10.417751	0.33050862	0.110368945
1662992285008	10.296914	-0.31585258	0.25872394
1662992285024	9.973584	-0.74446696	0.55782676
1662992285044	9.742677	-0.86889374	0.8333005
1662992285060	9.71157	-0.6966105	0.8859426
1662992285089	9.684052	-0.28953153	0.4872385
1662992285104	10.066904	0.29820552	-0.0071784677
1662992285122	10.059726	0.5733801	-0.6475576
1662992285139	10.069297	0.13758731	-0.79710907
1662992285160	10.636695	-0.69302124	-0.24765715
1662992285178	10.555339	-1.50359	-0.541077
1662992285205	9.479167	-2.0255244	-1.2436695
1662992285220	9.41456	-1.7727824	-1.5966109
1662992285264	10.347163	-0.71336025	-1.3812568
1662992285273	10.944471	0.26829523	-1.1862419
1662992285282	10.847563	0.7253244	-1.0088738
1662992285294	10.919347	1.2580265	-0.61884373
1662992285309	11.023435	1.4593227	-0.16630118
1662992285340	10.489536	1.2520444	-0.5494519
1662992285356	9.266206	0.8560323	-1.3298112
1662992285371	8.411369	0.5733801	-2.0982063
1662992285396	8.102695	0.3149553	-2.2671995
1662992285406	7.8834534	0.25872394	-2.658426
1662992285427	7.8571324	0.799801	-2.7472596
1662992285447	8.644969	1.779961	-2.4705894
1662992285470	9.396614	2.539084	-1.8266209
1662992285488	9.759426	2.951846	-1.480559
1662992285504	9.703195	2.7520452	-1.311865
1662992285525	9.606286	2.204986	-0.8353942
1662992285548	9.433703	1.4617156	-0.3589234
1662992285562	9.211171	0.62961143	-0.14117654
1662992285582	9.292527	0.08015956	0.059820566
1662992285601	9.767801	-0.14237295	0.28983065
1662992285624	9.94128	-0.09571291	0.2515455
1662992285641	9.312865	0.06460621	0.009571291
1662992285657	8.771789	0.29940194	-0.2943172
1662992285681	8.692825	0.4764708	-0.3804588
1662992285695	9.047262	0.56141603	-0.19501504
1662992285728	9.820443	0.53389853	0.06849455
1662992285742	10.573285	0.51475596	0.6056832
1662992285754	10.859527	0.62721866	1.07019
1662992285772	10.546964	0.5913263	1.1096715
1662992285796	9.807282	0.4764708	0.96729857
1662992285827	9.446864	0.32093734	0.110368945
1662992285844	9.897014	0.62841505	-0.669093
1662992285877	9.742677	1.0737791	-1.2340983
1662992285885	10.362717	1.3417753	-1.6651055
1662992285902	11.49512	2.0374885	-1.4578272
1662992285919	11.971591	2.2025933	-1.3597214
1662992285937	11.600404	1.5107684	-1.2604194
1662992285962	10.741082	0.64636123	-0.919143
1662992285981	9.776176	-0.21415763	-1.0040882
1662992285999	9.734302	-0.5877371	-1.1730813
1662992286010	9.669696	-0.8282157	-1.2532408
1662992286038	9.140582	-1.0378869	-1.2221341
1662992286064	8.5349	-1.1694921	-1.372882
1662992286078	8.1637125	-1.1144571	-1.8146569
1662992286090	8.62822	-0.7217351	-2.3665016
1662992286122	9.467203	-0.19621146	-2.43709
1662992286138	10.292129	0.30059835	-1.7129619
1662992286156	10.703694	0.52911294	-0.89760756
1662992286171	10.70848	0.38913277	-0.6547361
1662992286190	10.325628	-0.13998012	-0.6870392
1662992286208	9.877871	-0.6523433	-0.7265208
1662992286232	9.446864	-0.89431745	-0.8102696
1662992286241	9.249456	-0.8042875	-0.9071789
1662992286274	9.110672	-0.5733801	-1.1084751
1662992286291	8.935697	-0.3711866	-1.2568301
1662992286307	8.859127	-0.17108682	-1.3956138
1662992286321	9.0015	0.0741775	-1.2783655
1662992286340	9.306884	0.14117654	-1.0028918
1662992286368	9.536594	-0.02751746	-0.44865423
1662992286380	9.669696	-0.22971097	0.090029955
1662992286406	9.77139	-0.39511484	0.24077778
1662992286423	9.901799	-0.3074777	0.16061822
1662992286441	10.119546	-0.038285162	0.09361918
1662992286459	10.20479	0.26470602	0.046660043
1662992286486	10.294521	0.5135596	0.0948156
1662992286493	10.28495	0.56141603	0.039481573
1662992286511	10.275378	0.51475596	0.03589234
1662992286539	10.154541	0.3293122	0.28863424
1662992286562	9.743873	-0.029910283	0.23958136
1662992286572	9.361918	-0.4776672	0.0634098
1662992286595	9.5760765	-0.9421739	0.13908282
1662992286610	10.194023	-1.2113664	0.18335004
1662992286627	10.256236	-1.3848461	-0.28115666
1662992286659	10.353146	-1.3992031	-0.44626144
1662992286677	10.587642	-1.1216356	-1.0280164
1662992286695	10.53141	-0.71694946	-1.4781662
1662992286708	10.773385	-0.31585258	-1.7321045
1662992286746	11.29532	0.5422734	-1.2819548
1662992286757	11.3683	1.1874382	-0.39481574
1662992286768	11.362318	1.4605191	0.24436702
1662992286790	10.909776	1.0737791	0.2970091
1662992286807	10.173684	0.47168517	-0.4968098
1662992286825	8.982357	-0.0059820567	-1.6567305
1662992286844	8.05125	-0.12921242	-2.6991038
1662992286870	7.6836524	-0.11844472	-3.1109686
1662992286886	7.5329046	0.0526421	-3.0080771
1662992286911	7.79133	0.43100718	-2.5926232
1662992286928	8.62822	0.79112697	-1.8948164
1662992286947	9.144172	0.6308079	-1.4566308
1662992286962	9.597911	0.7013961	-1.4889339
1662992286982	10.059726	1.0366904	-1.7009978
1662992286998	9.864711	1.2436695	-1.4051851
1662992287017	9.461221	1.3624134	-0.91435736
1662992287051	9.084352	1.0534402	-0.44865423
1662992287066	8.995518	0.6451648	-0.124426775
1662992287083	9.139386	0.4884349	0.07926225
1662992287095	9.357133	0.51475596	-0.17826529
1662992287112	9.577272	0.59970117	-0.71455663
1662992287131	9.64457	0.58534425	-0.81625164
1662992287148	9.640982	0.52552366	-0.72412795
1662992287175	9.693624	0.38913277	-0.2727818
1662992287192	10.027422	0.48364928	0.29940194
1662992287210	10.316056	0.59970117	0.79501534
1662992287252	10.155738	0.57457656	0.7399804
1662992287259	9.766604	0.4226323	0.4872385
1662992287265	9.439685	0.3484548	0.51236314
1662992287294	9.439685	0.44177487	0.3376871
1662992287311	9.538987	0.535095	0.05742774
1662992287330	9.751051	0.34486556	-0.7013961
1662992287346	10.700105	0.30179477	-1.46022
1662992287364	12.534204	0.79860455	-2.0575283
1662992287382	12.786646	1.0797613	-1.9737796
1662992287399	11.714064	0.83090764	-1.6435701
1662992287437	10.721939	0.5721837	-1.4997016
1662992287447	9.773783	0.39032918	-1.0749756
1662992287466	9.257831	0.06699903	-1.1910275
1662992287488	8.946465	-0.15194423	-1.588236
1662992287498	8.780164	-0.29671	-1.9594226
1662992287512	8.635398	-0.26799613	-2.0670996
1662992287544	8.570791	-0.03708875	-2.243271
1662992287565	8.767003	0.15553348	-2.359323
1662992287602	9.059227	0.13399807	-2.32702
1662992287608	9.740284	0.043070808	-1.7979071
1662992287614	10.648659	-0.2416751	-0.9957133
1662992287628	11.007881	-0.8712866	-0.30987054
1662992287670	10.64507	-1.3680964	0.11395818
1662992287679	10.0417795	-1.4231312	0.2730809
1662992287709	9.645767	-1.0857433	0.015553347
1662992287723	9.132208	-0.5554339	-0.24765715
1662992287735	8.708379	0.1471586	-0.65353966
1662992287758	8.585149	0.6978069	-1.1240284
1662992287768	8.774181	0.8955139	-1.4099708
1662992287782	9.256635	0.9421739	-1.1515459
1662992287824	9.680463	0.7600203	-0.6439684
1662992287836	9.975977	0.4872385	-0.078963146
1662992287844	10.228719	0.13758731	0.4621139
1662992287867	10.216755	-0.21535404	0.59730834
1662992287887	9.89821	-0.38913277	0.34366915
1662992287920	9.6015	-0.20219351	-0.0011964113
1662992287926	9.45165	0.034695927	-0.22731815
1662992287966	9.438489	0.28384858	-0.3385844
1662992287974	9.824033	0.44895336	-0.23569304
1662992287988	10.233504	0.5374878	0.02751746
1662992288008	10.85833	0.41306102	0.70648086
1662992288017	11.262717	-0.09571291	1.0857433
1662992288039	10.53141	-1.1826526	0.7435696
1662992288065	10.200005	-2.097309	0.42981076
1662992288091	9.513863	-2.4179473	-0.53988063
1662992288120	8.636594	-1.8385851	-1.5858432
1662992288125	8.680861	-0.87248296	-1.5738791
1662992288130	9.348758	-0.24526432	-1.3992031
1662992288172	10.105189	0.474078	-1.5726827
1662992288184	11.326426	1.2903296	-1.3142579
1662992288195	11.903396	1.2927225	-0.33260235
1662992288213	11.589637	0.60687965	0.032303106
1662992288230	10.948061	0.5482555	-0.9514461
1662992288258	9.782158	0.5386842	-1.9307088
1662992288270	8.720343	0.5183452	-2.0838494
1662992288295	8.076375	0.53389853	-1.4207385
1662992288312	8.0201435	0.5374878	-0.9382856
1662992288335	8.374281	0.56859446	-1.1862419
1662992288343	8.814859	0.7719844	-1.8278174
1662992288369	9.29133	1.2029916	-2.7242286
1662992288388	9.730712	1.8421743	-3.022434
1662992288414	10.563714	2.4646072	-2.6309085
1662992288422	10.741082	2.5199413	-1.8577276
1662992288437	10.338788	2.321038	-1.1395818
1662992288477	9.727123	1.7177476	-0.7013961
1662992288486	9.178867	0.9182457	-0.5673981
1662992288515	8.792128	0.42622152	-0.5494519
1662992288522	8.502596	0.21415763	-0.6367899
1662992288553	8.335996	0.106480606	-0.94426763
1662992288568	8.603095	0.20697916	-1.16351
1662992288601	9.208778	0.27068806	-0.7743772
1662992288608	9.640982	0.17706887	-0.23688944
1662992288621	9.874282	0.33529428	0.17617157
1662992288653	10.00828	0.5183452	0.4022933
1662992288661	10.089636	0.49202415	0.6753742
1662992288688	9.930513	0.5183452	0.75553375
1662992288707	9.529416	0.68105716	0.3592225
1662992288736	8.956036	0.79860455	-0.2009971
1662992288749	9.011071	0.927817	-0.2883351
1662992288757	9.332008	0.87278205	-0.20338993
1662992288787	9.82164	0.8536395	-0.44027936
1662992288802	10.184451	0.82971126	-1.2197413
1662992288809	11.0246315	1.0007981	-1.3800604
1662992288832	11.764313	1.6064813	-1.5200406
1662992288871	11.887842	1.9214365	-2.2097716
1662992288883	11.632708	1.5311074	-1.5631114
1662992288890	11.180164	0.90388876	-0.4235296
1662992288919	10.473983	-0.06699903	-0.5518447
1662992288935	10.034601	-0.71455663	-1.1228321
1662992288968	9.889835	-0.6523433	-1.2496517
1662992288977	9.41815	-0.4441677	-1.1611172
1662992289005	8.822038	-0.25124636	-1.4853446
1662992289011	8.303693	-0.043070808	-2.178366
1662992289019	8.519346	0.2117648	-2.8393831
1662992289058	9.23151	0.4010969	-2.8250263
1662992289071	9.675677	0.10289137	-2.2097716
1662992289080	9.932906	-0.35682967	-1.1778669
1662992289098	10.103992	-0.8497511	-0.44745782
1662992289144	10.182058	-1.1730813	-0.0634098
1662992289155	10.036994	-1.1072787	0.0047856453
1662992289160	9.772587	-0.7289136	-0.18664017
1662992289188	9.383454	-0.21535404	-0.6056832
1662992289195	9.129815	0.27068806	-1.2400804
