Timestamp 	 X 	 Y 	 Z 
1662992262781	0.1435491	0.12759072	-0.033596598
1662992263076	0.04314109	0.005955761	-0.0098499125
1662992263231	0.048256934	-0.018325418	-0.028786177
1662992263460	0.09208523	6.1084726E-4	-0.03077143
1662992263583	0.18852274	0.022906773	-0.06772769
1662992263799	0.1944785	-0.032527618	0.026953636
1662992264084	0.50975204	0.0045049987	0.063604474
1662992264226	0.7671478	0.035429142	-0.044057358
1662992264453	0.98728186	-0.016951011	-0.06192464
1662992264610	1.0045383	0.028786177	-0.052532863
1662992264814	1.0916604	0.05283829	-0.04046863
1662992265044	1.0233983	0.038559735	-0.19195876
1662992265205	0.9607864	-0.017867282	-0.1485886
1662992265476	0.8306759	0.023975754	-0.11720632
1662992265668	0.6164976	-0.004123219	-0.13774605
1662992265808	0.27770644	0.07627955	0.04008685
1662992266057	0.36528665	0.121482246	0.17073181
1662992266283	0.51654774	-0.06322269	-0.06734591
1662992266502	0.64085513	0.024357535	-0.020997874
1662992266677	0.568317	0.064444385	-0.0071010995
1662992266806	0.54311955	0.033672955	0.028251685
1662992267090	0.44599485	0.062459134	-0.045966256
1662992267328	0.40430453	0.053983625	-0.06620057
1662992267506	0.18050537	-0.07650862	-0.0028251687
1662992267696	0.12911785	-0.01099525	-0.04352287
1662992267873	0.088649206	-0.015347538	-0.045966256
1662992268140	0.01565296	0.050242186	-0.031687703
1662992268353	0.0762032	0.06299362	-7.635591E-4
1662992268508	-0.0046577104	0.013133216	3.8177954E-4
1662992268686	-0.017714571	0.015500249	-1.5271181E-4
1662992268871	-0.033520244	-0.012369657	8.39915E-4
1662992269092	-0.018325418	-0.012064233	-0.0062611843
1662992269324	0.010613471	0.0023670332	-0.0060321167
1662992269574	0.007864659	-0.0061084726	0.01305686
1662992269694	0.0020616094	0.0021379655	0.0060321167
1662992269876	-0.021379653	0.009162709	0.0011453386
1662992270085	-0.012369657	-0.0045813546	0.010384403
1662992270320	-0.01007898	0.017943637	0.016263809
1662992270579	-0.004963134	-0.012827792	0.0061084726
1662992270724	0.033062108	-0.016645588	0.011606098
1662992270897	-0.023212196	-0.020921519	-0.004352287
1662992271127	0.0	-0.024357535	-0.008857286
1662992271324	0.026037365	0.019547112	-0.004123219
1662992271568	0.03397838	0.033902023	0.0019852535
1662992271717	0.0029015245	-0.011224318	0.003436016
1662992271895	-0.009162709	-0.014354911	0.0075592347
1662992272101	-0.01175881	0.0020616094	0.0023670332
1662992272354	-0.003436016	-0.0014507623	-0.010002624
1662992272544	-0.0071010995	0.0023670332	0.003436016
1662992272746	0.007253811	0.0035123718	-0.0011453386
1662992272923	0.0018325418	0.01175881	-6.8720314E-4
1662992273127	-0.016951011	0.0031305922	0.010537115
1662992273357	-0.023212196	-1.5271181E-4	0.0020616094
1662992273544	-0.0132859275	0.0019852535	0.005879405
1662992273731	-0.004428643	-0.016111096	0.010613471
1662992273950	7.635591E-5	-0.016492875	2.2906772E-4
1662992274153	0.0045813546	-0.008780929	-0.006872032
1662992274339	-0.02367033	-0.0	0.008322794
1662992274524	-0.18073443	0.013973131	0.046195325
1662992274741	-0.14881766	-0.0098499125	0.014278554
1662992274970	0.12026055	0.036956258	0.092772424
1662992275152	0.020845164	-0.17897825	0.022830416
1662992275356	-0.24281178	-0.16760121	-0.17470232
1662992275559	0.028786177	0.034283802	-0.09483404
1662992275740	0.086129464	0.099797174	0.009620844
1662992275954	-0.2005106	-0.07574506	0.041690327
1662992276193	-0.00503949	0.19218782	0.18585028
1662992276367	0.15026842	0.03420745	-0.13095038
1662992276575	-0.0062611843	-0.104760304	0.04909685
1662992276792	-0.20112146	6.8720314E-4	-0.26694027
1662992276985	-0.15851486	0.0264955	-0.19799086
1662992277183	0.37895438	0.13469182	0.1828724
1662992277372	0.09536853	-0.17928366	0.10277505
1662992277574	-0.009391776	0.04314109	0.16309622
1662992277748	0.24502611	0.15286453	-0.0061084726
1662992277952	-0.39544725	-0.14415996	-0.07711947
1662992278171	-0.22349374	-0.06253549	-0.082006246
1662992278375	-0.03657448	0.043904647	-0.1123959
1662992278590	0.30763796	0.015576605	0.025961008
1662992278808	0.16263808	0.07605048	0.1163664
1662992279064	0.030466007	0.088954635	0.058794048
1662992279224	0.06826218	0.14759597	-0.0014507623
1662992279413	0.0075592347	-0.16103461	0.029626092
1662992279609	-0.14606886	-0.13293563	-0.2192178
1662992279793	-0.04008685	-0.06894939	-0.10140064
1662992280067	0.33031565	0.25731942	0.1468324
1662992280230	-0.23128204	-0.2112768	0.09910997
1662992280477	-0.054899897	0.14507623	0.14186928
1662992280608	0.003436016	0.030924143	-0.027488127
1662992280798	0.05803049	-0.1615691	-0.019470757
1662992281085	-0.1312558	0.023593975	-0.29374117
1662992281280	0.14102936	0.010613471	-0.024052111
1662992281546	0.28289863	0.13263021	0.046042614
1662992281693	0.092543356	-0.09918632	0.086969376
1662992281814	0.04703524	0.046118967	0.1778329
1662992282097	0.0031305922	0.052532863	-0.009773556
1662992282328	-0.0626882	-0.1958529	0.025731942
1662992282547	-0.19165333	-0.057114217	-0.22608984
1662992282632	0.018172706	0.013362284	-0.06001574
1662992282877	0.105294794	0.17454961	0.0904054
1662992283094	-0.13186665	-0.10071344	0.008704574
1662992283290	0.033672955	0.104225814	0.1078909
1662992283565	-0.01175881	-0.017561859	-0.013744064
1662992283690	-0.04352287	-0.15820944	-0.04214846
1662992283874	-0.31145576	0.023593975	-0.30779067
1662992284095	0.3206948	0.12575819	0.19753273
1662992284327	0.043064732	-0.0076355906	0.041308545
1662992284564	-0.047493376	0.02519745	0.16592139
1662992284763	-0.021532366	0.063299045	-0.09483404
1662992284841	-0.08093726	-0.1653869	0.073912516
1662992285032	-0.20409934	-0.07704311	-0.18279605
1662992285247	-0.088343784	0.13606623	-0.09857547
1662992285438	0.29610822	0.1854685	0.13087402
1662992285649	-0.09529217	-0.15133741	0.074141584
1662992285863	-0.0015271181	0.05856498	0.1750841
1662992286058	0.0071010995	0.044133715	-0.011529742
1662992286256	-0.15408622	-0.09933904	0.042759307
1662992286468	-0.24059746	-0.19302773	-0.109188944
1662992286669	-0.15935478	0.04550812	-0.15729317
1662992286861	0.16821207	0.08353336	0.010155336
1662992287075	0.07566871	0.008551862	0.11972606
1662992287271	0.037414394	0.012216945	0.06986566
1662992287473	0.19944163	0.17775655	-0.06352811
1662992287693	-0.08674031	-0.17813833	0.024739314
1662992287880	-0.105982	-0.047646087	-0.13415733
1662992288082	-0.12789614	0.009315421	-0.22334103
1662992288278	0.45813546	0.014736691	0.17096087
1662992288495	0.26113722	0.10827268	0.03802524
1662992288722	-0.041690327	-0.014354911	0.08215895
1662992288897	-0.033062108	0.05375456	0.012980504
1662992289107	-0.04680617	-0.091092594	0.010689827
