Timestamp 	 X 	 Y 	 Z 
1663666532240	-0.15736952	0.15355173	0.01718008
1663666532488	-0.106974624	-0.004123219	0.018325418
1663666532641	-0.05635066	0.02145601	-0.006872032
1663666532909	0.022219568	0.02817533	-0.029244313
1663666533109	0.037032615	0.049173206	-0.023441264
1663666533230	0.051616594	0.05688515	-0.030466007
1663666533484	0.05054761	0.06100837	-0.0096972
1663666533633	0.063909896	0.04314109	7.635591E-4
1663666533879	0.05413634	0.037796173	-0.0036650836
1663666534098	0.02260135	0.027717194	0.005726693
1663666534286	-0.023746688	0.016798299	-0.0022906773
1663666534485	-0.027564483	-0.0051922016	-0.0020616094
1663666534677	0.007482879	-0.013514996	0.0035887277
1663666534900	0.029549737	-0.011224318	0.003970507
1663666535123	0.026800923	-0.0071774554	0.015576605
1663666535332	0.0075592347	0.0038177953	0.01137703
1663666535485	-0.016034741	0.0062611843	0.0030542363
1663666535675	-1.5271181E-4	-0.006413896	0.0066429637
1663666535837	0.042835664	-0.01175881	0.015042114
1663666536092	0.040621344	-0.011835165	0.017561859
1663666536328	0.007253811	-0.009544488	0.009468133
1663666536456	0.031840414	-0.027106347	0.0028251687
1663666536675	0.003970507	-0.0013744063	-0.004810422
1663666536877	-0.016874656	-0.015423893	-0.0020616094
1663666537078	-0.010918895	-0.010537115	-5.344914E-4
1663666537309	-0.029702447	-0.009391776	-0.0035123718
1663666537467	-0.011224318	-6.1084726E-4	-0.015882028
1663666537688	-0.022830416	0.00167983	-0.01175881
1663666537899	-0.023288552	-0.007482879	-0.005726693
1663666538110	-0.023288552	-0.005955761	-0.005803049
1663666538326	-0.00503949	0.01175881	-0.007253811
1663666538480	0.00167983	-0.0046577104	2.2906772E-4
1663666538685	-0.023135839	-1.5271181E-4	0.006566608
1663666538897	-0.010155336	-0.003283304	0.0045049987
1663666539114	0.0062611843	5.344914E-4	-6.1084726E-4
1663666539340	0.013820419	-0.009468133	-3.8177954E-4
1663666539489	-0.00633754	-0.0017561859	0.005955761
1663666539708	-0.022524992	0.0051922016	-0.004123219
1663666539916	-0.011071607	-0.00335966	0.0019088977
1663666540092	-2.2906772E-4	-0.005803049	-0.0014507623
1663666540276	-0.003970507	-0.0047340663	-0.0010689828
1663666540515	-0.005879405	-0.046195325	0.018172706
1663666540704	-0.022983128	-0.0104607595	0.006413896
1663666540919	0.035276428	0.016798299	-0.031458635
1663666541115	-0.009009997	0.0027488125	0.006413896
1663666541327	-0.028480753	0.0012216945	0.016874656
1663666541517	0.0076355906	-5.344914E-4	0.00167983
1663666541716	0.024204822	0.0056503373	-0.007482879
1663666541910	0.016340164	0.004886778	-0.0018325418
1663666542150	-0.008933641	0.005803049	0.001603474
1663666542297	-0.02367033	0.016874656	-0.0021379655
1663666542523	-0.018936265	0.022983128	-0.014583978
1663666542701	0.023212196	-0.004046863	-0.0019852535
1663666542942	0.026419144	-0.010384403	-1.5271181E-4
1663666543146	0.006413896	0.008704574	0.018554486
1663666543316	0.028328042	-0.018478129	-0.005726693
1663666543523	0.09124531	-0.20379391	-0.14645062
1663666543745	0.25205085	-0.26541314	-0.16477604
1663666543958	0.2171562	-0.12835428	0.009391776
1663666544182	0.39414918	0.09017633	0.25220355
1663666544319	0.13293563	-0.33336988	0.3068744
1663666544566	-0.48974678	1.020344	0.39078954
1663666544772	-0.48982313	0.34665582	0.08093726
1663666544983	-0.63383037	0.28083703	-0.41949937
1663666545129	0.21623993	-0.31405184	-0.19318044
1663666545339	0.56915694	-0.50578153	-0.2973299
1663666545598	0.45294324	0.044897273	0.05505261
1663666545739	-0.47646087	0.5712949	0.16370706
1663666545942	-0.31939676	0.24181916	0.22127941
1663666546144	-0.24166645	0.40361732	-0.11132691
1663666546343	0.32237464	-0.8281562	-0.30588177
1663666546554	0.3839175	-0.22456272	-0.03672719
1663666546753	0.06207735	0.101782426	-0.15225367
1663666546952	-0.7211052	0.93673426	0.37192962
1663666547161	-0.2223484	-0.32016033	-0.118122585
1663666547356	-0.17989452	0.24021569	-0.004886778
1663666547556	0.7443174	-0.80502033	-0.22624256
1663666547774	0.39422554	-0.10682192	0.092314295
1663666547952	-0.29900974	-0.11606098	-0.09139802
1663666548157	-0.6733064	1.0395093	0.40415183
1663666548374	-0.1828724	0.18516308	-0.16691402
1663666548560	0.54311955	-0.7364527	-0.1577513
1663666548761	0.49241924	-0.44683477	-0.010689827
1663666548973	0.18019994	-0.021226943	-0.17546588
1663666549172	-0.7673005	0.8781693	0.3617743
1663666549376	-0.15958385	-0.29931515	-0.10056073
1663666549569	0.076432265	0.35749835	0.093917765
1663666549834	0.6759025	-0.782648	-0.31206658
1663666550013	0.2753394	0.0749815	0.07146913
1663666550234	-0.35245886	0.08429692	0.0787993
1663666550440	-0.35299337	0.5009711	0.29435202
1663666550616	-0.04963134	0.41774318	-0.072538115
1663666550876	0.48432553	-0.91909605	-0.2716743
1663666551030	0.25350162	-0.30832514	0.022143213
1663666551224	0.07933379	0.1021642	-0.14003673
1663666551389	-0.5803813	0.90970427	0.39643988
1663666551622	-0.11911522	-0.41194013	-0.12110047
1663666551869	0.1570641	0.21173494	0.08964183
1663666552028	0.46317494	-0.63337225	-0.25938103
1663666552339	0.24288814	-0.04573719	0.05841227
1663666552482	-0.28457847	0.040926766	-0.062764555
1663666552693	-0.46317494	0.66452545	0.3875826
1663666552873	-0.1524064	0.32947573	-0.04023956
1663666553070	0.4892123	-0.8746569	-0.24525517
1663666553286	0.2043284	-0.34467056	0.00671932
1663666553495	0.27419406	0.010155336	-0.08429692
1663666553677	-0.6310052	0.7279772	0.41965207
1663666553857	-0.15164283	-0.2619771	-0.11888615
1663666554092	-0.24067383	0.5542675	0.052914646
1663666554265	0.48050773	-0.6068004	-0.24113196
1663666554494	0.2062373	-0.22280654	0.07009472
1663666554692	0.15622419	-0.10773818	-0.117893524
1663666554876	-0.47920966	0.77234	0.38643724
1663666555043	-0.3242072	-0.5765635	-0.02741177
1663666555227	-0.505018	0.49722967	0.103385895
1663666555434	0.20150323	-0.5849626	-0.27824092
1663666555647	0.1144575	-0.2657949	-0.13713521
1663666555840	-0.34306708	0.37009707	0.2716743
1663666556039	-1.2626213	0.4378248	0.14797775
1663666556243	-1.8324654	0.40178478	-0.046271678
1663666556446	-1.866291	-0.32237464	-0.19508934
1663666556657	-1.6883818	-0.41759047	0.17454961
1663666556852	-1.4225869	0.25777754	0.2855711
1663666557067	-1.2742274	0.79784286	0.24059746
1663666557251	-1.0677611	0.14866495	-0.09315421
1663666557457	-1.1050991	-0.05787778	-0.14866495
1663666557663	-0.8845832	-0.3087833	-0.066124216
1663666557861	-0.63306683	0.046577103	0.06765133
1663666558064	-0.54976255	0.0432938	0.057572354
