Timestamp 	 X 	 Y 	 Z 
1663766473233	0.0037414394	-0.015271181	0.0052685575
1663766473430	-7.635591E-5	-0.048944138	0.014965758
1663766473625	0.004810422	0.04359922	-0.004123219
1663766473840	-0.009926268	0.014125843	-0.0053449133
1663766474040	0.005803049	0.055205323	-0.016492875
1663766474236	-0.041308545	0.035200074	-0.016645588
1663766474429	0.023059484	0.028098974	-0.014125843
1663766474682	0.0015271181	-0.011529742	0.005879405
1663766474842	-0.013362284	-0.0055739814	0.008857286
1663766475072	-0.001603474	0.0045049987	-1.5271181E-4
1663766475338	-0.014125843	0.010384403	0.0052685575
1663766475685	0.006795676	0.027106347	-0.0014507623
1663766475693	0.011835165	0.013209572	-0.0031305922
1663766475868	2.2906772E-4	0.009620844	0.0021379655
1663766476157	0.020234315	0.017409148	-0.003283304
1663766476353	-7.635591E-4	0.012064233	-0.004123219
1663766476587	3.0542363E-4	0.00503949	-0.0022906773
1663766476717	0.006413896	-0.03420745	9.926268E-4
1663766476878	0.0151184695	-0.011606098	-0.0035887277
1663766477126	0.0035123718	-0.017790927	0.0060321167
1663766477342	-0.0019852535	-0.027488127	0.0056503373
1663766477571	0.008093726	0.007482879	-0.0014507623
1663766477714	0.0051922016	0.006872032	-0.0051922016
1663766477935	-0.011987877	0.0122933015	-0.0021379655
1663766478118	-0.0011453386	0.013514996	-0.005726693
1663766478347	0.0045813546	0.0075592347	-0.0028251687
1663766478590	-0.009086353	0.0020616094	0.0026724567
1663766478761	-3.8177954E-4	-0.0015271181	0.004046863
1663766478905	-0.06772769	0.01885991	0.0013744063
1663766479148	-0.062000997	-0.016263809	0.005955761
1663766479347	-0.02817533	0.051998373	-0.013514996
1663766479568	0.03603999	0.033672955	-0.010384403
1663766479734	0.0387888	0.025961008	-0.015500249
1663766479949	0.008780929	0.009162709	-0.0071010995
1663766480128	-0.0290916	-0.027640838	0.018707197
1663766480366	-0.11109784	-0.07986828	0.053296424
1663766480554	-0.025426516	-0.07704311	0.012904149
1663766480756	0.050318543	0.0510821	0.045966256
1663766480938	0.01977618	0.021379653	0.07574506
1663766481137	-0.30000237	-0.1546207	0.04008685
1663766481375	-0.11766446	0.06474981	0.012446013
1663766481552	-0.022448637	0.1066692	0.019928891
1663766481806	-0.057266932	0.035505496	0.057343286
1663766481995	-0.02535016	-0.0077119465	0.033825666
1663766482205	-0.14118208	-0.08704574	0.040544987
1663766482362	-0.21066594	-0.19287503	0.06734591
1663766482563	-0.08406785	-0.2346417	0.03283304
1663766482810	-0.1078909	-0.07200362	-0.00671932
1663766482999	-0.15866758	-0.08788565	0.015194826
1663766483195	-0.010537115	0.06772769	0.065284304
1663766483376	-0.05207473	0.066506	0.06826218
1663766483558	0.07994463	0.042301174	0.17073181
1663766483734	-0.14981028	0.10514209	-0.017638214
1663766483995	-0.13331741	-0.048027866	0.016111096
1663766484184	-0.05993939	0.040392276	-0.018249061
1663766484418	-0.09384141	-0.04008685	0.027029991
1663766484556	-0.01977618	0.073912516	-0.012369657
1663766484824	-0.13392825	-0.027717194	0.030542362
1663766485004	-0.13828056	-0.08597675	0.04573719
1663766485337	0.037185326	-0.1485886	7.635591E-5
1663766485476	0.09269607	-0.10728005	-0.053067356
1663766485602	0.07521057	-0.12766708	-0.04146126
1663766485865	0.057266932	3.0542363E-4	-0.01901262
1663766486094	-0.16057648	-0.04023956	0.04161397
1663766486311	0.029397024	0.18111621	0.025731942
1663766486558	-0.13377555	-0.048256934	0.06566608
1663766486673	-0.0264955	0.12942326	0.26449686
1663766486879	-0.22074492	0.21685077	0.15423894
1663766487136	-0.18898088	0.028022617	-0.028328042
1663766487356	0.020997874	0.092314295	-0.0787993
1663766487555	-0.029626092	0.014278554	-0.028786177
1663766487674	-3.0542363E-4	0.008170082	-0.008399149
1663766487878	-0.006490252	0.0031305922	-0.0029015245
1663766488138	-0.018554486	-0.06566608	0.00671932
1663766488337	0.047264308	-0.08941277	-0.022219568
1663766488569	0.020768806	-0.12774344	-0.027717194
1663766488674	0.0021379655	-0.10155336	-0.031611346
1663766488877	-0.07131642	-0.02069245	-0.01099525
1663766489120	-0.1880646	0.050165832	0.019928891
1663766489336	-0.033672955	0.14767233	-0.02260135
1663766489581	-0.13079767	-0.033291176	-0.011835165
1663766489678	0.06383354	0.041537613	0.018478129
1663766489868	0.020845164	0.012522369	0.032145835
1663766490137	0.031382278	0.014049487	0.06696413
1663766490362	0.06154286	-0.054365408	0.17080817
1663766490576	-0.15080291	0.12186403	-0.02145601
1663766490697	-0.17569494	0.07406523	0.052380152
1663766490878	-0.039476003	0.018783553	0.02741177
1663766491139	-0.070781924	0.014813046	0.008551862
1663766491377	3.0542363E-4	0.026342789	-0.0019088977
1663766491604	0.00167983	0.016569233	0.004352287
1663766491686	0.012369657	0.007406523	-0.0038177953
1663766491878	0.03993414	-0.020921519	-0.0053449133
1663766492159	0.04191939	-0.020081604	-0.00671932
1663766492374	0.02443389	-0.004810422	0.0035123718
1663766492588	-0.008857286	-0.03863609	0.011606098
1663766492703	-0.019318044	-0.025502874	0.0086282175
1663766492876	-0.003206948	-0.016645588	0.008093726
1663766493138	0.02893889	0.009773556	-0.005497625
1663766493376	0.01885991	0.0104607595	-0.007330167
1663766493529	-0.009391776	0.009391776	0.0028251687
1663766493693	-0.0061848285	-4.5813544E-4	-0.0015271181
1663766493900	0.011835165	0.022448637	-0.013514996
1663766494097	0.062382776	-0.016645588	-0.017714571
1663766494347	-0.11919157	-0.0061848285	-0.0020616094
1663766494579	-0.3849865	-0.11613733	0.0704765
1663766494721	-0.24487339	-0.10277505	0.06513159
1663766494891	-0.042988375	-0.036498122	0.0080173705
1663766495125	-0.025655584	0.009162709	-0.013667707
1663766495343	-0.028862532	0.028862532	-0.022372281
1663766495557	0.03298575	-3.0542363E-4	-0.02183779
1663766495743	0.018783553	8.39915E-4	-0.012751437
1663766495929	0.05971032	0.04031592	0.006872032
1663766496149	0.004046863	0.022830416	0.045049984
1663766496348	0.10048437	-0.046958882	0.14431266
1663766496514	-0.18539214	0.08933641	-0.037261683
1663766496748	0.031229567	0.0104607595	0.028633466
1663766496953	-0.13347013	0.0010689828	0.009544488
1663766497130	-0.006413896	0.033138465	-0.0026724567
1663766497358	0.014813046	0.03970507	-0.011987877
1663766497563	0.010766183	0.0036650836	-0.0012980504
1663766497815	-0.02741177	-0.016034741	0.0098499125
1663766497986	-0.016721943	-0.05222744	-0.007253811
1663766498186	-0.044057358	-0.048944138	-0.0051158457
1663766498357	-0.0981937	-0.056961507	-0.0030542363
1663766498544	-0.11125056	-0.085900396	0.013591352
1663766498817	0.035963632	-0.041690327	0.03787253
1663766498987	-0.0782648	0.024128467	-0.02481567
1663766499189	0.12751436	0.053372778	-0.0046577104
1663766499376	0.05803049	0.05688515	0.027717194
1663766499573	0.108425386	0.06375718	0.13018683
1663766499815	-0.17050274	0.013973131	-0.03245126
1663766499996	0.063909896	-0.03451287	-0.009620844
1663766500204	-0.085289545	0.034589227	-0.008551862
1663766500392	-0.033749312	0.037032615	-0.013744064
1663766500557	-0.040621344	0.0028251687	-0.002443389
1663766500813	0.011147963	-0.020310672	0.004352287
1663766501004	0.028098974	-0.025808297	0.0031305922
1663766501314	0.037185326	-0.06261184	0.0071010995
1663766501546	0.0193944	-0.03268033	0.009926268
1663766501614	0.004046863	0.051005747	-0.011224318
1663766501826	0.0070247436	0.03993414	-0.0122933015
1663766502084	0.0219905	0.03672719	-0.017867282
1663766502295	0.048562355	0.076126836	-0.03603999
1663766502482	0.019088976	0.030695075	-0.013820419
1663766502661	-0.05092939	-0.03260397	0.016187452
1663766502870	-0.11964971	-0.031764057	0.022677705
1663766503087	-0.1913479	0.017561859	0.055434387
1663766503285	-0.16126367	-0.012369657	0.057572354
1663766503563	-0.08009735	0.008551862	0.027640838
1663766503583	0.0086282175	0.0071774554	0.0037414394
1663766503856	-0.0086282175	0.0012216945	-0.002519745
1663766504085	-0.021761434	-0.013744064	0.010231691
1663766504353	-0.008857286	-0.02145601	0.0062611843
1663766504571	-0.012369657	-0.043217443	0.011453386
1663766504698	-9.162709E-4	-0.038483378	0.014660334
1663766504867	-0.037567105	-0.0028251687	0.014889402
1663766505109	-0.015500249	-0.023212196	0.010002624
1663766505354	-0.019165333	-0.002443389	0.0045813546
1663766505568	-0.016721943	0.015042114	0.01305686
1663766505686	-0.023593975	-0.01099525	0.014431266
1663766505876	-0.017027367	-0.041537613	0.0060321167
1663766506075	-0.009544488	-0.040544987	0.004046863
1663766506369	0.004275931	-0.042301174	0.003970507
1663766506557	0.0098499125	0.0045049987	-0.0028251687
1663766506687	0.011224318	0.03153499	-0.004352287
1663766506877	-0.013514996	0.03115321	2.2906772E-4
1663766507112	-0.0122933015	0.024510246	-0.002443389
1663766507333	-0.01007898	0.021226943	-0.0052685575
1663766507544	0.01901262	-0.003206948	-0.0092390645
1663766507687	0.02107423	-0.0017561859	-0.012369657
1663766507875	-0.01809635	-0.016645588	0.004352287
1663766508114	-0.006566608	-0.05993939	0.013209572
1663766508340	-0.005955761	-0.007864659	0.0045049987
1663766508586	0.0056503373	0.016798299	-0.0038941512
1663766508694	-0.0022143214	0.0264955	-0.0038941512
1663766508876	-0.009468133	0.020845164	-0.0012216945
1663766509152	-0.017943637	0.0022143214	-0.0020616094
1663766509363	0.006872032	-0.002443389	-0.0053449133
1663766509583	-0.0015271181	-0.022524992	9.926268E-4
1663766509722	-0.0055739814	-0.031458635	0.006872032
1663766509878	-7.635591E-5	-0.019852536	0.0022906773
1663766510117	0.0027488125	-0.017485503	3.8177954E-4
1663766510371	-1.5271181E-4	0.013514996	-0.0019852535
1663766510592	-0.001603474	0.020616096	0.0019852535
1663766510695	-0.005879405	0.018707197	-2.2906772E-4
1663766510886	0.0017561859	0.013362284	-0.004275931
1663766511106	-0.0076355906	-0.006872032	0.0010689828
1663766511364	0.0047340663	-0.030695075	-8.39915E-4
1663766511551	-0.004886778	-0.016263809	6.1084726E-4
1663766511738	3.8177954E-4	-0.022372281	0.0035123718
1663766511925	0.0021379655	-0.012064233	0.0031305922
1663766512137	0.010766183	-0.022066858	0.0047340663
1663766512349	-0.0015271181	0.035963632	-0.0045049987
1663766512553	0.004428643	0.04176668	-0.010155336
1663766512729	0.019623468	0.017790927	-0.00633754
1663766512903	0.048027866	0.042835664	-0.015958386
1663766513137	0.11911522	0.029320668	-0.039017867
1663766513346	0.13522631	0.01137703	-0.04734066
1663766513562	0.11293039	-0.040774055	-0.03970507
1663766513755	0.071698196	-0.02519745	-0.046577103
1663766513934	-0.18455222	-0.019547112	0.05581617
1663766514124	-0.0051922016	0.046577103	0.011682454
1663766514359	-0.05070032	0.15408622	0.18378867
1663766514531	-0.22265382	-0.042072106	-0.0264955
1663766514740	-0.020768806	-0.011606098	-0.018936265
1663766514929	0.02611372	0.014736691	-0.059099473
1663766515138	0.039017867	-0.031687703	-0.039323293
1663766515351	0.06207735	-0.045431767	-0.0061084726
1663766515539	0.17706935	-0.066506	0.0076355906
1663766515806	0.13530266	-0.10682192	-0.03825431
1663766515931	0.19661646	-0.16103461	-0.05077668
1663766516155	0.0749815	-0.23723781	-0.110334285
1663766516364	4.5813544E-4	-0.065284304	-0.09918632
1663766516579	-0.11942064	-0.085289545	-0.06772769
1663766516755	-0.096437514	-0.113693945	-0.032756682
1663766516950	0.111479625	0.06673507	-0.00633754
1663766517146	0.375442	0.4417953	0.04734066
1663766517355	-0.034436513	0.021226943	-0.0096972
1663766517553	0.001603474	0.13912046	0.19615832
1663766517806	-0.13965495	0.14332004	0.1357608
1663766517993	-0.49417543	0.1447708	0.004963134
1663766518167	0.004810422	0.041843038	-0.06230642
1663766518415	0.0219905	-0.046118967	-0.03993414
1663766518561	0.06902574	-0.042224817	-0.03413109
1663766518793	0.08689302	-0.04191939	-0.03993414
1663766518998	0.13270657	-0.13751699	-0.020845164
1663766519188	0.25220355	-0.098117344	-0.14171657
1663766519403	0.12522368	-0.14568707	-0.11781716
1663766519608	0.059633963	-0.17233528	-0.021761434
1663766519808	0.03283304	-0.1537808	-0.042453885
1663766519990	-0.058106847	-0.0884965	-0.1368298
1663766520286	-0.2481567	-0.21173494	-0.0381016
1663766520425	0.6491779	0.68911207	-0.06536066
1663766520622	-0.17645851	0.05833591	0.12491827
1663766520796	-0.23265645	0.18989713	0.2280751
1663766521035	-0.45294324	0.13140851	0.027335415
1663766521218	0.16385978	-0.04512634	-0.09124531
1663766521435	-0.11109784	-0.09078717	-0.09185616
1663766521639	0.02817533	-0.02367033	0.004886778
1663766521793	-0.10682192	0.08735116	-0.003283304
1663766522081	-0.21204035	0.013820419	0.0684149
1663766522331	-0.028557109	0.017409148	-0.005726693
1663766522472	0.083609715	0.12224581	-0.05222744
1663766522675	-0.012751437	0.041003123	-0.031993125
1663766522876	-0.03825431	-0.04535541	0.05092939
1663766523073	0.074676074	-0.060397524	0.019547112
1663766523354	0.08628218	-0.13217208	0.047493376
1663766523464	0.11407573	-0.22204298	0.075286925
1663766523616	0.21043688	-0.3035911	0.01305686
1663766523881	0.079791926	-0.23181653	-0.06161922
1663766524053	-0.0581832	-0.019318044	-0.13278292
1663766524366	-0.08971819	0.11850437	-0.10560022
1663766524598	-0.07375981	0.01718008	-0.014507622
1663766524800	0.26869643	0.5238015	0.0092390645
1663766524871	-0.17309885	-0.08719844	0.10888352
1663766525074	0.059252184	0.022143213	0.24838577
1663766525345	-0.070552856	0.09269607	0.12293301
1663766525466	-0.5748073	0.085594974	0.059481252
1663766525811	-0.112014115	-0.044515494	-0.013209572
1663766525871	0.04253024	-0.017256435	-0.02741177
1663766526140	0.074217945	0.11629005	-0.091168955
1663766526349	0.045431767	0.109188944	-0.06543701
1663766526554	7.635591E-5	-0.0023670332	-0.0030542363
1663766526806	0.14339639	-0.09216158	0.015882028
1663766526872	0.12942326	-0.21364383	0.027564483
1663766527082	0.18539214	-0.17745113	-0.012064233
1663766527394	0.13667707	-0.2855711	-0.028404398
1663766527578	-0.026953636	-0.04023956	-0.07925743
1663766527804	-0.14698513	-0.013896775	-0.09796463
1663766527896	-0.1958529	-0.058641337	-0.038941514
1663766528118	0.24769856	0.335966	-0.002443389
1663766528365	-0.13614258	-0.066506	0.067804046
1663766528533	0.037338037	0.23922306	0.30389652
1663766528732	-0.2114295	0.056808796	-0.011987877
1663766528926	0.013362284	-0.056427017	-0.16454698
1663766529126	0.09735378	-0.037108973	-0.03565821
1663766529434	-0.15553698	-0.0060321167	-0.049325917
1663766529539	0.20784079	0.21280392	0.002443389
1663766529810	-0.042988375	-0.038177952	-0.029626092
1663766529921	-0.11102149	-0.063604474	0.045966256
1663766530128	-0.07353074	0.0387888	0.2522799
1663766530381	-0.26671118	0.0026724567	0.03321482
1663766530566	0.0037414394	0.03466558	-0.029473381
1663766530815	0.06398625	0.03268033	-0.07108735
1663766530928	0.033138465	0.07154548	-0.064978875
1663766531147	0.088114716	0.0080173705	-0.038559735
1663766531364	0.03451287	-0.058870405	-0.013896775
1663766531581	0.033902023	-0.102011494	0.04359922
1663766531806	0.053220067	-0.13522631	0.01885991
1663766531937	0.13652436	-0.1603474	-0.033596598
1663766532137	-0.02351762	-0.06711684	-0.06215371
1663766532364	-0.11514471	-0.0077119465	-0.031229567
1663766532564	-0.088343784	0.004123219	0.04459185
1663766532802	0.097277425	0.14087665	-0.0046577104
1663766532956	-0.04756973	-0.07773031	-0.0030542363
1663766533149	0.12270394	0.104531236	0.17096087
1663766533364	-0.11911522	0.14973393	0.053372778
1663766533552	-0.1808108	0.045813546	-0.0936887
1663766533785	0.12079505	-0.035123717	0.023441264
1663766533988	0.079791926	0.03130592	-0.017027367
1663766534182	0.027488127	-0.046577103	-0.014889402
1663766534385	0.08460235	0.053830914	-0.021303298
1663766534563	0.123391144	0.05856498	-0.03115321
1663766534793	0.12552911	0.014965758	-0.043217443
1663766534987	0.14660335	-0.025579229	-0.0052685575
1663766535200	0.12216945	-0.08238802	0.007406523
1663766535400	0.09735378	-0.1300341	0.013667707
1663766535601	0.10957073	-0.1390441	-0.024586603
1663766535782	0.03245126	-0.074752435	-0.08788565
1663766535970	-0.1672958	-0.027182704	-0.038712446
1663766536188	-0.2813715	-0.09009997	0.08429692
1663766536405	0.05413634	0.26266432	-0.028709821
1663766536606	-0.03229855	-0.042759307	0.06024481
1663766536787	-0.14515258	0.3037438	0.17829104
1663766536986	0.070247434	-0.05650337	-0.1565296
1663766537203	0.101706065	-0.13056861	0.03978143
1663766537405	-0.053678203	0.019241689	-0.036498122
1663766537615	-0.30931777	-0.23830679	0.08078455
1663766537794	0.12293301	0.24777491	-0.059786674
1663766538113	0.14530529	0.07986828	0.09078717
1663766538312	-0.022372281	-0.14881766	-0.18378867
1663766538479	0.1446181	0.049478628	0.10552386
1663766538578	0.020768806	0.106745556	0.0801737
1663766538801	-0.3025221	0.13324106	0.15110834
1663766539066	-0.34764844	-0.022066858	-0.061161082
1663766539316	0.039476003	-0.060550235	-0.03955236
1663766539421	-0.38483378	-0.20547375	-0.061084725
1663766539684	0.16240901	0.34367794	0.070781924
1663766539816	0.019852536	0.0510821	-0.10094251
1663766540071	0.06765133	0.061313793	-0.02725906
1663766540318	0.20356485	-0.04191939	0.044286426
1663766540481	0.16836478	-0.12461284	-0.05070032
1663766540737	0.2275406	-0.010918895	-0.04512634
1663766540919	-0.007253811	-0.02893889	-0.011071607
1663766541072	0.057725064	-0.072996244	0.009162709
1663766541325	0.1643179	-0.06482617	-0.029626092
1663766541475	0.010002624	-0.103691325	-0.0193944
1663766541680	-0.083380654	0.005726693	-0.011911522
1663766541866	-0.2736596	-0.10361496	0.020921519
1663766542080	0.2538834	0.2673984	-0.02725906
1663766542363	0.026724568	-0.13568445	-0.03260397
1663766542482	0.08345701	0.03749075	0.02443389
1663766542812	-1.5271181E-4	0.15645325	0.27595025
1663766542825	-0.35276428	0.0264955	0.0219905
1663766543124	0.096972	-0.2422773	0.084220566
1663766543345	-0.048104223	-0.15026842	0.084220566
1663766543566	-0.0028251687	0.09689565	-0.044439137
1663766543734	0.10140064	0.08070819	-0.07704311
1663766543881	0.17844376	-0.039246935	-0.082540736
1663766544068	0.14423631	-0.03397838	-0.06879667
1663766544380	0.20707722	-0.06658235	-0.0697893
1663766544565	-0.17340426	-0.2339545	-0.103080474
1663766544797	0.5092939	0.6749099	-0.17729841
1663766544892	0.0022143214	-0.1692047	0.06299362
1663766545133	-0.27419406	0.18898088	0.16240901
1663766545358	-0.3406237	-0.038177952	-0.19745637
1663766545575	0.32168743	-0.0062611843	0.08635853
1663766545753	-0.053830914	0.06001574	-0.121482246
1663766545917	-0.047722444	0.033672955	-0.025426516
1663766546132	-0.00335966	-0.0028251687	-0.024052111
1663766546354	0.05932854	-0.05803049	0.011147963
1663766546579	0.118198946	-0.10582929	0.023059484
1663766546763	0.120947756	-0.13263021	0.038941514
1663766546895	0.12026055	-0.11071607	-0.012369657
1663766547136	-0.086434886	-0.075821415	-0.041155834
1663766547353	-0.098957255	-0.029320668	-0.008170082
1663766547578	-0.13843326	-0.038330667	-0.06314634
1663766547804	-0.08330429	-0.06879667	0.044439137
1663766547913	0.20066333	0.12507097	0.009468133
1663766548135	0.022219568	-0.16981554	0.030466007
1663766548355	0.1357608	0.05581617	0.2462478
1663766548581	-0.2717507	0.011987877	-0.023135839
1663766548734	-0.15912572	0.13453911	-0.025426516
1663766548911	0.11835165	0.13660072	-0.099568106
1663766549140	0.09071082	0.118122585	-0.09994988
1663766549358	0.08513684	0.09666658	-0.055434387
1663766549573	0.0503949	-0.021226943	-0.0122933015
1663766549727	0.2538834	-0.051234815	-0.023135839
1663766549926	0.095597595	-0.19989976	0.0066429637
1663766550143	0.024281178	-0.118733436	-0.026266431
1663766550361	-0.27281967	-0.10804361	-0.083915144
1663766550578	-0.24319357	-0.096972	-0.030924143
1663766550805	0.30038413	0.27098712	0.038483378
1663766550936	0.122856654	-9.162709E-4	-0.08490777
1663766551127	0.04367558	0.0645971	0.17073181
1663766551396	-0.17302248	0.18913358	0.20180866
1663766551568	-0.40163207	0.012904149	0.042988375
1663766551746	-0.032145835	0.025273805	-0.044133715
1663766551937	-0.045431767	0.036269058	0.012904149
1663766552167	-0.034283802	0.041003123	-0.014049487
1663766552350	-0.032222193	0.048562355	-0.024204822
1663766552577	0.0219905	0.048562355	-0.021914145
1663766552795	0.005497625	0.034283802	-0.0029778804
1663766552948	-0.012140589	0.029320668	0.011071607
1663766553177	0.024968382	0.030847786	-0.005803049
1663766553393	0.016645588	-0.01137703	-0.008399149
1663766553574	0.0029015245	-0.05390727	-0.010002624
1663766553789	0.09376506	0.008475506	-0.050853033
1663766554007	0.11247225	-0.046500746	-0.009315421
1663766554187	0.006795676	-0.11231954	0.027488127
1663766554389	0.09147438	-0.1350736	0.06765133
1663766554606	0.22517358	-0.06429167	-0.022830416
1663766554789	0.08765658	-0.06742226	-0.026037365
1663766555004	-0.04756973	0.006413896	-0.042377528
1663766555192	-0.2320456	-0.060397524	-0.008857286
1663766555396	0.075821415	0.17141901	0.037108973
1663766555608	-0.14118208	-0.093383275	-0.06894939
1663766555796	0.108119965	0.056808796	0.216469
1663766556077	-0.22395188	0.09910997	0.09849912
1663766556305	-0.11522106	0.07482879	-0.13560809
1663766556467	0.07093464	-0.004275931	-0.08880192
1663766556673	-0.2267007	-0.033902023	-0.074752435
1663766556804	0.15820944	0.20325942	-0.025655584
1663766557065	1.5271181E-4	-0.14530529	0.0070247436
1663766557254	0.102316916	-0.026190076	0.19539477
1663766557482	-0.1827197	0.03283304	0.1551552
1663766557673	-0.16584504	0.07032379	-0.02183779
1663766557872	0.009391776	0.09300149	-0.11018158
1663766558064	0.004428643	0.033749312	-0.062230065
1663766558316	-0.02275406	-0.024892027	0.029473381
1663766558469	0.029167956	-0.09972081	0.034971006
1663766558667	0.07711947	-0.016721943	0.02687728
1663766558875	0.09239065	0.057419643	-0.033367533
1663766559072	0.055510744	-0.083380654	0.0062611843
1663766559383	0.12033691	-0.08429692	-0.017409148
1663766559547	0.09857547	-0.11903886	-0.0062611843
1663766559725	0.11919157	-0.10376768	-0.021226943
1663766559875	-0.03191677	-0.055128966	-0.099491745
1663766560066	-0.21066594	-0.09651387	-0.10300412
1663766560353	0.03436016	0.061161082	0.061695572
1663766560565	0.10560022	0.184934	-0.064138964
1663766560683	0.016034741	0.11002886	0.25533417
1663766560829	-0.2836622	0.15248275	0.07154548
1663766561073	-0.19302773	0.012369657	-0.026037365
1663766561242	0.035429142	0.0060321167	-0.106440134
1663766561523	-0.0076355906	-0.08070819	-0.035505496
1663766561655	0.033062108	0.03077143	-0.012827792
1663766561880	0.08215895	0.09155073	-0.0387888
1663766562109	0.13140851	7.635591E-5	-0.0193944
1663766562365	0.30779067	-0.07734854	-0.044744562
1663766562547	0.19096613	-0.15752223	-0.046195325
1663766562805	0.0012980504	-0.1388914	-0.0381016
1663766562928	-0.2641151	-0.057343286	-0.07330167
1663766563135	-0.2235701	-0.041843038	0.029167956
1663766563376	0.2727433	0.2948865	0.040392276
1663766563533	0.06215371	-0.07177455	0.15798037
1663766563825	-0.120642334	0.20402299	0.13782242
1663766563914	-0.41377267	0.09162709	-0.025808297
1663766564123	0.09659022	-0.06772769	-0.022830416
1663766564390	-0.0036650836	0.010842538	-0.059404895
1663766564568	0.06161922	-0.03245126	-0.02687728
1663766564806	0.14194563	-0.028404398	-0.0071010995
1663766564918	0.2557923	-0.020463383	-0.008399149
1663766565084	0.12736166	-0.085594974	-0.037032615
1663766565336	0.029320668	-0.083609715	-0.03115321
1663766565579	-0.31756422	-0.38093963	-0.1300341
1663766565806	0.17538951	0.29061058	-0.10246963
1663766565933	-0.0865876	0.0891837	0.43026555
1663766566122	-0.13934954	-0.032909397	0.07314896
1663766566352	-0.035200074	-0.012216945	-0.061695572
1663766566566	0.044057358	-0.024052111	-0.20203774
1663766566795	0.059252184	0.0626882	-0.049784053
1663766566954	0.11942064	0.081700824	-0.0381016
1663766567160	-0.12239852	-0.04795151	0.008551862
1663766567344	0.017790927	0.09659022	0.25235626
1663766567550	-0.1208714	0.037185326	-0.0062611843
1663766567751	0.04031592	0.042682953	-0.049936764
1663766567944	-0.044439137	0.06490252	-0.05986303
1663766568154	-0.111479625	-0.034818295	-0.025273805
1663766568366	0.06925481	0.010689827	-0.03657448
1663766568555	0.07719582	-0.020845164	-0.022219568
1663766568753	0.16660859	0.020081604	-0.03993414
1663766568987	0.106974624	-0.13812783	0.04031592
1663766569185	0.10384403	-0.18882816	-0.02443389
1663766569385	-0.3616216	-0.28511295	-0.12255123
1663766569568	0.14332004	0.1525591	0.047722444
1663766569786	0.23158747	0.116748184	0.057190575
1663766569971	-0.25953373	0.33749312	0.21738526
1663766570196	-0.26663482	0.05245651	0.023288552
1663766570367	0.09521582	-0.073607095	-0.1311031
1663766570604	-0.03321482	0.12522368	-0.075897776
1663766570788	-0.109799795	-0.010842538	0.035581853
1663766571034	-0.04924956	-0.096132085	-0.02519745
1663766571201	0.0749815	-0.04795151	0.03749075
1663766571398	0.1946312	-0.037185326	0.0600921
1663766571615	0.072232686	-0.059786674	0.04008685
1663766571788	-0.043751936	0.075286925	0.16615045
1663766572001	-0.23662695	0.037948888	-0.05505261
1663766572204	0.07849387	-0.15179555	-0.04161397
1663766572410	-0.13446276	-0.07490514	-0.14591613
1663766572614	0.06100837	-0.033520244	-0.10437853
1663766572804	0.26625305	0.25640315	-0.047875155
1663766573050	-0.046500746	-0.036116343	0.18646112
1663766573227	-0.24380441	0.198449	-0.067804046
1663766573480	0.06963659	0.011453386	-0.011682454
1663766573608	0.02275406	9.926268E-4	0.024739314
1663766573803	-0.057496	-0.01137703	2.2906772E-4
1663766574084	0.067804046	0.05276193	-0.063299045
1663766574286	0.12056598	-0.04314109	-0.029549737
1663766574481	0.15950748	-0.10109522	0.0122933015
1663766574745	0.037948888	-0.14018944	0.008551862
1663766574806	0.16981554	0.064138964	-0.010842538
1663766575058	-0.11079242	0.28999972	0.26526043
1663766575282	-0.053678203	-0.114839286	-0.05581617
1663766575433	0.037414394	-0.09155073	-0.11957335
1663766575679	-0.3198549	-0.13392825	-0.06467345
1663766575859	0.30015507	0.2247918	-0.10628742
1663766576072	-0.0898709	0.17691664	0.23120569
1663766576364	-0.12499462	0.020997874	-0.071698196
1663766576566	-0.046500746	-0.1163664	0.0027488125
1663766576754	0.048638713	-0.03802524	-0.0061848285
1663766576865	-0.013514996	0.054594472	-0.031611346
1663766577085	-0.07116371	0.027717194	-0.004428643
1663766577359	0.021914145	-0.025655584	0.009773556
1663766577566	0.043904647	-0.08185353	0.0075592347
1663766577744	0.0891837	-0.08750387	0.018478129
1663766577882	0.16462334	-0.103385895	-0.018707197
1663766578073	0.13774605	-0.08857285	-0.015958386
1663766578344	-0.21547636	-0.106974624	0.019165333
1663766578567	0.35352784	0.32176378	-0.11338852
1663766578804	-0.08750387	-0.20203774	0.1123959
1663766578915	-0.19310409	0.12896512	0.22334103
1663766579139	-0.22387552	0.17874917	-0.11682454
1663766579355	0.10262234	0.006795676	-0.22456272
1663766579576	0.07276718	-0.1220931	-0.026571855
1663766579804	-0.24716407	0.18577392	0.30595812
1663766579875	-0.3385621	-0.30748525	-0.007864659
1663766580128	-0.19760908	-0.01099525	0.048104223
1663766580337	0.017638214	0.054212693	-0.031764057
1663766580552	0.055205323	0.08215895	-0.06261184
1663766580807	0.018783553	0.030084228	-0.019088976
1663766580921	0.05505261	0.022448637	0.005497625
1663766581130	0.07963921	0.022906773	0.01267508
1663766581362	0.15614784	-0.017561859	-0.03672719
1663766581541	0.15347537	-0.08162446	-0.044744562
1663766581805	0.13011047	-0.05260922	-0.04535541
1663766581918	-0.007864659	-0.07200362	-0.0053449133
1663766582141	-0.31359372	-0.18195613	0.0046577104
1663766582365	0.5473192	0.5722875	-0.078035735
1663766582557	0.008933641	-0.15912572	-0.08246438
1663766582805	0.1672958	-0.034741938	0.01137703
1663766582924	0.084755056	0.027106347	0.24983653
1663766583144	-0.090634465	-0.08215895	-0.012827792
1663766583346	0.073912516	-0.21585815	-0.08185353
1663766583585	0.06452074	-0.14729054	-0.085900396
1663766583731	-0.12369657	0.066124216	-0.15614784
1663766583925	-0.13018683	0.09704836	-0.031993125
1663766584145	0.08674031	0.21730891	-0.017103724
1663766584367	0.023212196	-0.06123744	0.022524992
1663766584577	-0.06261184	0.031382278	0.1272853
1663766584733	-0.19340952	0.06734591	0.16996825
1663766584939	-0.25556323	0.03245126	0.011224318
1663766585127	0.28442577	-0.0219905	-0.055205323
1663766585398	0.023823043	0.036803547	-0.073072605
1663766585567	-0.015958386	0.06879667	-0.024510246
1663766585806	0.0782648	0.0432938	-0.07734854
1663766585948	0.11392301	-0.027564483	-0.052991
1663766586153	0.05650337	-0.065055236	-0.0027488125
1663766586361	-0.24403349	-0.17485502	0.12697987
1663766586542	0.116519116	-0.0678804	-0.036803547
1663766586789	0.02260135	-0.1350736	0.09834641
1663766586958	0.067269556	0.01305686	0.22922044
1663766587159	-0.061848287	0.17859647	-0.19577655
1663766587373	-0.097277425	-0.05650337	-0.21112408
1663766587563	0.21150586	0.13713521	-0.0749815
1663766587754	-0.32985753	0.15889664	0.3108449
1663766587956	-0.3342098	-0.009773556	-0.05245651
1663766588153	0.13438639	-0.052532863	0.06536066
1663766588367	-0.032756682	0.07284354	-0.100866154
1663766588590	-0.0045813546	0.06192464	-0.04176668
1663766588775	-0.030236939	0.06253549	-0.015500249
1663766588978	0.092772424	0.014202199	-0.016645588
1663766589172	0.14774868	-0.029702447	-0.022983128
1663766589423	0.069483876	-0.10651649	0.04718795
1663766589584	0.32542887	-0.11132691	-0.038330667
1663766589785	0.092543356	-0.23471805	8.39915E-4
1663766589967	-0.29969692	-0.28266957	-0.11193776
1663766590180	0.28358585	0.13438639	-0.050089475
1663766590407	-0.06062659	0.060932014	0.32855946
1663766590582	-0.22463907	0.1906607	0.17470232
1663766590789	-0.1776802	0.21585815	-0.11835165
1663766590979	-0.12377293	-0.08483142	-0.13377555
1663766591242	0.24968381	0.18317783	-0.055892523
1663766591436	-0.0022143214	0.029320668	-0.00633754
1663766591642	0.020616096	-0.18691926	0.05635066
1663766591824	-0.104760304	-0.023441264	0.0076355906
1663766592036	0.15454435	0.020845164	-0.006795676
1663766592246	0.05276193	0.011682454	0.009544488
1663766592436	0.057725064	0.08231167	-0.057343286
1663766592666	0.16027105	-0.015576605	-0.047264308
1663766592882	0.11476293	-0.035734564	-0.02069245
1663766593038	0.11056335	-0.11667182	-0.03061872
1663766593244	-0.009773556	-0.13660072	0.009391776
1663766593450	0.03153499	-0.006490252	0.062382776
1663766593665	0.22082129	0.08933641	-0.15263546
1663766593876	0.06933116	-0.04665346	0.07605048
1663766594043	0.012980504	0.3165716	0.19539477
1663766594275	-0.2223484	0.15859123	-0.016874656
1663766594469	-0.043904647	-0.13721156	-0.19959435
1663766594619	-0.17057909	-0.012827792	-0.104531236
1663766594877	0.29847524	0.10162971	0.0038941512
1663766595040	-0.118428014	-0.19570018	-0.02741177
1663766595250	0.011606098	-0.010918895	0.083686076
1663766595502	0.09513946	0.051463883	0.10712734
1663766595691	-0.12125318	0.010918895	-0.012446013
1663766595874	0.01733279	0.07956286	-0.08101362
1663766596066	-0.0678804	0.091703445	-0.080020994
1663766596282	-0.044897273	0.036879905	-0.022372281
1663766596582	0.08880192	-0.053296424	-0.0038941512
1663766596726	0.038330667	-0.114992	0.05764871
1663766596873	0.05986303	-0.14423631	0.05222744
1663766597069	-0.007253811	-0.22013408	0.06467345
1663766597304	0.051998373	-0.13881505	-4.5813544E-4
1663766597486	-0.06879667	0.0026724567	-0.062000997
1663766597714	-0.14614521	-0.033062108	-0.14889401
1663766597899	0.2476222	0.24701136	-0.03955236
1663766598155	-0.12384928	0.49226654	0.37666368
1663766598294	-0.22181392	-0.03802524	-0.15698774
1663766598525	-0.2600682	-0.23059484	-0.09590302
1663766598728	0.26724568	0.040926766	0.030389652
1663766598901	-0.07704311	0.1750841	0.175924
1663766599098	-0.37796175	-0.083609715	-0.02107423
1663766599298	0.02687728	0.07215633	-0.016569233
1663766599501	0.044133715	0.084755056	-0.07276718
1663766599708	0.019623468	0.027335415	-0.028862532
1663766599905	-0.070858285	0.019547112	0.014278554
1663766600118	0.0381016	-0.058717694	0.02069245
1663766600341	0.053220067	-0.1556897	0.045279052
1663766600508	0.046424393	-0.087809294	0.039246935
1663766600714	0.03642177	-0.05841227	0.055128966
1663766600919	0.012522369	-0.041843038	0.020463383
1663766601166	0.05635066	-0.017943637	-0.03153499
1663766601312	-0.33115557	-0.27503398	0.024052111
1663766601521	0.44271156	0.31160846	-0.11919157
1663766601734	0.06543701	-0.038483378	0.2043284
1663766601946	-0.0027488125	-0.0029015245	0.11178505
1663766602123	-0.263886	-0.06810947	-0.034971006
1663766602343	0.03787253	-0.1336992	-0.025579229
1663766602568	-0.35093176	-0.043981	-0.18707198
1663766602738	0.32512346	0.23548162	0.0011453386
1663766602932	-0.04535541	-0.009773556	-0.057190575
1663766603188	0.13423368	0.06879667	0.13835691
1663766603388	-0.14316733	0.10445488	0.1227803
1663766603565	-0.22708246	0.020005248	-0.027488127
1663766603781	0.038712446	-0.026037365	-0.05260922
1663766603991	-0.07780667	0.057496	-0.051463883
1663766604184	0.027946262	0.10544751	-0.055205323
1663766604406	0.060855657	0.0019088977	-0.03420745
1663766604604	0.080020994	-0.0151184695	-0.023823043
1663766604797	0.18531579	-0.09704836	0.007941014
1663766604996	0.07521057	-0.105371155	-0.03825431
1663766605208	-0.19783816	-0.11170869	0.11476293
1663766605404	0.096972	-0.091703445	-0.01175881
1663766605581	-0.14087665	0.34329617	0.35681117
1663766605793	-0.19043164	0.030847786	0.08322794
1663766606032	0.029015245	-0.18279605	-0.2566322
1663766606239	0.009926268	-0.21868332	-0.25136364
1663766606367	0.3129065	0.24914932	0.00633754
1663766606625	-0.25014195	-0.03970507	0.09704836
1663766606800	0.09239065	-0.26846737	0.0458899
1663766607073	0.03565821	0.004963134	0.058794048
1663766607256	0.007406523	0.07559235	-0.03130592
1663766607486	0.029320668	0.14629792	-0.07337803
1663766607611	0.04566083	0.08162446	-0.0452027
1663766607804	0.12354386	0.04535541	-0.040926766
1663766608076	-0.009620844	-0.06933116	0.0017561859
1663766608251	0.04046863	0.016187452	-0.021226943
1663766608452	0.01733279	-0.039094225	0.0076355906
1663766608726	0.004123219	-0.07452337	0.01305686
1663766608817	0.012446013	-0.044744562	0.0011453386
1663766609069	-0.0458899	-0.057114217	0.008093726
1663766609319	0.048104223	-0.03413109	-0.009544488
1663766609473	-0.14530529	-0.10101887	-0.044286426
1663766609727	0.098651834	0.09529217	0.13919681
1663766609825	-0.14935215	0.35444412	0.32794863
1663766610123	-0.06261184	-0.088878274	-0.015576605
1663766610323	-0.25304347	-0.045584477	-0.11079242
1663766610567	0.110868774	-0.05993939	-0.08292252
1663766610789	-0.21349111	-0.17432053	-0.20829892
1663766610870	0.13476817	-0.0775776	-0.06925481
1663766611128	0.3470376	0.44339874	-0.08383878
1663766611353	-0.09880454	0.0290916	0.2560977
1663766611573	-0.14935215	-0.090634465	0.08315159
1663766611807	-0.30549997	0.065055236	-0.029397024
1663766611874	0.10560022	0.12675081	-0.044057358
1663766612125	-0.020005248	0.11506835	-0.09162709
1663766612346	-0.02107423	0.15278818	-0.06314634
1663766612535	0.06604786	0.08735116	-0.052991
1663766612797	-0.036956258	-0.07521057	0.0053449133
1663766612875	0.03245126	-0.15294088	0.044820916
1663766613127	0.06910209	-0.15553698	0.0581832
1663766613381	0.09880454	-0.118428014	0.05505261
1663766613567	0.05222744	-0.08322794	0.040010497
1663766613743	0.031229567	-0.096437514	0.013973131
1663766613909	0.098957255	-0.14102936	-0.029167956
1663766614184	-0.00335966	-0.028633466	-0.13362284
1663766614337	-0.23158747	-0.08521319	-0.115908265
1663766614551	0.21937053	0.26136628	0.080860905
1663766614857	-0.17279342	0.07925743	0.2857238
1663766614916	-0.17118995	0.0051158457	-0.014049487
1663766615110	0.11247225	-0.12186403	0.0988809
1663766615325	-0.14370182	-0.059023116	0.05207473
1663766615556	-0.17012095	0.07574506	0.013209572
1663766615748	-0.24059746	0.06818583	0.015958386
1663766615918	-0.035581853	0.05596888	-0.018630842
1663766616134	0.08574768	0.024281178	-0.04688253
1663766616339	0.124001995	0.054059982	-0.038865156
1663766616554	0.08758023	-0.031229567	-0.0013744063
1663766616755	0.034589227	0.0027488125	0.0013744063
1663766616958	0.022677705	-0.024281178	-0.007482879
1663766617209	0.0581832	-0.03000787	-0.025121093
1663766617373	0.12552911	0.019088976	-0.06383354
1663766617565	0.18142164	0.036116343	-0.08765658
1663766617859	0.0704765	-0.013820419	-0.075821415
1663766617918	-0.27373594	-0.14767233	0.056808796
1663766618204	0.32390177	0.2481567	-0.014354911
1663766618328	-0.027335415	-0.16439427	0.1641652
1663766618560	0.10636378	0.047646087	0.2443389
1663766618807	-0.2854184	-0.0096972	-0.09659022
1663766618924	0.1414875	-0.023823043	-0.085900396
1663766619184	0.02985516	-0.035581853	-0.1021642
1663766619368	-0.19340952	-0.24181916	-0.20661908
1663766619563	0.35077903	0.26098448	-0.11002886
1663766619809	-0.15714046	0.09155073	0.32932302
1663766619970	0.014889402	0.04550812	-0.1298814
1663766620184	0.083075225	-0.0041995747	-0.027564483
1663766620374	-0.09139802	-0.0768904	0.046118967
1663766620591	0.02687728	0.20753536	-0.06536066
1663766620788	0.034818295	0.16286714	-0.06940752
1663766620972	-0.02183779	0.03978143	-0.033367533
1663766621183	-0.05207473	-0.01267508	0.012064233
1663766621362	-0.12438377	-0.15981291	0.06314634
1663766621577	0.030847786	-0.13240114	0.06291727
1663766621798	0.03955236	-0.1447708	0.0019088977
1663766622005	-0.080326416	-0.24357535	0.090023614
1663766622196	0.31901497	0.3151972	-0.154468
1663766622425	-0.014278554	7.635591E-5	0.34360158
1663766622607	-0.08910734	-0.05444176	0.039094225
1663766622809	-0.20112146	-0.006490252	-0.14721419
1663766623055	-0.22647162	-0.003283304	-0.16408885
1663766623237	0.31993124	0.15156648	-0.014202199
1663766623446	-0.13980767	-0.266024	0.02481567
1663766623619	-0.106440134	-0.07666133	0.048486
1663766623815	0.056427017	0.07849387	0.046577103
1663766624055	0.21791977	0.13553174	0.037261683
1663766624244	-0.070781924	0.25762483	-0.09124531
1663766624446	0.14034216	0.105371155	-0.045584477
1663766624613	-0.042453885	0.10957073	-0.080860905
1663766624797	-0.046729814	0.048638713	-0.04963134
1663766625057	-0.08674031	-0.0051158457	-0.026342789
1663766625238	-0.00503949	-0.16424155	0.04566083
1663766625436	0.063375406	-0.1575986	0.014965758
1663766625642	0.09101624	-0.15813309	-0.023135839
1663766625822	-0.002519745	-0.14690876	-0.018936265
1663766626132	-0.25968644	-0.21585815	-0.13629529
1663766626246	0.3208475	0.055892523	-0.057343286
1663766626563	0.34894648	0.3345916	0.061161082
1663766626713	-0.15630054	0.06299362	0.2606027
1663766626866	-0.6424586	-0.025961008	0.084755056
1663766627148	0.033825666	0.06872032	-0.05207473
1663766627360	-0.23601611	0.05062397	0.08070819
1663766627562	0.020463383	0.030084228	-0.047111593
1663766627715	0.184934	0.1390441	-0.08689302
1663766627898	0.14645062	0.0704765	-0.05787778
1663766628124	-0.030695075	0.005421269	-0.023288552
1663766628337	0.038712446	-0.100637086	0.015576605
1663766628547	0.13621894	-0.15530792	0.017638214
1663766628707	0.075821415	-0.19348587	0.070018366
1663766628863	-0.026724568	-0.23296188	0.035505496
1663766629147	0.0768904	-0.2114295	-0.10995251
1663766629395	-0.40651885	-0.35100812	-0.21753798
1663766629602	0.9079481	1.0852466	-0.18447587
1663766629747	0.011071607	-0.19211146	0.34894648
1663766629877	-0.24388076	0.08803836	0.23823044
1663766630132	-0.3795652	0.04795151	-0.047493376
1663766630332	0.04940227	0.04031592	-0.060397524
1663766630607	0.07353074	0.13133216	-0.09552124
1663766630749	-0.0768904	0.08803836	-0.053220067
1663766630903	0.02145601	0.007941014	-0.0019852535
1663766631126	0.009391776	-0.005803049	-0.028328042
1663766631365	0.031000499	-0.15439165	0.041155834
1663766631567	0.06566608	-0.06177193	0.030924143
1663766631663	0.05054761	-0.05581617	0.023975754
1663766631917	-0.2557923	-0.10437853	-0.005879405
1663766632111	0.0749815	0.0581832	0.0061848285
1663766632407	0.051769305	0.45882264	0.3246653
1663766632606	-0.39666894	-0.037032615	-0.048409645
1663766632814	0.1601947	-0.066506	-0.1066692
1663766632904	-0.21120045	-0.26571855	-0.04871507
1663766633131	0.15882029	4.5813544E-4	-0.03420745
1663766633382	0.031382278	-0.27259058	0.017867282
1663766633574	-0.032145835	-0.05276193	-0.046118967
1663766633761	-0.04833329	-0.050853033	0.2005106
1663766633911	-0.3839175	0.053449135	-0.0028251687
1663766634114	-0.0011453386	-0.06154286	0.1776802
1663766634383	-0.004046863	0.015271181	-0.0096972
1663766634594	0.13201937	0.08513684	-0.047111593
1663766634796	-0.014125843	0.040163208	-0.012827792
1663766634901	0.24128467	-0.12171131	-0.057496
1663766635120	0.03077143	-0.16508147	-0.0387888
1663766635372	0.021685077	-0.24739315	0.11010522
1663766635573	-0.00671932	0.015805673	0.0071010995
1663766635751	0.009468133	0.024128467	-0.015729317
1663766635936	-0.042835664	0.07162184	-0.05673244
1663766636127	-0.043370154	0.09460497	-0.07673769
1663766636352	0.10804361	0.2043284	0.070247434
1663766636579	-0.28373855	-0.032756682	0.033596598
1663766636800	0.1447708	-0.2761793	0.2055501
1663766636966	-0.1711136	0.075286925	-0.0038941512
1663766637135	-0.019547112	0.15805672	-0.04756973
1663766637408	0.039094225	0.16172181	-0.0028251687
1663766637603	0.19371493	-0.110639706	-0.1925696
1663766637796	0.10949437	0.0035123718	0.052303795
1663766637976	-0.004810422	-0.008322794	-0.014354911
1663766638182	0.07482879	0.13072132	-0.08315159
1663766638397	0.1246892	0.051616594	-0.037567105
1663766638582	0.026648212	0.0023670332	-0.002443389
1663766638790	-0.036956258	0.017943637	0.0029015245
1663766638974	-0.021532366	0.024739314	-0.0019852535
1663766639187	0.0060321167	0.016492875	-0.014583978
1663766639398	0.01305686	0.04421007	-0.023975754
1663766639575	0.0020616094	0.020081604	-0.003206948
1663766639786	0.0013744063	0.0035887277	0.011453386
1663766639983	-0.09597938	-0.025044737	0.037414394
1663766640228	-0.06658235	-0.074217945	0.031687703
1663766640444	0.005726693	0.02535016	-0.012216945
1663766640620	0.019088976	0.031076854	-0.016874656
1663766640808	0.0018325418	0.05222744	-0.0013744063
1663766641100	0.016187452	0.112548605	0.1311031
1663766641230	-0.35688752	0.0010689828	0.001603474
1663766641434	-0.053678203	-0.17538951	0.020845164
1663766641616	-0.048180576	-0.114839286	0.09720107
1663766641810	-0.13560809	0.06536066	0.0062611843
1663766642064	0.037948888	0.054899897	-0.023364907
1663766642235	0.0086282175	0.08826743	-0.03000787
1663766642422	-0.02069245	0.10720369	-0.03825431
1663766642619	0.023059484	0.09712471	-0.048027866
1663766642813	0.026266431	-0.0041995747	-0.030313294
1663766643132	0.050471254	-0.044133715	-0.0036650836
1663766643243	0.018936265	-0.0626882	0.0038941512
1663766643557	0.04199575	-0.115373775	0.037032615
1663766643623	0.038559735	-0.06994201	0.021608721
1663766643864	0.016645588	-0.03245126	0.018401774
1663766644145	-0.003283304	-0.007330167	0.008933641
1663766644354	-0.0151184695	0.025426516	-0.0080173705
1663766644566	-0.0387888	0.06062659	-0.0035123718
1663766644707	-0.013514996	0.051769305	-0.008551862
1663766644864	-0.034589227	0.03955236	-0.003206948
1663766645125	-0.018401774	0.00633754	-0.008399149
1663766645336	-0.046577103	-0.036879905	0.016340164
1663766645565	-0.008704574	-0.009315421	0.00633754
1663766645684	-0.023593975	0.03283304	-5.344914E-4
1663766645865	0.019623468	0.021379653	-0.013667707
1663766646124	0.026724568	-0.009086353	0.002519745
1663766646332	0.020463383	-0.05764871	0.016340164
1663766646530	0.04291202	-0.060397524	0.009162709
1663766646765	-0.0026724567	-0.052685577	0.027488127
1663766646890	0.027182704	-0.06956023	0.015194826
1663766647137	0.038483378	-0.018630842	-0.0017561859
1663766647317	0.032069482	-0.023746688	-0.005955761
1663766647605	0.01901262	-0.024510246	-0.014049487
1663766647747	0.03115321	-0.02275406	-0.03436016
1663766647893	-0.014125843	-0.019623468	-0.042606596
1663766648140	0.014660334	-0.018936265	-0.05428905
1663766648390	-0.25258535	-0.17302248	-0.030695075
1663766648592	0.27075803	0.23685603	-0.028557109
1663766648754	-0.076432265	-0.28847262	0.0219905
1663766648907	0.098957255	0.012369657	-0.04795151
1663766649113	0.0678804	0.028328042	0.004046863
1663766649391	0.03451287	0.0775776	0.004046863
1663766649585	0.050242186	0.11125056	0.18218519
1663766649819	0.059481252	0.18852274	-0.16469969
1663766649915	0.44668207	0.10392039	-0.10056073
1663766650112	0.300995	0.02535016	-0.10804361
1663766650436	0.20890976	0.030236939	-0.052532863
1663766650556	-0.014965758	-0.072996244	0.035123717
1663766650790	-0.30389652	0.06620057	0.19898349
1663766650915	-0.55342764	0.019623468	-0.041308545
1663766651107	0.084220566	0.14064758	-0.024892027
1663766651398	-0.30152947	0.036956258	0.035581853
1663766651589	-0.0031305922	-0.2727433	-0.034589227
1663766651801	0.022983128	-0.0640626	0.019318044
1663766651911	-0.04680617	0.073072605	-0.0052685575
1663766652145	-0.04940227	0.01718008	0.028022617
1663766652363	-7.635591E-4	-0.054059982	0.03298575
1663766652608	0.028480753	-0.0028251687	-0.0056503373
1663766652805	-0.07093464	0.029167956	0.018554486
1663766652912	-0.11209047	-0.053449135	0.025273805
1663766653130	-0.20264858	-0.029778805	0.012904149
1663766653386	0.03978143	-0.090558104	-0.00671932
1663766653596	0.08040277	-0.07017108	-0.05451812
1663766653741	0.07330167	-0.1662268	0.005726693
1663766653955	0.10628742	-0.20264858	0.025655584
1663766654133	0.092467	0.112014115	0.14614521
1663766654386	-0.41988114	0.24617144	-0.036879905
1663766654569	-0.2476222	-0.1026987	-0.13805148
1663766654795	0.15599512	0.22990763	0.057190575
1663766655005	-0.0045813546	0.10750912	0.06513159
1663766655214	-0.2843494	0.13621894	0.18401773
1663766655375	-0.070781924	0.007330167	-0.0014507623
1663766655582	-0.009773556	-0.10414946	-0.055739813
1663766655812	0.04680617	-0.034589227	-0.045049984
1663766656004	0.20341213	-0.048486	-0.07070557
1663766656231	0.12675081	-0.0035123718	-0.060321167
1663766656388	0.033672955	-0.03420745	-0.10140064
1663766656575	0.035276428	0.047111593	0.062230065
1663766656787	0.5163186	0.25395975	-0.17661121
1663766656992	0.14897038	-0.05070032	0.16966283
1663766657225	-0.06956023	0.031076854	0.08979455
1663766657393	-0.19867808	-0.07734854	-0.080020994
1663766657574	0.19470756	-0.21257484	-0.07291989
1663766657815	-0.052685577	0.009620844	-0.190508
1663766658004	-0.110334285	0.03657448	-0.085289545
1663766658215	0.38804072	0.28457847	-0.021303298
1663766658385	0.034971006	-0.002443389	-0.05505261
1663766658603	0.10720369	0.009162709	0.06589515
1663766658798	-0.017638214	0.12446013	0.19821994
1663766659034	-0.18012358	0.1700446	0.078112096
1663766659248	-0.3014531	-0.08941277	-0.066658705
1663766659437	0.14797775	-0.20295401	-0.060321167
1663766659618	-0.15019207	-0.16134003	-0.1485886
1663766659804	-0.117053606	0.001603474	-0.04573719
1663766660050	0.3262688	0.21150586	-0.01718008
1663766660226	0.105065726	-0.11522106	0.019318044
1663766660438	-0.03955236	0.16615045	0.31214294
1663766660676	-0.30351472	-0.074447006	0.21364383
1663766660866	-0.052685577	-0.10575293	-0.17676392
1663766661065	-0.2888544	-0.14942852	-0.1317903
1663766661336	0.19486028	0.097811915	0.038177952
1663766661549	-0.029473381	0.44859096	0.1546207
1663766661666	0.058106847	-0.1963874	-0.097811915
1663766661867	0.17790927	-0.08750387	-0.115984626
1663766662069	-0.19287503	0.005955761	-0.0898709
1663766662248	-0.049860407	-0.003436016	0.044744562
1663766662486	0.29885703	0.042682953	-0.13278292
1663766662685	6.8720314E-4	0.06474981	0.18760647
1663766662872	0.07933379	0.06375718	-0.032374904
1663766663085	-0.13782242	-0.03863609	-0.0092390645
1663766663368	-0.13942589	-0.10888352	-0.008322794
1663766663547	-0.04046863	-0.12423106	-0.053296424
1663766663790	0.27648473	-0.13041589	0.024204822
1663766663891	-0.17012095	0.007406523	-0.0031305922
1663766664067	-0.025579229	0.053067356	-0.0019088977
1663766664365	0.02351762	0.07673769	-0.010231691
1663766664486	0.053525493	0.073072605	-0.030236939
1663766664808	0.018401774	0.03787253	-0.017790927
1663766664896	0.010689827	0.037338037	-0.005497625
1663766665118	-0.01343864	-0.026342789	0.01267508
1663766665313	-0.07040015	-0.051540237	0.042301174
1663766665532	0.03321482	-0.031840414	0.021532366
