Timestamp 	 X 	 Y 	 Z 
1662978717202	9.706784	-0.7588239	0.23838496
1662978717214	9.78814	-0.78753775	0.08763713
1662978717225	9.953245	-0.94337034	0.0634098
1662978717285	9.8886385	-1.1204392	0.16420746
1662978717295	9.814461	-1.0893325	0.30059835
1662978717303	9.77139	-0.96490574	0.13310076
1662978717315	9.740284	-0.8545368	-0.015553347
1662978717326	9.749855	-0.83060855	-0.020338992
1662978717338	9.807282	-0.8258229	0.051445685
1662978717351	9.773783	-0.8497511	0.35563326
1662978717366	9.646963	-0.91465646	0.07806584
1662978717442	9.814461	-0.811466	-0.051445685
1662978717457	9.65175	-0.9984053	-0.13758731
1662978717466	9.876675	-0.8066803	0.39870408
1662978717470	9.713963	-0.86171526	0.33888352
1662978717473	9.800104	-0.8138588	0.082851484
1662978717477	9.883853	-1.0869397	-0.058624156
1662978717481	9.893424	-1.0773684	0.30059835
1662978717494	9.900602	-0.9840483	0.35563326
1662978717627	9.650553	-0.9553344	-0.096909314
1662978717635	9.712767	-0.8533404	0.23599213
1662978717647	9.522238	-0.9290134	0.061016977
1662978717659	9.552148	-0.9290134	-0.16031912
1662978717671	9.728319	-0.79830545	-0.34576288
1662978717684	9.552148	-0.9553344	-0.39601216
1662978717696	9.7247305	-0.5949155	0.07926225
1662978717741	9.562916	-0.50039905	-0.16869399
1662978717751	9.679267	-0.47168517	-0.4103691
1662978717757	9.814461	-0.52193445	-0.3481557
1662978717767	10.003494	-0.53270215	0.112761766
1662978717775	10.059726	-0.5183452	0.05503492
1662978717784	9.8886385	-0.5458627	-0.10049855
1662978717831	9.870692	-0.63798636	-0.18185452
1662978717843	9.901799	-0.6858428	-0.33020952
1662978717850	9.959227	-0.52552366	-0.0634098
1662978717870	9.773783	-0.41545382	0.0059820567
1662978717880	9.5868435	-0.34127632	-0.18783657
1662978717990	9.6015	-0.062213387	-0.46899325
1662978717998	9.38824	0.17587246	-0.19381863
1662978718007	9.782158	0.4022933	1.0055838
1662978718014	9.779765	-0.083748795	1.1623136
1662978718021	9.925728	-0.48245287	0.39631125
1662978718028	10.34477	-0.5805586	0.63828546
1662978718068	10.286146	-0.62482584	0.90508515
1662978718081	9.958031	-0.3364907	0.8428718
1662978718090	9.672089	-0.16271193	0.4645067
1662978718101	9.479167	-0.09332009	0.26949164
1662978718111	9.3511505	-0.0526421	0.21326032
1662978718212	9.225528	-0.08853444	0.325723
1662978718226	9.156136	-0.12083755	0.34965122
1662978718237	9.224331	-0.148355	0.35324043
1662978718251	9.265009	-0.20219351	0.26111677
1662978718265	9.383454	-0.276371	0.41306102
1662978718275	9.406186	-0.28115666	0.19292133
1662978718285	9.547362	-0.3580261	-0.07178468
1662978718293	9.685248	-0.31345975	-0.19142582
1662978718300	9.925728	-0.12203395	0.23001008
1662978718312	9.816854	-0.22851457	0.63948184
1662978718325	9.736694	-0.7516454	0.7938189
1662978718398	10.142278	-1.1670992	0.45014977
1662978718411	11.17179	-1.2209377	0.2623132
1662978718421	11.6135645	-1.2532408	0.4214359
1662978718429	10.604392	-1.0989038	0.36759737
1662978718470	9.473185	-0.25004998	0.4657031
1662978718483	8.966804	0.6942177	-0.17587246
1662978718492	9.316455	1.1132607	-0.93589276
1662978718502	9.947263	1.3345969	-1.7177476
1662978718512	10.235897	1.244866	-1.6339988
1662978718521	10.129117	0.5733801	-0.7516454
1662978718601	10.009477	-0.19980069	-0.17108682
1662978718613	10.164112	-0.7157531	-0.1902294
1662978718626	10.177273	-0.8258229	-0.45224348
1662978718639	10.244272	-0.689432	-0.52313083
1662978718650	9.985548	-0.49920264	-0.40079778
1662978718661	9.428918	-0.49082774	-0.59611195
1662978718675	9.126225	-0.50398827	-1.0483555
1662978718689	9.434899	-0.24885355	-1.2472588
1662978718703	9.743873	-0.30029923	-1.4183456
1662978718714	9.81805	-0.4214359	-1.4853446
1662978718749	9.887443	-0.22013968	-1.5846468
1662978718760	10.014262	-0.013160525	-1.2771691
1662978718772	10.138689	0.03589234	-1.0893325
1662978718784	10.1446705	-0.20937198	-0.6798607
1662978718796	9.870692	-0.64875406	-0.6164509
1662978718812	9.709177	-0.94695956	-0.7755736
1662978718877	9.402596	-1.3357933	-1.3597214
1662978718890	9.383454	-1.2604194	-0.74446696
1662978718898	9.3308115	-0.99720883	-1.0399805
1662978718910	9.547362	-0.6523433	-1.0555339
1662978718919	9.404989	-0.52552366	-1.1599208
1662978718987	9.399008	-0.5087739	-1.183849
1662978719004	9.521041	-0.6511469	-1.2592229
1662978719018	9.668499	-0.8365906	-1.358525
1662978719031	9.69482	-1.250848	-1.2161521
1662978719041	9.822836	-1.4386846	-1.4626129
1662978719068	9.81805	-1.6555341	-1.2807583
1662978719081	9.819247	-1.6615162	-1.2077773
1662978719092	9.727123	-1.7548363	-1.1754742
1662978719103	9.674481	-1.8397815	-0.94666046
1662978719120	9.731909	-1.7273189	-0.7516454
1662978719180	9.631411	-1.4533406	-0.69541407
1662978719192	9.789336	-0.9732806	-1.0399805
1662978719200	9.869496	-0.68464637	-1.4590236
1662978719209	10.081261	-0.35324043	-1.8720846
1662978719242	9.9807625	-0.5482555	-2.2289143
1662978719254	9.5557375	-0.70378894	-1.474577
1662978719265	9.446864	-0.30508488	-1.5367904
1662978719279	9.44806	0.043070808	-1.9007984
1662978719293	9.49472	0.148355	-1.9151554
1662978719307	9.706784	0.16510476	-1.4231312
1662978719321	9.961619	0.1698904	-1.2723835
1662978719378	10.003494	0.023928227	-1.1778669
1662978719393	9.850353	-0.16390835	-1.1192428
1662978719405	9.74148	-0.13280165	-0.9921241
1662978719433	9.5760765	0.083748795	-0.8006983
1662978719445	9.521041	0.28265217	-0.75523466
1662978719458	9.599107	0.42741793	-0.811466
1662978719472	9.839586	0.55064833	-0.7109674
1662978719482	9.918549	0.5721837	-0.8282157
1662978719492	10.00828	0.5937191	-0.57577294
1662978719503	10.050154	0.46929234	-0.6164509
1662978719535	9.919745	0.07178468	-0.58893347
1662978719549	9.853943	-0.09571291	-0.5374878
1662978719562	9.863514	-0.023928227	-0.49920264
1662978719651	9.827621	0.15792629	-0.63200426
1662978719666	9.656535	0.24675983	-0.581755
1662978719675	9.61825	0.35084763	-0.6559325
1662978719684	9.634999	0.3819543	-0.5913263
1662978719693	9.615857	0.4118646	-0.46660042
1662978719713	9.54138	0.3711866	-0.5183452
1662978719723	9.430114	0.37597227	-0.5673981
1662978719750	9.716355	0.4848457	-0.36011982
1662978719766	9.865907	0.602094	-0.30987054
1662978719777	9.879067	0.7576275	-0.62721866
1662978719790	9.577272	0.5243273	-0.59730834
1662978719874	9.267402	-0.0071784677	0.05503492
1662978719888	8.948857	-0.67028946	0.325723
1662978719897	9.439685	-1.0283155	0.60687965
1662978719911	9.339187	-1.3848461	0.79740816
1662978719922	9.439685	-1.5610176	0.77826554
1662978719930	9.64816	-1.59691	0.71724856
1662978719939	9.755837	-1.6088741	0.54705906
1662978719962	10.042975	-1.4808581	0.13549358
1662978719973	10.869098	-1.0271192	-0.43908295
1662978719984	11.17179	-0.6583253	-0.59611195
1662978719997	10.189237	-0.3711866	-0.21774685
1662978720011	9.599107	0.4668995	0.2862414
1662978720071	9.44806	0.84167534	0.36041892
1662978720086	9.590433	0.82013994	-0.029910283
1662978720093	9.965209	0.8249256	-0.25004998
1662978720102	9.975977	0.35324043	-0.33499518
1662978720120	9.964012	0.13040884	-0.040677983
1662978720133	10.088439	-0.19142582	-0.19621146
1662978720158	9.813265	-0.53988063	-0.5949155
1662978720170	9.439685	-0.6092725	-1.1718849
1662978720245	9.390633	-0.535095	-1.0328021
1662978720262	9.692428	-0.42023948	-0.79830545
1662978720273	9.937692	-0.41545382	-0.7719844
1662978720284	9.985548	-0.35084763	-0.7432705
1662978720298	9.861121	-0.1794617	-0.78394854
1662978720316	9.733106	-0.41784665	-0.7253244
1662978720328	9.669696	-0.7049854	-0.7193423
1662978720339	9.517452	-1.0283155	-0.7636095
1662978720367	9.709177	-1.2017952	-0.7719844
1662978720381	9.748658	-1.230509	-0.81864446
1662978720471	9.755837	-1.1455638	-0.6559325
1662978720486	9.80489	-1.183849	-0.49800622
1662978720497	9.766604	-1.2281163	-0.4031906
1662978720506	9.806087	-1.1850454	-0.5303093
1662978720520	9.849157	-1.1970096	-0.78394854
1662978720531	9.874282	-1.1551352	-0.77677006
1662978720544	9.779765	-0.994816	-0.78035927
1662978720556	9.751051	-1.0235299	-0.8006983
1662978720570	9.646963	-0.948156	-1.0304092
1662978720585	9.48156	-1.0654043	-1.250848
1662978720671	9.697213	-1.015155	-1.3202399
1662978720686	9.625428	-1.0534402	-1.0749756
1662978720699	9.527023	-1.1970096	-1.0869397
1662978720709	9.553345	-1.3357933	-1.3501502
1662978720721	9.686445	-1.4171492	-0.94785684
1662978720731	9.806087	-1.5418751	-0.8892327
1662978720739	9.892228	-1.6088741	-0.8066803
1662978720753	9.755837	-1.6698911	-1.0666007
1662978720764	9.755837	-1.4374882	-1.183849
1662978720774	9.739087	-1.1527423	-1.2472588
1662978720787	9.730712	-0.974477	-1.102493
1662978720801	9.712767	-0.9170493	-1.0555339
1662978720875	9.5868435	-0.9517452	-1.0953146
1662978720889	9.709177	-1.2317054	-1.0208379
1662978720897	9.816854	-1.4159528	-1.0184451
1662978720907	9.729516	-1.611267	-0.959821
1662978720920	9.710373	-1.623231	-1.0749756
1662978720930	9.662517	-1.6818552	-1.2149557
1662978720938	9.590433	-1.7967107	-0.9981061
1662978720949	9.531809	-1.8038892	-0.94307125
1662978720962	9.550952	-1.7261224	-0.98853487
1662978720994	9.633803	-1.4868401	-1.1443675
1662978721010	9.657731	-1.439881	-1.0989038
1662978721024	9.706784	-1.4087744	-1.2532408
1662978721068	9.686445	-1.5191432	-1.6818552
1662978721082	9.780962	-1.2412767	-2.141277
1662978721091	9.751051	-0.97567344	-1.9498514
1662978721101	9.599107	-0.91106725	-1.4159528
1662978721112	9.572487	-0.71336025	-1.1383854
1662978721126	9.538987	-0.49441698	-1.2376875
1662978721135	9.605089	-0.45014977	-1.3752748
1662978721248	9.673285	-0.54346985	-1.3836497
1662978721266	9.773783	-0.64995044	-1.3669
1662978721277	9.901799	-0.5913263	-1.0328021
1662978721287	9.784551	-0.57577294	-1.1001002
1662978721300	9.796515	-0.5709873	-1.1659029
1662978721312	9.906585	-0.4668995	-1.2077773
1662978721326	9.897014	-0.34606197	-1.1539388
1662978721337	9.820443	-0.29671	-1.1491531
1662978721349	9.739087	-0.19142582	-1.1742777
1662978721363	9.761819	-0.17347965	-1.0172487
1662978721472	9.8886385	-0.40707895	-0.9287143
1662978721488	9.886246	-0.5267201	-0.92632145
1662978721500	9.746265	-0.5482555	-0.9813564
1662978721510	9.701999	-0.53988063	-0.92632145
1662978721519	9.813265	-0.33290145	-0.99690974
1662978721528	9.889835	-0.16390835	-0.88683987
1662978721541	9.844372	-0.0071784677	-0.76959157
1662978721554	9.674481	0.0849452	-0.8461619
1662978721565	9.692428	0.15792629	-0.80189466
1662978721576	9.693624	0.18065812	-0.8497511
1662978721586	9.736694	0.18903299	-0.77677006
1662978721665	9.709177	0.06580263	-0.86291164
1662978721677	9.731909	0.076570325	-0.98973125
1662978721687	9.693624	0.12921242	-0.7683952
1662978721699	9.542577	-0.1471586	-0.6786643
1662978721709	9.691231	-0.23808585	-0.6056832
1662978721720	9.889835	-0.14117654	-0.57457656
1662978721730	9.984351	-0.0023928226	-0.5374878
1662978721743	9.917353	0.038285162	-0.5087739
1662978721758	9.839586	-0.033499517	-0.4546363
1662978721767	9.856336	-0.06460621	-0.37567315
1662978721781	9.735498	-0.13040884	-0.37088752
1662978721790	9.427721	-0.11964113	-0.76719874
1662978721875	9.556933	0.05503492	-0.6786643
1662978721889	9.573684	0.13878371	-0.58534425
1662978721899	9.705587	0.12921242	-0.39481574
1662978721911	9.743873	0.076570325	-0.5303093
1662978721921	9.9293165	0.08853444	-0.6116653
1662978721931	9.754641	-0.16749759	-0.57816577
1662978721938	9.791729	-0.2213361	-0.4833502
1662978721949	9.869496	-0.17587246	-0.31106696
1662978721981	9.91137	-0.06699903	-0.43070808
1662978721993	9.790533	-0.0011964113	-0.51236314
1662978722007	9.64816	-0.05742774	-0.42711884
1662978722070	9.656535	-0.09332009	-0.27876383
1662978722085	9.537791	-0.18305093	-0.24646074
1662978722095	9.389436	-0.21894327	-0.5673981
1662978722108	9.876675	0.0011964113	-0.4211368
1662978722121	9.875478	-0.019142581	-0.43669012
1662978722130	9.864711	0.050249275	-0.19860429
1662978722152	9.755837	0.10887343	-0.31106696
1662978722162	9.828818	0.16031912	-0.30867413
1662978722245	9.807282	-0.09212367	-0.25124636
1662978722261	9.759426	-0.2883351	-0.12801601
1662978722272	9.950852	-0.36161533	0.02632105
1662978722281	9.955638	-0.31345975	-0.09332009
1662978722294	9.743873	-0.29790643	-0.2321038
1662978722305	9.753445	-0.21415763	-0.06699903
1662978722314	9.667302	-0.2548356	-0.023928227
1662978722326	9.590433	-0.32063824	-0.2620141
1662978722352	9.894621	-0.17467605	-0.47258246
1662978722364	9.996316	-0.14356937	-0.6152545
1662978722473	10.17488	-0.061016977	-0.34337005
1662978722488	9.837193	-0.111266255	-0.7325028
1662978722501	9.852746	-0.18783657	-0.9107681
1662978722513	9.869496	-0.4848457	-0.7648059
1662978722524	9.764212	-0.51475596	-0.7480562
1662978722537	9.670892	-0.48364928	-0.77318084
1662978722547	9.703195	-0.4657031	-0.61764735
1662978722561	9.631411	-0.5829514	-0.53629136
1662978722570	9.688838	-0.69182485	-0.5051847
1662978722581	9.809675	-0.7360921	-0.4956134
1662978722595	9.825229	-0.7648059	-0.47976094
1662978722666	9.737891	-0.80189466	-0.5063811
1662978722683	9.785748	-0.70977104	-0.79112697
1662978722693	9.730712	-0.60807604	-0.49172506
1662978722707	9.660124	-0.64875406	-0.46779683
1662978722717	9.668499	-0.5937191	-0.64875406
1662978722729	9.7654085	-0.8282157	-0.61046886
1662978722737	9.816854	-1.0366904	-0.4019942
1662978722745	9.772587	-1.1204392	-0.31585258
1662978722756	9.852746	-1.0833504	-0.31106696
1662978722767	9.767801	-1.015155	-0.47377887
1662978722779	9.649357	-0.99601245	-0.5697909
1662978722791	9.615857	-0.9912268	-0.53389853
1662978722865	9.5760765	-1.049851	-0.47018966
1662978722882	9.645767	-1.0546366	-0.61405814
1662978722891	9.77498	-1.1335998	-0.6798607
1662978722902	9.752248	-1.1694921	-0.8389834
1662978722917	9.751051	-1.07019	-0.65353966
1662978722942	9.965209	-1.0402796	-0.021535404
1662978722951	9.820443	-1.096511	-0.4354937
1662978722962	9.785748	-1.2364911	-0.46301118
1662978722990	9.743873	-1.5191432	-0.36131623
1662978723002	9.65175	-1.6184454	-0.317049
1662978723019	9.75823	-1.5753746	-0.33140594
1662978723048	9.712767	-1.4605191	-0.37567315
1662978723061	9.605089	-1.3645071	-0.30508488
1662978723071	9.692428	-1.3357933	-0.31106696
1662978723080	9.761819	-1.2735798	-0.276371
1662978723092	9.777372	-1.2257234	-0.42951167
1662978723145	9.705587	-1.387239	-0.4546363
1662978723164	9.77498	-1.2867404	-0.60329044
1662978723173	9.606286	-1.2604194	-0.5159524
1662978723182	9.716355	-1.2580265	-0.22731815
1662978723242	9.684052	-1.3250256	-0.47976094
1662978723251	9.760623	-1.3477573	-0.5602196
1662978723261	9.923335	-1.570589	-0.40917268
1662978723274	9.926924	-1.576571	-0.25603202
1662978723285	9.893424	-1.5502499	-0.23330021
1662978723302	9.845568	-1.4605191	-0.2536392
1662978723348	9.703195	-1.2544373	-0.38644084
1662978723363	9.621839	-1.0893325	-0.46061835
1662978723376	9.755837	-0.93978107	-0.2656033
1662978723440	9.734302	-1.0031909	-0.15074782
1662978723454	9.655338	-1.1455638	-0.2835495
1662978723463	9.715159	-1.1407782	-0.37088752
1662978723470	9.833604	-1.0342976	-0.36011982
1662978723486	9.790533	-0.9924232	-0.3912265
1662978723495	9.716355	-0.79112697	-0.4139583
1662978723506	9.752248	-0.7923234	-0.485743
1662978723517	9.794122	-0.83778703	-0.33499518
1662978723529	9.721141	-0.8330014	-0.31944183
1662978723550	9.754641	-0.85214394	-0.26679972
1662978723562	9.740284	-0.9314062	-0.27996024
1662978723576	9.757033	-0.94695956	-0.28713873
1662978723644	9.812068	-0.91585284	-0.2620141
1662978723660	9.828818	-0.85812604	-0.2416751
1662978723672	9.736694	-0.81266236	-0.2620141
1662978723682	9.613464	-0.78873414	-0.17706887
1662978723694	9.439685	-0.80787677	-0.08973085
1662978723706	9.571291	-0.77677006	0.21565314
1662978723741	9.734302	-0.84017986	0.29820552
1662978723753	10.029816	-0.97567344	0.4334
1662978723762	10.014262	-1.1407782	0.45254257
1662978723771	9.899406	-1.1682956	0.4226323
1662978723785	9.956834	-1.0091729	0.40468612
1662978723839	9.925728	-0.9098708	0.29940194
1662978723849	9.792926	-0.77677006	0.1271187
1662978723857	9.778569	-0.6547361	0.010767702
1662978723874	9.792926	-0.6152545	0.09960124
1662978723890	9.685248	-0.62841505	0.1582254
1662978723967	9.786943	-0.6726823	0.058624156
1662978723985	9.605089	-0.7049854	-0.15433706
1662978723995	9.679267	-0.59611195	-0.11485548
1662978724010	9.634999	-0.43818563	-0.3290131
1662978724023	9.542577	-0.4956134	-0.12323037
1662978724032	9.669696	-0.63798636	-0.07178468
1662978724070	9.725926	-0.70977104	-0.0011964113
1662978724080	9.690035	-0.9517452	0.16420746
1662978724091	9.752248	-1.0043873	0.1271187
1662978724103	9.858728	-0.93260264	0.07328019
1662978724117	9.886246	-0.9421739	0.041874398
1662978724165	9.9089775	-0.8102696	0.04426722
1662978724182	9.8886385	-0.7325028	0.08165507
1662978724191	9.812068	-0.6559325	0.14745769
1662978724197	9.727123	-0.6643074	0.07088737
1662978724207	9.748658	-0.63918275	0.050249275
1662978724220	9.798908	-0.60807604	-0.15433706
1662978724240	9.792926	-0.69900334	-0.047856454
1662978724253	9.800104	-0.75284183	0.12831512
1662978724281	9.725926	-0.7253244	0.08165507
1662978724295	9.779765	-0.7492526	0.12113664
1662978724367	9.71157	-0.78753775	0.18215363
1662978724384	9.668499	-0.8030911	0.06849455
1662978724395	9.796515	-0.81984085	0.011964113
1662978724406	9.841979	-0.7193423	0.02751746
1662978724417	9.827621	-0.68225354	-0.0059820567
1662978724430	9.772587	-0.669093	0.04546363
1662978724472	9.7247305	-0.6774679	0.06729814
1662978724488	9.642178	-0.73848486	-0.01794617
1662978724500	9.725926	-0.6774679	0.13549358
1662978724512	9.733106	-0.6559325	-0.019142581
1662978724521	9.77498	-0.6643074	0.11515459
1662978724559	9.810872	-0.6942177	0.14626129
1662978724572	9.871889	-0.7480562	0.10199407
1662978724581	9.873085	-0.8676973	0.20249261
1662978724590	9.784551	-0.84855473	0.20967108
1662978724676	9.730712	-0.8102696	0.07447661
1662978724690	9.737891	-0.750449	0.029910283
1662978724699	9.763016	-0.7013961	0.014356935
1662978724707	9.814461	-0.6906284	0.07447661
1662978724717	9.808479	-0.6750751	0.11395818
1662978724727	9.735498	-0.6798607	0.14027923
1662978724742	9.673285	-0.6236294	-0.104087785
1662978724753	9.67807	-0.5315057	0.06969096
1662978724763	9.815658	-0.4441677	0.0035892338
1662978724774	9.797711	-0.54346985	0.07088737
1662978724787	9.786943	-0.59730834	0.04426722
1662978724873	9.913763	-0.6619146	0.07806584
1662978724887	9.901799	-0.7815557	0.24795625
1662978724897	9.833604	-0.7827521	0.21326032
1662978724907	9.784551	-0.8246265	0.16420746
1662978724919	9.806087	-0.8425727	0.2216352
1662978724965	9.77498	-0.7935198	0.17497516
1662978724983	9.699606	-0.65712893	0.08763713
1662978724992	9.655338	-0.4848457	0.10079765
1662978725001	9.709177	-0.40827537	0.1055833
1662978725016	9.798908	-0.42382872	0.16181463
1662978725032	9.763016	-0.541077	0.20249261
1662978725071	9.749855	-0.602094	0.32093734
1662978725084	9.78814	-0.5949155	0.21326032
1662978725096	9.764212	-0.63559353	0.32452658
1662978725106	9.828818	-0.7791629	0.4022933
1662978725117	9.879067	-0.9804591	0.42502514
1662978725167	9.8348	-0.97806627	0.3687938
1662978725184	9.844372	-0.8856435	0.28743783
1662978725193	9.816854	-0.7253244	0.1271187
1662978725203	9.754641	-0.6475576	-0.010767702
1662978725216	9.727123	-0.6559325	-0.0059820567
1662978725253	9.672089	-0.6762715	0.011964113
1662978725265	9.6015	-0.71694946	-0.0047856453
1662978725278	9.582058	-0.73130643	-0.086141616
1662978725293	9.673285	-0.6870392	-0.06819545
1662978725306	9.810872	-0.63200426	-0.040677983
1662978725368	9.809675	-0.63559353	0.0023928226
1662978725389	9.761819	-0.58654064	-0.019142581
1662978725400	9.757033	-0.6044868	-0.0023928226
1662978725409	9.886246	-0.7827521	0.11515459
1662978725422	9.889835	-0.8246265	0.112761766
1662978725472	9.88505	-0.8042875	0.02751746
1662978725486	9.882657	-0.7636095	0.009571291
1662978725496	9.828818	-0.72412795	-0.02751746
1662978725508	9.822836	-0.6906284	-0.09930214
1662978725520	9.833604	-0.6451648	-0.09332009
1662978725528	9.747462	-0.67387867	-0.0059820567
1662978725551	9.670892	-0.7683952	0.02871387
1662978725561	9.663713	-0.80189466	-0.148355
1662978725572	9.696016	-0.73848486	-0.07537391
1662978725587	9.827621	-0.6774679	-0.03708875
1662978725675	9.772587	-0.70378894	-0.09332009
1662978725689	9.82164	-0.6044868	-0.12801601
1662978725697	10.0011015	-0.7157531	-0.043070808
1662978725708	9.917353	-0.78035927	0.06729814
1662978725720	9.77498	-0.79950184	-0.039481573
1662978725729	9.780962	-0.79950184	-0.039481573
1662978725743	9.743873	-0.8449655	-0.016749758
1662978725760	9.751051	-0.933799	-0.034695927
1662978725770	9.806087	-0.9062816	-0.040677983
1662978725783	9.809675	-0.85214394	0.0948156
1662978725794	9.74148	-0.9086744	0.16301104
1662978725874	9.685248	-0.96729857	0.082851484
1662978725889	9.751051	-0.77318084	0.0948156
1662978725900	9.782158	-0.73848486	-0.061016977
1662978725910	9.782158	-0.8641081	0.034695927
1662978725921	9.759426	-0.84017986	-0.016749758
1662978725943	9.832407	-0.84017986	0.04546363
1662978725955	9.922138	-0.8748758	0.13429718
1662978725966	9.827621	-0.8425727	0.110368945
1662978726000	9.826426	-0.7899306	-0.040677983
1662978726010	9.773783	-0.7683952	-0.05383851
1662978726018	9.692428	-0.77677006	-0.047856454
1662978726072	9.725926	-0.8222337	-0.033499517
1662978726085	9.801301	-0.8605189	0.015553347
1662978726094	9.666106	-0.8437691	0.07088737
1662978726106	9.6326065	-0.89312106	0.14267205
1662978726120	9.763016	-0.7516454	-0.02632105
1662978726130	9.735498	-0.6858428	-0.09332009
1662978726141	9.808479	-0.6798607	0.15224335
1662978726154	9.729516	-0.750449	0.07328019
1662978726184	9.729516	-0.70259255	0.10438689
1662978726202	9.857532	-0.811466	0.2635096
1662978726242	9.800104	-0.86530447	0.30059835
1662978726255	9.795319	-0.8365906	0.15702899
1662978726266	9.772587	-0.8066803	0.13310076
1662978726277	9.723534	-0.80787677	0.21565314
1662978726290	9.768997	-0.8712866	0.2862414
1662978726328	9.820443	-0.9553344	0.28743783
1662978726341	9.755837	-0.91226363	0.27188447
1662978726385	9.716355	-0.8437691	0.21326032
1662978726400	9.679267	-0.7719844	0.033499517
1662978726410	9.800104	-0.6200402	0.18215363
1662978726474	9.77139	-0.61884373	-0.05503492
1662978726492	9.797711	-0.68345	0.14267205
1662978726503	9.743873	-0.6966105	0.103190474
1662978726512	9.88146	-0.7408777	0.14386846
1662978726523	9.757033	-0.8772686	0.23718855
1662978726536	9.691231	-0.8955139	0.1486541
1662978726549	9.733106	-0.8880363	0.07926225
1662978726577	9.743873	-0.9086744	0.12831512
1662978726590	9.736694	-0.9708878	0.12352947
1662978726604	9.810872	-0.95413804	0.18095721
1662978726615	9.789336	-0.9194421	0.23479572
1662978726674	9.679267	-0.94337034	0.20488544
1662978726686	9.705587	-1.0199406	0.20488544
1662978726694	9.715159	-0.8533404	0.050249275
1662978726707	9.786943	-0.7181459	-0.08973085
1662978726721	9.833604	-0.79830545	0.12233306
1662978726730	9.75823	-0.78753775	0.11874382
1662978726738	9.7654085	-0.82941216	0.1378864
1662978726747	9.77139	-0.9720842	0.24556342
1662978726772	9.669696	-0.9924232	0.12113664
1662978726781	9.725926	-0.96849495	-0.013160525
1662978726871	9.752248	-0.94337034	0.02871387
1662978726880	9.752248	-0.98644114	0.06849455
1662978726889	9.830014	-1.0271192	0.092422776
1662978726899	9.899406	-0.9589237	0.07208378
1662978726913	9.794122	-0.8844471	0.12352947
1662978726926	9.716355	-0.8892327	0.07208378
1662978726938	9.786943	-0.7001997	-0.0011964113
1662978726992	9.7654085	-0.6583253	-0.2009971
1662978727007	9.782158	-0.7001997	0.062213387
1662978727020	9.820443	-0.7755736	0.029910283
1662978727030	9.764212	-0.7959126	0.019142581
1662978727070	9.864711	-0.9086744	0.17736799
1662978727083	9.764212	-1.0091729	0.28384858
1662978727092	9.700802	-1.0091729	0.058624156
1662978727103	9.748658	-0.9457632	0.02632105
1662978727113	9.791729	-0.9062816	0.046660043
1662978727127	9.751051	-0.9026923	0.02632105
1662978727187	9.812068	-0.86291164	0.07926225
1662978727203	9.81805	-0.8030911	0.16540386
1662978727217	9.815658	-0.89312106	0.09122636
1662978727230	9.874282	-0.8389834	-0.09212367
1662978727243	9.772587	-0.7815557	-0.1902294
1662978727255	9.743873	-0.7648059	-0.013160525
1662978727268	9.719945	-0.8030911	-0.038285162
1662978727281	9.69482	-0.80189466	-0.059820566
1662978727290	9.749855	-0.93619186	0.16540386
1662978727393	9.850353	-1.0989038	0.3807579
1662978727399	9.752248	-1.1324034	0.32452658
1662978727403	9.75823	-1.0773684	0.1486541
1662978727407	9.809675	-0.97806627	0.13310076
1662978727412	9.807282	-0.92542416	0.09960124
1662978727417	9.869496	-0.8808578	0.11156536
1662978727471	9.812068	-0.8497511	0.17018951
1662978727488	9.642178	-0.9026923	0.18574286
1662978727500	9.655338	-0.90029955	0.025124637
1662978727513	9.717552	-0.8641081	0.009571291
1662978727528	9.761819	-0.8353942	0.21326032
1662978727600	9.7654085	-0.8919246	0.13070793
1662978727614	9.699606	-0.88683987	0.047856454
1662978727626	9.761819	-0.87607217	0.20727827
1662978727639	9.919745	-1.049851	0.43818563
1662978727651	9.770194	-1.0642079	0.35324043
1662978727663	9.734302	-1.0223335	0.20368902
1662978727674	9.743873	-0.9589237	0.1689931
1662978727686	9.773783	-0.8991031	0.16061822
1662978727699	9.809675	-0.907478	0.1689931
1662978727717	9.831211	-0.89312106	0.18454644
1662978727759	9.713963	-0.9242278	0.2228316
1662978727774	9.621839	-0.9098708	0.03589234
1662978727790	9.684052	-0.86530447	0.10797612
1662978727802	9.773783	-0.79112697	0.0071784677
1662978727811	9.753445	-0.8772686	0.04546363
1662978727822	9.698409	-0.8844471	0.04546363
1662978727871	9.700802	-0.82941216	0.14985052
1662978727885	9.831211	-1.0115658	0.33409786
1662978727895	9.785748	-1.0737791	0.35204405
1662978727910	9.7247305	-1.0187442	0.22522444
1662978727995	9.746265	-0.9170493	0.12951152
1662978728012	9.766604	-0.8461619	0.090029955
1662978728022	9.803694	-0.9182457	0.11156536
1662978728032	9.801301	-0.90149593	0.1797608
1662978728044	9.697213	-0.91106725	0.24556342
1662978728060	9.67807	-0.9194421	0.11395818
1662978728070	9.755837	-0.94337034	0.058624156
1662978728082	9.725926	-0.90149593	-0.0059820567
1662978728097	9.768997	-0.8748758	0.1594218
1662978728110	9.736694	-0.86530447	0.110368945
1662978728195	9.706784	-0.80787677	0.08763713
1662978728210	9.802497	-0.8593224	0.2000998
1662978728220	9.84796	-1.0019945	0.4429713
1662978728229	9.809675	-0.9840483	0.3077768
1662978728241	9.792926	-0.9840483	0.24795625
1662978728254	9.764212	-1.0067801	0.16540386
1662978728268	9.802497	-0.9098708	0.09960124
1662978728281	9.77498	-0.88683987	0.1594218
1662978728294	9.701999	-0.927817	0.21565314
1662978728308	9.626625	-0.9720842	0.15583257
1662978728318	9.721141	-1.0103694	0.06729814
1662978728336	9.731909	-0.92303133	-0.020338992
1662978728351	9.785748	-0.82701933	0.1594218
1662978728362	9.761819	-0.7923234	0.07328019
1662978728421	9.712767	-0.78753775	0.07686943
1662978728433	9.64816	-0.83778703	0.13668999
1662978728442	9.849157	-0.9912268	0.29102704
1662978728453	9.786943	-1.0259227	0.24556342
1662978728469	9.819247	-0.9936196	0.15224335
1662978728482	9.810872	-1.061815	0.17138593
1662978728492	9.782158	-1.0869397	0.08045866
1662978728568	9.766604	-1.0055838	0.117547415
1662978728584	9.794122	-0.9816555	0.15702899
1662978728595	9.743873	-1.0271192	0.07686943
1662978728612	9.778569	-0.9625129	0.013160525
1662978728627	9.77139	-0.88205427	-0.11006984
1662978728640	9.794122	-0.83060855	0.07208378
1662978728650	9.752248	-0.79950184	0.02751746
1662978728673	9.7654085	-0.8150552	-0.013160525
1662978728692	9.798908	-0.89431745	0.046660043
1662978728707	9.955638	-0.94695956	0.20727827
1662978728719	9.862318	-0.994816	0.16540386
1662978728734	9.82164	-0.95653087	0.092422776
1662978728774	9.747462	-0.9828519	0.05742774
1662978728787	9.7247305	-0.907478	0.090029955
1662978728801	9.7247305	-0.85214394	0.13070793
1662978728816	9.716355	-0.81864446	0.092422776
1662978728829	9.667302	-0.9302098	0.061016977
1662978728841	9.754641	-0.8880363	-0.051445685
1662978728886	9.767801	-0.7791629	-0.16510476
1662978728899	9.825229	-0.7612167	0.13908282
1662978728913	9.808479	-0.84855473	0.08045866
1662978728924	9.796515	-0.89312106	0.019142581
1662978729003	9.85155	-0.9242278	0.11874382
1662978729017	9.983155	-1.0187442	0.39631125
1662978729028	9.816854	-1.090529	0.32213375
1662978729042	9.8886385	-1.0630114	0.19411774
1662978729053	9.82164	-1.041476	0.1378864
1662978729063	9.723534	-0.98644114	0.10438689
1662978729078	9.64457	-0.8991031	0.07208378
1662978729090	9.6326065	-0.89312106	0.15702899
1662978729102	9.582058	-0.9553344	0.17377874
1662978729218	9.723534	-0.9409775	0.07686943
1662978729233	9.760623	-0.91106725	0.12592229
1662978729243	9.850353	-0.79710907	0.21924238
1662978729255	9.778569	-0.8497511	0.16660027
1662978729268	9.684052	-0.90149593	0.14626129
1662978729282	9.75823	-0.933799	0.21565314
1662978729291	9.827621	-1.0642079	0.40588254
1662978729306	9.794122	-1.082154	0.4010969
1662978729318	9.767801	-1.0307083	0.25872394
1662978729331	9.747462	-0.9625129	0.2216352
1662978729342	9.754641	-0.9062816	0.24556342
1662978729351	9.798908	-0.95772725	0.21206391
1662978729363	9.792926	-0.96490574	0.2000998
1662978729406	9.606286	-1.0677971	0.25393832
1662978729420	9.638589	-1.0785648	0.34127632
1662978729433	9.7043915	-1.0654043	0.34486556
1662978729447	9.841979	-0.9182457	0.42981076
1662978729462	9.797711	-0.83778703	0.3687938
1662978729473	9.716355	-0.8844471	0.39870408
1662978729486	9.565309	-0.8665009	0.53270215
1662978729498	9.883853	-1.1431711	0.6454639
1662978729568	9.812068	-1.2723835	0.77347994
1662978729587	9.766604	-1.1443675	0.474078
1662978729598	9.766604	-1.0522437	0.38673997
1662978729611	9.766604	-0.927817	0.36400816
1662978729622	9.742677	-0.9194421	0.2958127
1662978729634	9.7654085	-0.9936196	0.28265217
1662978729646	9.64816	-1.0689936	0.2204388
1662978729672	9.562916	-1.0462617	0.1582254
1662978729683	9.701999	-0.93619186	0.17377874
1662978729695	9.713963	-0.8772686	0.016749758
1662978729707	9.815658	-0.79710907	0.2431706
1662978729718	9.751051	-0.8389834	0.10199407
1662978729774	9.692428	-0.7540382	0.062213387
1662978729789	9.778569	-0.76719874	0.21445672
1662978729800	9.820443	-0.948156	0.49202415
1662978729811	9.728319	-0.99003035	0.2324029
1662978729824	9.77139	-0.94337034	0.1378864
1662978729834	9.733106	-0.90149593	0.10917253
1662978729868	9.751051	-0.92183495	0.12951152
1662978729882	9.809675	-0.9062816	0.13310076
1662978729893	9.777372	-0.90508515	0.16779669
1662978729908	9.698409	-0.8808578	0.23958136
1662978730023	9.688838	-0.8880363	0.049052864
1662978730040	9.730712	-0.82941216	0.07088737
1662978730052	9.840782	-0.72293156	-0.0059820567
1662978730061	9.776176	-0.76719874	0.08644072
1662978730069	9.674481	-0.77796644	0.15343975
1662978730082	9.798908	-0.69900334	0.13190435
1662978730098	9.882657	-0.8258229	0.43100718
1662978730112	9.759426	-0.93978107	0.3819543
1662978730120	9.792926	-0.98644114	0.3376871
1662978730218	9.767801	-1.1324034	0.25393832
1662978730232	9.839586	-1.1048858	0.21206391
1662978730243	9.820443	-0.9768698	0.2431706
1662978730254	9.740284	-0.9385847	0.24915266
1662978730268	9.633803	-0.9062816	0.29940194
1662978730282	9.7247305	-0.87966144	0.35682967
1662978730291	9.770194	-0.8700901	0.24915266
1662978730302	9.729516	-0.77318084	0.016749758
1662978730313	9.796515	-0.8102696	0.23958136
1662978730328	9.753445	-0.8210373	0.22881366
1662978730343	9.826426	-0.7755736	0.23958136
1662978730356	9.820443	-0.9182457	0.44895336
1662978730370	9.729516	-0.9349955	0.35204405
1662978730426	9.764212	-1.0043873	0.33170503
1662978730434	9.773783	-1.1264212	0.1582254
1662978730441	9.822836	-1.0007981	0.15463616
1662978730449	9.808479	-0.92183495	0.18095721
1662978730457	9.7450695	-0.8665009	0.19292133
1662978730476	9.668499	-0.8497511	0.19292133
1662978730489	9.717552	-0.8533404	0.10199407
1662978730501	9.700802	-0.7648059	0.17258233
1662978730514	9.767801	-0.7013961	0.014356935
1662978730565	9.752248	-0.75643104	0.11515459
1662978730579	9.713963	-0.76959157	0.08763713
1662978730590	9.77498	-0.7636095	0.119940236
1662978730597	9.959227	-0.9385847	0.32333016
1662978730620	9.797711	-1.0319048	0.26590243
1662978730634	9.77139	-1.0235299	0.1905285
1662978730644	9.717552	-1.0689936	0.082851484
1662978730673	9.742677	-1.0223335	0.05623133
1662978730687	9.746265	-1.0187442	0.13190435
1662978730700	9.80489	-1.0546366	0.20249261
1662978730709	9.806087	-1.11685	0.20967108
1662978730776	9.81805	-1.0642079	0.07686943
1662978730791	9.835997	-0.8892327	-0.019142581
1662978730800	9.737891	-0.76241314	-0.17587246
1662978730811	9.69482	-0.7181459	-0.033499517
1662978730823	9.690035	-0.76600236	-0.08973085
1662978730834	9.736694	-0.7755736	-0.025124637
1662978730870	9.964012	-0.9708878	0.21924238
1662978730882	9.91496	-1.1216356	0.30179477
1662978730893	9.794122	-1.1659029	0.1582254
1662978730905	9.69482	-1.2747762	0.059820566
1662978731026	9.709177	-1.1587243	-0.009571291
1662978731043	9.67807	-0.99601245	-0.0047856453
1662978731053	9.686445	-0.9732806	0.05383851
1662978731064	9.7247305	-0.9349955	0.12472588
1662978731074	9.81805	-0.8808578	-0.032303106
1662978731085	9.835997	-0.74566334	-0.09930214
1662978731095	9.822836	-0.70618176	-0.148355
1662978731107	9.727123	-0.73369926	-0.05503492
1662978731120	9.679267	-0.80907315	-0.02751746
1662978731236	9.718748	-0.8425727	-0.083748795
1662978731250	9.907782	-1.0486546	0.15463616
1662978731261	9.777372	-1.1264212	0.23479572
1662978731273	9.778569	-1.1431711	0.27068806
1662978731289	9.70798	-1.2017952	0.16660027
1662978731302	9.742677	-1.1192428	0.08644072
1662978731311	9.729516	-1.0749756	0.07806584
1662978731324	9.763016	-1.0881361	0.1271187
1662978731337	9.7247305	-1.0522437	0.08165507
1662978731352	9.772587	-0.92542416	-0.09332009
1662978731362	9.74148	-0.79830545	-0.15074782
1662978731372	9.763016	-0.7325028	-0.16630118
1662978731382	9.785748	-0.73130643	-0.2105684
1662978731426	9.715159	-0.7480562	-0.1591227
1662978731439	9.772587	-0.76241314	-0.08733802
1662978731453	9.889835	-0.98644114	0.18693927
1662978731465	9.77498	-1.1264212	0.21326032
1662978731479	9.723534	-1.2951152	0.20488544
1662978731492	9.71157	-1.4051851	0.12831512
1662978731504	9.620643	-1.3740784	0.19890338
1662978731515	9.621839	-1.346561	0.24197419
1662978731528	9.753445	-1.3142579	0.37477586
1662978731568	9.855139	-1.2221341	0.41306102
1662978731583	9.954441	-1.076172	0.37836507
1662978731593	9.893424	-0.9493524	0.36640096
1662978731603	9.759426	-0.8712866	0.20488544
1662978731642	9.637392	-0.907478	0.19770697
1662978731659	9.599107	-0.9457632	0.03589234
1662978731670	9.686445	-0.9696914	0.0526421
1662978731678	9.810872	-1.1096715	0.37477586
1662978731690	9.747462	-1.1012967	0.3999005
1662978731704	9.795319	-1.1036894	0.36161533
1662978731718	9.719945	-1.1874382	0.15583257
1662978731781	9.705587	-1.1228321	0.11156536
1662978731797	9.692428	-1.1012967	0.110368945
1662978731812	9.705587	-1.0857433	0.18813568
1662978731818	9.752248	-1.0211371	0.050249275
1662978731828	9.789336	-0.88325065	0.046660043
1662978731836	9.693624	-0.7480562	-0.01794617
1662978731841	9.789336	-0.7181459	-0.059820566
1662978731868	9.723534	-0.76719874	-0.083748795
1662978731874	9.668499	-0.8138588	-0.022731815
1662978732034	9.77139	-0.82941216	0.090029955
1662978732043	9.902996	-1.0977074	0.4214359
1662978732049	9.746265	-1.2005987	0.26111677
1662978732056	9.784551	-1.2197413	0.14745769
1662978732063	9.713963	-1.2029916	-0.013160525
1662978732070	9.74148	-1.0809577	0.032303106
1662978732080	9.789336	-1.035494	0.17856438
1662978732089	9.789336	-1.0606186	0.2216352
1662978732099	9.75823	-1.0211371	0.15104693
1662978732110	9.742677	-0.93738824	0.10917253
1662978732240	9.666106	-0.86171526	0.015553347
1662978732252	9.717552	-0.8365906	0.12472588
1662978732264	9.74148	-0.8665009	0.07088737
1662978732276	9.737891	-0.8955139	0.16061822
1662978732291	9.807282	-0.927817	0.30538398
1662978732305	9.873085	-1.1599208	0.4860421
1662978732316	9.7247305	-1.2149557	0.33170503
1662978732331	9.727123	-1.2281163	0.29461628
1662978732343	9.691231	-1.1670992	0.16540386
1662978732351	9.692428	-1.0307083	0.17856438
1662978732361	9.746265	-1.041476	0.31974092
1662978732374	9.840782	-1.0438689	0.25393832
1662978732390	9.874282	-0.95772725	0.15702899
1662978732453	9.864711	-0.90508515	0.19172491
1662978732467	9.770194	-0.9589237	0.23479572
1662978732482	9.810872	-0.8533404	0.0634098
1662978732495	9.645767	-0.80787677	-0.038285162
1662978732509	9.559326	-0.77677006	-0.086141616
1662978732517	9.656535	-0.81266236	0.08763713
1662978732527	9.876675	-1.0307083	0.39750767
1662978732541	9.792926	-1.1371889	0.34606197
1662978732553	9.806087	-1.1659029	0.30179477
1662978732567	9.721141	-1.2568301	0.20129621
1662978732581	9.776176	-1.0809577	0.11515459
1662978732589	9.776176	-0.9385847	0.075673014
1662978732599	9.776176	-0.94337034	0.10438689
1662978732643	9.690035	-0.9206385	0.08883354
1662978732660	9.770194	-0.8330014	0.010767702
1662978732669	9.754641	-0.80787677	0.033499517
1662978732682	9.776176	-0.8258229	0.015553347
1662978732697	9.698409	-0.82941216	0.043070808
1662978732777	9.656535	-0.91226363	0.090029955
1662978732790	9.699606	-0.9242278	0.1905285
1662978732797	9.877871	-1.0929217	0.39870408
1662978732808	9.772587	-1.1874382	0.2958127
1662978732820	9.776176	-1.2329018	0.35443684
1662978732830	9.776176	-1.2352947	0.29102704
1662978732839	9.845568	-1.1132607	0.19292133
1662978732849	9.870692	-1.0055838	0.19292133
1662978732860	9.81805	-0.9720842	0.23001008
1662978732870	9.640982	-0.9302098	0.14745769
1662978732883	9.673285	-0.8545368	0.046660043
1662978733057	9.697213	-0.86291164	0.050249275
1662978733072	9.809675	-0.9062816	0.082851484
1662978733088	9.686445	-0.88325065	-0.034695927
1662978733101	9.669696	-0.8967103	0.021535404
1662978733110	9.693624	-0.9445667	0.17617157
1662978733121	9.865907	-1.0797613	0.33888352
1662978733135	9.776176	-1.1802598	0.2730809
1662978733148	9.766604	-1.2568301	0.19651055
1662978733157	9.742677	-1.2496517	0.043070808
1662978733171	9.812068	-1.1048858	0.0634098
1662978733260	9.826426	-0.9409775	0.06729814
1662978733273	9.846765	-0.9170493	0.11874382
1662978733284	9.730712	-1.0067801	0.10438689
1662978733299	9.743873	-1.0175478	0.033499517
1662978733311	9.698409	-1.061815	0.046660043
1662978733324	9.785748	-1.0737791	0.049052864
1662978733335	9.684052	-1.0486546	-0.09092726
1662978733348	9.655338	-1.0283155	-0.047856454
1662978733362	9.662517	-1.061815	0.12352947
1662978733384	9.875478	-1.1300105	0.28863424
1662978733397	9.874282	-1.1623136	0.2754737
1662978733408	9.789336	-1.1288141	0.1905285
1662978733421	9.730712	-1.1515459	0.119940236
1662978733466	9.764212	-1.0989038	0.051445685
1662978733478	9.790533	-0.99960166	0.07447661
1662978733490	9.832407	-1.0175478	0.09840483
1662978733503	9.753445	-1.0630114	0.10797612
1662978733515	9.731909	-1.0199406	-0.013160525
1662978733529	9.761819	-0.9936196	-0.013160525
1662978733541	9.739087	-0.94695956	-0.104087785
1662978733551	9.609875	-0.9242278	-0.011964113
1662978733563	9.660124	-0.9314062	0.009571291
1662978733574	9.656535	-1.0043873	-0.011964113
1662978733587	9.870692	-0.994816	0.12592229
1662978733601	9.917353	-1.1922239	0.31136605
1662978733613	9.802497	-1.1910275	0.27068806
1662978733663	9.782158	-1.1682956	0.2204388
1662978733679	9.7450695	-1.1180464	0.110368945
1662978733691	9.791729	-0.9589237	0.039481573
1662978733701	9.773783	-0.9421739	0.05742774
1662978733710	9.715159	-1.0390832	0.11515459
1662978733776	9.7043915	-1.0941181	0.059820566
1662978733790	9.749855	-1.0869397	0.009571291
1662978733799	9.74148	-1.0546366	-0.051445685
1662978733808	9.71157	-1.0139586	0.10438689
1662978733819	9.679267	-0.9529416	-0.040677983
1662978733829	9.608679	-0.93978107	-0.106480606
1662978733841	9.838389	-0.8461619	0.050249275
1662978733848	9.832407	-1.0833504	0.2527419
1662978733862	9.78814	-1.1814562	0.24436702
1662978733872	9.760623	-1.2592229	0.17736799
1662978733883	9.783355	-1.2340983	0.05503492
1662978734057	9.831211	-1.0725827	0.041874398
1662978734075	9.806087	-1.0570294	0.031106694
1662978734086	9.7450695	-1.0989038	0.062213387
1662978734095	9.663713	-1.1443675	0.0
1662978734109	9.779765	-1.102493	0.047856454
1662978734122	9.666106	-0.99720883	-0.2656033
1662978734134	9.67807	-1.0175478	0.08763713
1662978734147	9.668499	-1.0307083	-0.07298109
1662978734161	9.629018	-1.0594223	-0.0526421
1662978734175	9.819247	-0.98883396	0.033499517
1662978734257	9.8886385	-1.1491531	0.21804596
1662978734274	9.792926	-1.2281163	0.17497516
1662978734288	9.790533	-1.2424731	0.08763713
1662978734302	9.747462	-1.1946167	-0.0047856453
1662978734316	9.802497	-0.9984053	-0.04426722
1662978734330	9.786943	-0.96729857	0.013160525
1662978734343	9.779765	-1.0247263	0.116351
1662978734357	9.70798	-1.0749756	0.12592229
1662978734370	9.825229	-1.0606186	0.21206391
1662978734391	9.763016	-1.0211371	-0.11365908
1662978734405	9.585648	-0.8892327	-0.03589234
1662978734414	9.504292	-0.6978069	-0.32303107
1662978734425	9.376275	-0.6547361	-0.3469593
1662978734471	9.719945	-0.62482584	0.24556342
1662978734488	9.895817	-0.87966144	0.49082774
1662978734502	9.873085	-1.0486546	0.48364928
1662978734511	9.902996	-1.1036894	0.4214359
1662978734521	9.905389	-0.97806627	0.1905285
1662978734532	9.875478	-0.6906284	0.13549358
1662978734545	9.755837	-0.52911294	0.10079765
1662978734554	9.668499	-0.5279165	0.09960124
1662978734569	9.49472	-0.76959157	0.10917253
1662978734583	9.698409	-0.87248296	0.24675983
1662978734592	9.691231	-0.91106725	-0.12083755
1662978734604	9.731909	-0.79112697	-0.03589234
1662978734616	9.7043915	-0.6332007	-0.23090738
1662978734672	9.718748	-0.53270215	-0.2548356
1662978734686	9.85155	-0.6308079	-0.016749758
1662978734696	9.701999	-0.9517452	-0.023928227
1662978734711	9.700802	-1.1802598	-0.04426722
1662978734722	9.7043915	-1.3214363	-0.14476576
1662978734773	9.712767	-1.238884	-0.19381863
1662978734784	9.819247	-1.0546366	-0.22851457
1662978734793	9.9089775	-0.95772725	-0.16271193
1662978734808	9.760623	-1.061815	-0.2548356
1662978734820	9.599107	-1.3549358	-0.3505485
1662978734834	9.624231	-1.3250256	-0.25244278
1662978734847	9.559326	-1.096511	-0.47258246
1662978734857	9.407382	-0.9661021	-0.40917268
1662978734871	9.419347	-0.7959126	-0.44506502
1662978734883	9.48156	-0.78035927	-0.3385844
1662978734895	9.862318	-1.1802598	0.11156536
1662978735067	10.141082	-1.6304095	0.39750767
1662978735088	10.183255	-1.9462621	0.22522444
1662978735103	10.196416	-2.1559331	0.0035892338
1662978735117	10.046565	-1.873281	-0.0035892338
1662978735130	9.865907	-1.6674982	-0.047856454
1662978735142	9.685248	-1.4039887	-0.19621146
1662978735156	9.4636135	-1.3214363	-0.43669012
1662978735171	9.516255	-1.3549358	-0.5626124
1662978735186	9.578469	-1.4039887	-0.47976094
1662978735202	9.59163	-1.358525	-0.5937191
1662978735215	9.507881	-1.4051851	-0.69182485
1662978735270	9.499506	-1.387239	-0.75523466
1662978735285	9.6015	-1.4410775	-0.54466623
1662978735294	9.835997	-1.6818552	-0.1902294
1662978735306	9.795319	-1.7404794	-0.148355
1662978735319	9.810872	-1.7679968	-0.18903299
1662978735332	9.77498	-1.8014964	-0.2440679
1662978735343	9.706784	-1.7057835	-0.106480606
1662978735352	9.596714	-1.6591234	-0.08015956
1662978735365	9.637392	-1.6615162	-0.083748795
1662978735381	9.513863	-1.7093726	-0.17347965
1662978735398	9.427721	-1.7093726	-0.30269206
1662978735411	9.334401	-1.7261224	-0.11844472
1662978735471	9.404989	-1.3884354	-0.4881358
1662978735486	9.396614	-1.332204	-0.26081768
1662978735496	9.229117	-1.50359	-0.541077
1662978735508	9.507881	-1.6878372	-0.4127619
1662978735518	9.584451	-1.9821545	-0.09930214
1662978735529	9.489935	-1.9797616	-0.22971097
1662978735541	9.440882	-2.0673988	-0.36131623
1662978735553	9.523434	-2.0147567	-0.34337005
1662978735567	9.560523	-1.9869401	-0.086141616
1662978735583	9.58804	-2.0315065	0.07088737
1662978735595	9.766604	-1.9989042	-0.18305093
1662978735609	9.9807625	-1.8242282	-0.5949155
1662978735620	9.943673	-1.6830516	-1.0785648
1662978735674	10.603195	-1.6004993	-1.6531414
1662978735687	10.873883	-2.0925233	-1.7739788
1662978735699	10.988739	-2.4849463	-1.0399805
1662978735709	11.563315	-2.5328028	0.1486541
1662978735720	11.516655	-2.3102703	1.2559328
1662978735774	10.963614	-1.7560327	1.1730813
1662978735789	10.132707	-1.6651055	-0.4354937
1662978735799	9.749855	-1.556232	-2.5722845
1662978735807	9.200403	-1.3800604	-2.6859434
1662978735819	8.039286	-0.97806627	-1.541576
1662978735829	9.019445	0.0023928226	-1.372882
1662978735838	9.493524	0.3065804	-1.2759727
1662978735850	9.667302	0.12921242	-1.0292128
1662978735871	10.137492	-0.12203395	-1.1850454
1662978735884	10.207183	-0.5518447	-1.0363913
1662978735894	10.197612	-0.70378894	-0.9107681
1662978736068	10.343575	-0.61764735	-1.4075779
1662978736087	10.310075	-0.54466623	-1.5188441
1662978736102	9.843175	-0.44656053	-1.0316057
1662978736115	9.383454	-0.4872385	-0.59730834
1662978736127	9.192028	-0.33290145	-0.7432705
1662978736141	9.140582	-0.14476576	-0.7827521
1662978736156	8.969196	0.014356935	-0.7791629
1662978736168	8.733503	-0.061016977	-0.6726823
1662978736180	8.643773	-0.20219351	-0.6343971
1662978736193	8.62463	-0.31944183	-0.52911294
1662978736207	9.038888	0.043070808	-0.37447673
1662978736270	8.996714	0.17347965	0.0634098
1662978736289	8.729915	-0.15553348	0.03708875
1662978736303	8.545667	-0.1363909	-0.02871387
1662978736316	8.59472	-0.07178468	0.06729814
1662978736330	8.782557	-0.26919255	0.3592225
1662978736344	8.927322	-0.60807604	0.698106
1662978736357	9.158528	-0.96729857	0.7280163
1662978736365	9.80489	-1.2819548	0.8321041
1662978736373	10.569695	-1.5227325	0.73519474
1662978736391	10.631909	-1.6758732	0.17617157
1662978736403	11.040185	-1.1766706	0.013160525
1662978736414	11.79183	-1.1599208	1.4593227
1662978736473	11.736795	-1.5011971	2.321337
1662978736491	12.747165	-0.9984053	0.7316055
1662978736504	12.872787	0.19142582	-1.1012967
1662978736514	12.717254	1.6914265	-2.766402
1662978736528	12.14507	1.7703897	-2.0336
1662978736542	10.544571	0.79112697	-1.6097715
1662978736552	9.572487	0.033499517	-1.2472588
1662978736563	9.049655	-0.59611195	-0.9000004
1662978736578	8.011768	-1.1730813	-0.7109674
1662978736590	8.2558365	-1.0737791	-0.9873384
1662978736600	8.126624	-1.2580265	-1.6507485
1662978736611	9.120243	-1.1072787	-1.8972093
1662978736622	9.504292	-1.0737791	-1.4111671
1662978736676	9.755837	-0.6200402	-0.9957133
1662978736692	9.865907	-0.2105684	-1.3597214
1662978736703	9.844372	-0.13998012	-1.3214363
1662978736712	9.406186	-0.4226323	-1.2329018
1662978736720	9.217153	-0.37597227	-1.0857433
1662978736726	9.012267	-0.48125646	-1.1012967
1662978736778	8.869894	-0.70378894	-1.2568301
1662978736795	8.732307	-1.0055838	-1.3417753
1662978736810	8.772985	-1.3226327	-0.96460664
1662978736821	8.782557	-1.6734804	-0.80787677
1662978736831	8.890233	-1.9486549	-0.4331009
1662978736844	9.245867	-1.8744774	-0.3696911
1662978736857	9.391829	-1.8433708	0.08165507
1662978736874	9.424132	-1.5813566	0.2970091
1662978736885	9.389436	-1.3896317	0.38673997
1662978736895	9.09153	-1.4844474	0.24556342
1662978736903	8.514561	-1.5382859	-0.41515473
1662978737070	8.747861	-1.5167505	-0.9418748
1662978737087	8.8651085	-1.7021942	-0.5554339
1662978737103	8.847162	-1.7081763	-0.70618176
1662978737117	9.497113	-1.4976078	-0.9071789
1662978737130	9.894621	-1.7344973	-0.47976094
1662978737142	10.222736	-2.0338993	-0.32063824
1662978737153	10.481161	-2.3222344	-0.11006984
1662978737166	11.067702	-2.333002	0.6837491
1662978737180	11.653047	-2.0877378	1.1252248
1662978737191	11.582458	-2.0060828	1.1300105
1662978737269	10.977971	-2.0961127	0.7603194
1662978737285	10.555339	-2.3712873	-0.6786643
1662978737301	11.249557	-2.4885356	-2.4131618
1662978737313	11.067702	-3.4965122	-2.376073
1662978737326	10.718349	-3.4007993	-2.1556342
1662978737340	9.066405	-2.2456641	-1.9247267
1662978737352	8.5887375	-0.062213387	-1.3597214
1662978737365	9.57488	1.1730813	-1.4446666
1662978737377	9.312865	1.3154542	-2.2205393
1662978737395	9.722338	0.85124665	-1.8864416
1662978737407	11.0042925	-0.0047856453	-1.7105691
1662978737420	12.153445	-1.1264212	-1.0136595
1662978737467	12.067304	-1.7380866	0.4968098
1662978737479	10.861919	-1.3130615	-0.08973085
1662978737492	9.152547	-0.5697909	-1.0136595
1662978737502	8.356335	0.03589234	-1.5284154
1662978737512	8.112267	0.13878371	-1.372882
1662978737525	8.157731	0.11246266	-1.16351
1662978737533	8.292925	0.069391854	-0.7289136
1662978737542	8.426923	-0.08015956	-0.2943172
1662978737548	8.759825	-0.1471586	-0.21296121
1662978737570	9.035298	-0.069391854	-0.276371
1662978737576	8.952447	-0.039481573	-0.39840496
1662978737582	8.667701	0.009571291	-0.30987054
1662978737590	8.459227	-0.03708875	-0.0059820567
1662978737675	8.325228	-0.19740787	0.28743783
1662978737690	8.357532	-0.35084763	0.5099703
1662978737702	8.607881	-0.40947178	0.602094
1662978737714	8.7682	-0.6798607	0.7938189
1662978737725	8.983554	-1.1228321	0.83688974
1662978737736	9.853943	-0.9876375	0.6406783
1662978737774	10.700105	-1.1647065	0.20368902
1662978737785	11.362318	-0.69302124	-0.39481574
1662978737797	11.789437	-0.43579283	1.055833
1662978737807	11.86511	-1.2412767	2.7376883
1662978737818	11.356337	-2.2648067	3.0753753
1662978737830	10.095618	-2.8992038	1.9106688
1662978737837	10.745868	-1.5335002	-0.30867413
1662978737874	13.1027975	0.09571291	-1.7955143
1662978737889	13.149458	1.9453648	-4.0328035
1662978737901	11.947662	2.5845475	-2.2731814
1662978737910	9.658928	1.8038892	-0.5554339
1662978738067	8.160124	0.68225354	-1.230509
1662978738085	9.192028	0.3077768	-2.725425
1662978738101	9.479167	0.17826529	-2.9985058
1662978738115	9.596714	-0.35563326	-1.9905293
1662978738127	9.438489	-1.0259227	-1.1850454
1662978738141	9.597911	-1.0893325	-1.2460624
1662978738153	9.38824	-0.95413804	-1.3800604
1662978738164	9.009874	-0.99960166	-1.1682956
1662978738177	8.812467	-0.8676973	-0.6116653
1662978738190	8.550452	-0.7372885	-0.317049
1662978738271	8.606684	-0.56859446	-0.7181459
1662978738289	8.729915	-0.53270215	-1.1324034
1662978738302	8.867501	-0.7085746	-1.21017
1662978738316	9.110672	-1.0235299	-0.919143
1662978738329	9.305687	-1.4183456	-0.80548394
1662978738341	9.363115	-1.4940187	-0.69900334
1662978738348	9.314062	-1.6208383	-0.3361916
1662978738357	9.053245	-1.7368901	-0.086141616
1662978738365	8.869894	-1.745265	0.13070793
1662978738384	8.709576	-1.8373886	0.13310076
1662978738400	8.619844	-2.097309	-0.15194423
1662978738472	8.849555	-2.1296122	-0.5051847
1662978738490	8.999106	-1.852942	-1.0304092
1662978738500	9.476774	-1.4267205	-1.4123635
1662978738510	9.887443	-0.8700901	-1.5056837
1662978738522	10.872687	-0.73489565	-0.52313083
1662978738532	11.533405	-1.4279169	0.34606197
1662978738545	11.394622	-2.1882362	0.96729857
1662978738560	11.054542	-2.5112674	1.3504493
1662978738572	10.342378	-2.2348964	1.5753746
1662978738581	9.992726	-1.8146569	0.7435696
1662978738593	11.088041	-1.5179468	-1.5954145
1662978738608	11.520245	-2.2241287	-4.7784667
1662978738622	10.179666	-3.3481572	-4.881358
1662978738632	9.35474	-2.5124638	-2.0407786
1662978738673	10.028619	-0.5602196	-0.034695927
1662978738685	10.351949	0.9924232	-1.358525
1662978738692	10.393824	1.3345969	-2.524428
1662978738697	10.966007	1.0055838	-2.3186452
1662978738703	12.106785	0.24077778	-2.5423741
1662978738708	12.155838	-0.25244278	-0.43788654
1662978738713	11.083256	-0.5243273	0.2730809
1662978738778	9.332008	-0.39391842	-0.23569304
1662978738795	8.551649	-0.26799613	-0.93349993
1662978738808	8.341978	-0.55423754	-1.0797613
1662978738823	7.8978105	-0.6655038	-0.77796644
1662978738835	7.6513495	-0.3807579	-0.6092725
1662978738845	7.739884	-0.31465617	-0.5673981
1662978738874	7.919645	-0.15672988	-0.5829514
1662978738887	8.170891	0.096909314	-0.32542387
1662978738899	8.241479	0.1794617	-0.1698904
1662978738909	8.325228	0.3819543	-0.04426722
1662978738920	8.27139	0.39750767	0.06610172
1662978738934	8.273783	0.031106694	0.28265217
1662978738952	8.456834	-0.3074777	0.6562316
1662978738973	8.68804	-0.5805586	1.0031909
1662978738982	8.945269	-0.94695956	1.2020943
1662978739002	9.188439	-1.3704891	1.2678969
1662978739020	10.191629	-1.6184454	0.83090764
1662978739039	11.324033	-1.9797616	0.049052864
1662978739054	12.564114	-1.4964114	0.88354975
1662978739087	13.422239	-0.15194423	1.7635103
1662978739104	12.042179	0.18544376	1.5717853
1662978739119	10.718349	-0.17467605	2.2851455
1662978739133	10.485947	-0.73489565	1.7009978
1662978739155	12.579667	-0.48364928	-0.93230355
1662978739174	12.555738	0.8596215	-4.0088754
1662978739189	11.627922	1.2053844	-3.5264223
1662978739209	10.416555	1.1862419	-1.6926229
1662978739231	8.601898	0.6667002	-1.8170497
1662978739248	8.544471	0.6966105	-2.5004997
1662978739269	9.365508	0.453739	-2.5866413
1662978739305	9.850353	-0.7217351	-1.6268203
1662978739314	9.444471	-1.5263218	-1.0256236
1662978739331	9.285348	-1.8326031	-1.4434702
1662978739350	9.302098	-1.4015958	-1.3357933
1662978739364	9.2075815	-0.9182457	-1.0088738
1662978739394	9.0182495	-0.6786643	-1.0606186
1662978739417	8.95125	-0.5518447	-1.1778669
1662978739423	9.002696	-0.52911294	-1.2568301
1662978739451	8.878269	-0.6667002	-1.1491531
1662978739467	8.883055	-0.90149593	-1.1335998
1662978739479	8.829216	-1.0582259	-1.2891332
1662978739504	8.849555	-1.224527	-1.2400804
1662978739525	8.847162	-1.3824533	-1.000499
1662978739544	8.942876	-1.7129619	-0.6966105
1662978739562	8.703593	-1.5933207	-0.48095736
1662978739583	8.631808	-1.6268203	-0.26081768
1662978739598	8.75145	-1.8218354	0.039481573
1662978739616	8.807681	-2.1798615	0.19770697
1662978739633	8.904591	-2.3569303	0.11395818
1662978739653	9.582058	-2.4215364	-0.47976094
1662978739672	9.634999	-2.1774685	-1.1802598
1662978739691	9.721141	-1.5370895	-1.3058829
1662978739711	10.191629	-1.0331012	-0.8330014
1662978739728	10.51825	-0.7109674	-0.54705906
1662978739749	11.062917	-0.81266236	0.40468612
1662978739771	11.601601	-1.1862419	1.6423737
1662978739793	11.416157	-2.1702902	1.8807586
1662978739811	10.889437	-2.7652056	0.76749784
1662978739827	11.102398	-2.955435	-1.7751753
1662978739847	11.489138	-3.1337004	-4.4398823
1662978739866	10.126724	-3.3481572	-4.688736
1662978739889	7.7650084	-2.7472596	-2.7699914
1662978739910	9.099904	-0.32303107	-0.4956134
1662978739927	10.4871435	1.5011971	-0.8700901
1662978739942	10.948061	1.6088741	-2.341377
1662978739960	12.026626	1.0474582	-3.3206396
1662978739980	13.346866	0.10767702	-2.43709
1662978739999	12.525828	-0.6750751	0.54705906
1662978740027	10.738688	-1.0235299	0.39870408
1662978740044	9.273384	-0.5494519	-0.9490533
1662978740062	8.285747	-0.16749759	-1.602593
1662978740086	7.4994054	-0.1052842	-1.6686947
1662978740096	7.0899334	-0.11365908	-0.89401835
1662978740116	7.440781	0.050249275	-0.5279165
1662978740136	7.900203	-0.0526421	-0.47377887
1662978740163	8.377871	-0.20817557	-0.38285163
1662978740180	8.686844	-0.27038896	-0.4031906
1662978740195	8.643773	-0.39391842	-0.37208393
1662978740211	8.617452	-0.18305093	-0.15314065
1662978740230	8.536096	-0.062213387	0.18693927
1662978740250	8.370692	-0.16390835	0.38315073
1662978740278	8.406584	-0.3376871	0.4645067
1662978740296	8.606684	-0.62482584	0.5267201
1662978740322	8.946465	-0.96490574	0.8356933
1662978740333	9.255438	-1.4665012	0.8847462
1662978740348	10.145867	-1.718944	0.3819543
1662978740365	11.068898	-1.4458631	0.1486541
1662978740393	11.623136	-0.817448	0.44177487
1662978740411	12.17857	-0.1471586	1.4557334
1662978740426	11.49153	-0.3699902	2.3644078
1662978740442	10.36152	-1.2209377	2.3054845
1662978740463	11.828918	-1.1383854	0.4010969
1662978740491	13.904693	-0.56141603	-1.3752748
1662978740501	13.554144	0.7719844	-4.2708893
1662978740521	11.545369	1.6088741	-2.536392
1662978740546	9.476774	1.3393825	-0.535095
1662978740562	8.49781	0.31256247	-1.1240284
1662978740578	8.769396	0.148355	-2.9709885
1662978740595	9.527023	0.41545382	-3.484548
1662978740614	9.674481	-0.27876383	-1.7907287
1662978740634	9.406186	-1.1623136	-1.0040882
1662978740653	9.560523	-1.50359	-0.67148584
1662978740677	9.3200445	-1.7548363	-1.2747762
1662978740696	9.15494	-1.59691	-0.97537434
1662978740716	8.879466	-1.1790633	-0.6858428
1662978740734	8.562417	-0.72771716	-0.68225354
1662978740755	8.469994	-0.4429713	-1.006481
1662978740772	8.586345	-0.41545382	-1.3058829
1662978740792	8.806484	-0.5805586	-1.3046865
1662978740811	8.973982	-0.8593224	-1.1599208
1662978740827	9.040084	-0.994816	-0.78753775
1662978740845	8.9775715	-1.1180464	-0.7001997
1662978740866	8.979964	-1.4880366	-0.32183465
1662978740896	8.752646	-1.806282	-0.2321038
1662978740913	8.707183	-2.0255244	0.14267205
1662978740927	8.770593	-2.379662	0.2970091
1662978740946	8.723932	-2.53041	-0.19501504
1662978740961	8.6294155	-2.7317061	-0.47018966
1662978740982	8.981161	-2.4239295	-1.2329018
1662978741003	9.470792	-1.7476579	-1.7416757
1662978741029	9.80489	-0.79710907	-1.6770695
1662978741046	10.322039	-0.54346985	-0.22731815
1662978741062	11.516655	-0.9924232	0.72442704
1662978741083	11.749955	-1.7464614	1.3504493
1662978741100	11.172986	-2.3461626	1.5933207
1662978741118	10.785349	-2.2695923	1.4653047
1662978741136	10.228719	-1.8756739	0.8979067
1662978741153	10.494322	-1.9067806	-1.2436695
1662978741182	11.358729	-2.7520452	-3.708277
1662978741199	10.572088	-3.6951163	-4.749753
1662978741222	8.796913	-3.1519456	-3.0690942
1662978741229	9.946067	-0.68823564	-0.13399807
1662978741260	10.723136	1.0259227	-0.83060855
1662978741277	10.865508	1.3971093	-2.1966112
1662978741294	11.752348	1.326222	-2.8310082
1662978741311	12.932609	0.8129615	-1.7057835
1662978741326	12.232409	-0.031106694	-0.10289137
1662978741346	10.7279215	-0.7073782	0.13908282
1662978741380	9.250652	-0.8102696	-0.47856453
1662978741397	8.319246	-0.5374878	-1.1934203
1662978741414	7.8547397	-0.3819543	-1.3010973
1662978741427	7.6274214	-0.50159544	-1.07019
1662978741442	7.597511	-0.32542387	-1.0387841
1662978741464	7.8631144	-0.19262223	-0.74566334
1662978741484	8.105088	-0.069391854	-0.4881358
1662978741504	8.365906	0.014356935	-0.46061835
1662978741526	8.5576315	-0.021535404	-0.45224348
1662978741542	8.623434	-0.08973085	-0.4354937
1662978741561	8.655737	-0.06460621	-0.25962126
1662978741582	8.539685	-0.023928227	0.02751746
1662978741597	8.519346	-0.06580263	0.3065804
1662978741616	8.708379	-0.30029923	0.4956134
1662978741646	9.052048	-0.7109674	0.81655073
1662978741659	9.359526	-1.224527	1.0809577
1662978741691	9.923335	-1.7237296	1.2714862
1662978741702	10.769795	-2.2181466	0.7088737
1662978741713	11.312069	-1.8493528	0.28863424
1662978741731	11.570494	-1.2580265	0.8285148
1662978741751	12.067304	0.04426722	1.489233
1662978741770	10.897812	0.5027919	1.6639091
1662978741794	10.851151	0.69900334	0.846461
1662978741811	13.050156	0.46091747	0.08763713
1662978741830	12.946965	0.34127632	-1.8601205
1662978741846	12.214462	0.6583253	-2.5818555
1662978741865	10.052547	0.37477586	-1.8505492
1662978741888	9.060423	0.325723	-0.84855473
1662978741911	9.242277	0.31016964	-2.9997022
1662978741929	9.900602	0.68345	-3.39721
1662978741944	9.675677	-0.11246266	-2.7242286
1662978741962	9.227921	-1.462912	-1.5056837
1662978741984	9.126225	-1.8613169	-1.0642079
1662978742065	8.994321	-1.4422739	-1.2771691
1662978742083	8.83161	-1.189831	-1.2029916
1662978742098	8.932108	-0.95772725	-1.0208379
1662978742111	9.036494	-0.8258229	-0.74446696
1662978742136	8.892626	-0.89042914	-0.7396813
1662978742146	8.8543415	-0.78394854	-1.0292128
1662978742157	8.830413	-0.7588239	-1.2089736
1662978742186	8.935697	-0.86171526	-1.2053844
1662978742201	9.171689	-0.8246265	-0.8593224
1662978742211	9.120243	-0.9984053	-0.78753775
1662978742285	9.127422	-1.2903296	-0.90358967
1662978742303	8.95125	-1.6208383	-0.8102696
1662978742315	9.073584	-1.625624	-0.46061835
1662978742327	9.092726	-1.6998014	-0.15074782
1662978742337	8.983554	-1.899602	-0.096909314
1662978742348	8.832806	-2.0949163	-0.15553348
1662978742360	8.996714	-2.1870399	-0.24765715
1662978742372	9.311669	-2.1164517	-0.79710907
1662978742390	9.431311	-1.7237296	-1.2005987
1662978742403	9.602696	-1.1084751	-0.97776717
1662978742417	10.360324	-0.6978069	-0.6236294
1662978742434	10.79492	-0.8234301	-0.62961143
1662978742483	11.174183	-1.3070793	0.07088737
1662978742497	11.363515	-1.8361923	1.1551352
1662978742509	11.279766	-2.2755744	1.2415758
1662978742521	11.529816	-2.4538395	-0.6200402
1662978742542	12.511472	-2.4346972	-3.0008986
1662978742558	11.190932	-3.4426737	-3.309872
1662978742572	9.797711	-3.2943187	-2.243271
1662978742582	7.8726854	-1.9354944	-0.50159544
1662978742592	8.743074	0.19860429	-0.7516454
1662978742676	9.542577	1.5454643	-2.7592237
1662978742690	9.715159	1.4377873	-3.231806
1662978742697	10.533804	0.9924232	-2.0144575
1662978742706	12.19532	-0.034695927	-2.3581266
1662978742754	12.210873	-0.9086744	0.2515455
1662978742771	11.559726	-0.927817	0.38913277
1662978742781	10.096814	-0.48364928	-0.7396813
1662978742793	9.002696	-0.059820566	-1.4207385
1662978742803	7.9627156	-0.05383851	-1.3501502
1662978742815	7.676474	0.061016977	-1.2113664
1662978742829	7.9722867	0.1052842	-0.8545368
1662978742842	8.278568	-0.01794617	-0.5279165
1662978742889	8.720343	-0.13040884	-0.23449662
1662978742904	8.878269	-0.42622152	-0.32422748
1662978742914	8.893823	-0.50159544	-0.29790643
1662978742924	8.702396	-0.30388847	-0.23330021
1662978742952	8.489435	-0.13040884	-0.23808585
1662978742964	8.393424	-0.101694964	0.041874398
1662978742993	8.292925	-0.09930214	0.2324029
1662978743005	8.407781	-0.3278167	0.44536412
1662978743020	8.804091	-0.6547361	0.6753742
1662978743066	9.138189	-1.0677971	0.9314062
1662978743082	9.503095	-1.3202399	0.8679964
1662978743092	10.262218	-1.6495521	0.5195416
1662978743102	11.060524	-1.2209377	-0.22971097
1662978743160	11.46162	-0.39870408	-0.10049855
1662978743172	11.466406	-0.39391842	1.4712868
1662978743182	11.198111	-0.99003035	2.4038894
1662978743191	10.872687	-1.6124634	2.0195422
1662978743202	12.470794	-1.082154	-0.07537391
1662978743212	13.281063	-0.043070808	-1.4709877
1662978743287	12.529418	1.3106686	-2.8381867
1662978743305	11.128719	1.9055841	-1.8804595
1662978743314	9.827621	1.5287145	-0.59970117
1662978743327	8.665308	0.56859446	-1.1455638
1662978743340	8.270193	0.11724831	-2.9650064
1662978743349	9.568898	0.5303093	-3.5838501
1662978743357	9.705587	-0.2321038	-1.8756739
1662978743367	9.640982	-1.0737791	-0.93349993
1662978743396	9.649357	-1.468894	-1.0268201
1662978743411	9.316455	-1.6447664	-1.6926229
1662978743478	8.950054	-1.50359	-1.4650056
1662978743492	8.9775715	-1.1072787	-0.8006983
1662978743501	8.908179	-0.6858428	-0.4881358
1662978743513	9.032906	-0.36520454	-0.4761717
1662978743565	9.037691	-0.39870408	-0.9562318
1662978743576	8.918947	-0.49441698	-1.1515459
1662978743587	8.940483	-0.87367934	-1.1886346
1662978743598	9.378669	-0.7648059	-0.8880363
1662978743609	9.339187	-1.0115658	-0.7253244
1662978743621	9.287741	-1.2759727	-0.37447673
1662978743633	8.890233	-1.6866409	-0.4139583
1662978743679	8.901001	-1.7404794	-0.14476576
1662978743691	8.956036	-1.8601205	0.42861435
1662978743701	8.772985	-2.0183458	0.110368945
1662978743709	8.928518	-2.036292	-0.15074782
1662978743755	8.859127	-1.8888344	-0.5829514
1662978743769	9.160921	-1.6363916	-0.93589276
1662978743779	9.413364	-1.2532408	-1.1814562
1662978743789	9.597911	-0.8258229	-0.9813564
1662978743799	10.143475	-0.83778703	-0.5518447
1662978743810	10.834402	-1.4820545	-0.17228323
1662978743822	10.739885	-2.2181466	0.021535404
1662978743831	11.132308	-2.3784657	0.57816577
1662978743890	10.887044	-1.8613169	1.1551352
1662978743903	10.692926	-1.3800604	0.7962117
1662978743913	11.249557	-1.3022938	-0.97537434
1662978743926	12.275479	-1.9319052	-2.9889345
1662978743966	11.027024	-3.144767	-2.8405795
1662978743978	10.102797	-2.7352953	-1.3537394
1662978743991	8.444869	-1.6806588	-0.70618176
1662978744004	9.238688	0.2324029	-1.5116657
1662978744015	9.77139	1.1910275	-2.4143581
1662978744066	9.840782	0.9457632	-2.2624137
1662978744080	11.331212	0.5602196	-1.7751753
1662978744090	12.427723	0.106480606	-0.13160525
1662978744102	12.130713	-0.4884349	0.7938189
1662978744116	10.757832	-0.663111	-0.541077
1662978744160	9.174082	-0.5913263	-1.2376875
1662978744172	8.199605	-0.58534425	-1.5403795
1662978744183	7.662117	-0.4010969	-1.6818552
1662978744194	7.7159557	0.0011964113	-1.2544373
1662978744206	8.14457	0.29102704	-0.7492526
1662978744275	8.503793	0.39750767	-0.6942177
1662978744287	8.837591	0.24795625	-0.5099703
1662978744300	8.957232	0.020338992	-0.29910284
1662978744312	8.98475	-0.08733802	-0.34456646
1662978744326	8.903394	-0.18305093	-0.41754755
1662978744338	8.899805	-0.06460621	-0.26081768
1662978744350	8.774181	-0.16749759	0.01794617
1662978744372	8.7347	-0.22372891	0.18335004
1662978744385	8.684451	-0.2644069	0.40947178
1662978744403	8.7347	-0.5075775	0.5673981
1662978744433	9.201599	-0.6260222	0.7363912
1662978744444	9.595518	-0.91585284	0.82612205
1662978744479	10.150653	-0.9302098	0.6200402
1662978744491	10.878669	-0.84137625	0.43459642
1662978744572	10.654641	-1.0450653	0.6334998
1662978744589	10.714461	-1.4506488	1.483251
1662978744597	10.690534	-1.9199411	2.2971098
1662978744609	10.385448	-2.111666	1.841277
1662978744620	10.514661	-0.8892327	0.738784
1662978744630	12.3352995	0.5805586	-0.72412795
1662978744641	12.458829	2.1475582	-2.4454648
1662978744682	12.990335	2.591726	-2.8716862
1662978744696	11.4699955	2.012364	-2.82383
1662978744709	10.481161	1.2675978	-1.46022
1662978744721	9.055637	-0.032303106	-0.4761717
1662978744760	8.878269	-0.8330014	-1.974976
1662978744772	9.012267	-2.0721843	-2.8692935
1662978744782	9.249456	-2.477768	-2.9733813
1662978744792	9.260223	-1.7835501	-1.9689939
1662978744802	9.2793665	-0.6367899	-1.1324034
1662978744813	9.105886	0.02871387	-1.0112667
1662978744827	9.285348	0.38315073	-1.0642079
1662978744838	9.260223	-0.07298109	-0.89042914
1662978744871	9.19801	-0.56859446	-0.4331009
1662978744883	9.134601	-1.0833504	-0.47377887
1662978744893	9.0015	-1.3214363	-0.8341978
1662978744908	9.066405	-1.2484552	-1.0339985
1662978744969	9.178867	-1.2065809	-1.0977074
1662978744986	9.208778	-1.2293127	-1.2077773
1662978744999	9.160921	-1.4111671	-0.78634137
1662978745008	9.046066	-1.5622141	-0.66071814
1662978745019	8.990732	-1.6830516	-0.59970117
1662978745068	9.081959	-1.7105691	-0.3493521
1662978745083	8.86152	-1.8266209	-0.19740787
1662978745092	8.970393	-1.8984057	-0.047856454
1662978745101	9.318848	-1.9115661	-0.008374879
1662978745182	9.658928	-1.9534405	-0.30388847
1662978745201	9.5557375	-1.8337995	-0.98016
1662978745210	9.428918	-1.5466608	-1.2795619
1662978745217	9.345169	-0.9936196	-1.3286148
1662978745229	9.692428	-0.73130643	-1.1503495
1662978745240	10.375877	-1.16351	-0.8234301
1662978745278	10.418948	-1.8050855	-0.31585258
1662978745292	10.910973	-1.9307088	0.8129615
1662978745301	10.808081	-1.779961	1.50359
1662978745309	10.780563	-1.7440686	0.9828519
1662978745322	11.686545	-1.7847466	-1.1312069
1662978745336	11.976377	-2.780759	-3.9071803
1662978745348	10.7997055	-3.7648072	-3.502494
1662978745372	10.253843	-2.7173493	-0.8808578
1662978745390	8.333603	-1.244866	0.8596215
1662978745402	9.372686	0.84167534	-1.1192428
1662978745479	10.584053	1.9932213	-3.758526
1662978745492	10.840384	1.724926	-4.564309
1662978745501	10.585249	1.07019	-1.9941186
1662978745510	11.247164	-0.034695927	0.059820566
1662978745569	11.560923	-0.3400799	0.014356935
1662978745587	10.64507	-0.66071814	-0.8461619
1662978745597	9.300901	-0.5303093	-1.6806588
1662978745611	8.413763	-0.3687938	-1.739283
1662978745622	8.002197	-0.2428715	-1.5786648
1662978745634	7.9304123	-0.016749758	-1.2735798
1662978745648	8.382656	0.03589234	-1.0977074
1662978745680	8.83161	-0.034695927	-0.9705887
1662978745691	9.174082	-0.008374879	-0.7109674
1662978745702	9.29133	0.106480606	-0.6128617
1662978745716	9.255438	0.13280165	-0.6332007
1662978745779	9.131011	0.025124637	-0.5590232
1662978745792	8.928518	-0.029910283	-0.47736812
1662978745800	8.716754	0.061016977	-0.49292147
1662978745808	8.5014	-0.18305093	-0.35174492
1662978745826	8.346764	-0.37956148	0.016749758
1662978745840	8.418549	-0.55782676	0.059820566
1662978745849	8.763413	-0.9242278	0.13310076
1662978745857	9.183653	-1.0917253	0.39870408
1662978745893	9.6326065	-1.3058829	0.7686943
1662978745907	10.094421	-1.2089736	0.5458627
1662978745918	11.056934	-0.93738824	0.06610172
1662978745930	10.873883	-0.7217351	-0.124426775
1662978745990	10.642677	-0.69541407	0.72323066
1662978746004	10.757832	-1.1814562	1.7563318
1662978746011	10.639088	-1.5526428	1.8161523
1662978746023	11.82533	-1.0654043	0.32452658
1662978746036	12.234801	-0.5901299	-0.62721866
1662978746066	12.432508	0.9876375	-2.3461626
1662978746078	12.741182	1.8589242	-2.2660031
1662978746089	10.715957	1.7404794	-1.8421743
1662978746096	9.567701	1.3827524	-0.8880363
1662978746185	7.902596	0.04426722	-0.48095736
1662978746206	8.039286	-0.9625129	-1.1407782
1662978746221	8.580363	-1.9510478	-2.4191437
1662978746242	9.242277	-1.8601205	-2.844169
1662978746257	9.67807	-1.2173486	-1.4614165
1662978746282	9.716355	-0.75643104	-0.7683952
1662978746293	9.715159	-0.70378894	-0.57457656
1662978746311	9.6326065	-0.43818563	-0.9550353
1662978746319	9.764212	-0.28115666	-1.2496517
1662978746328	9.70798	-0.59611195	-1.1324034
1662978746337	9.365508	-0.97567344	-0.9514461
1662978746345	8.782557	-0.9637093	-1.2532408
1662978746357	9.06162	-0.75643104	-1.387239
1662978746365	9.162118	-0.78753775	-1.3513466
1662978746375	9.202796	-0.7815557	-0.9167502
1662978746389	9.218349	-0.99720883	-0.82701933
1662978746403	9.169296	-1.4183456	-0.7073782
1662978746410	9.156136	-1.6962122	-0.73130643
1662978746430	9.213564	-1.8206389	-0.55782676
1662978746449	9.378669	-1.7440686	-0.50039905
1662978746470	9.571291	-1.3549358	-0.485743
1662978746492	9.61466	-1.07019	-0.47736812
1662978746506	9.582058	-1.102493	-0.770788
1662978746532	9.438489	-1.5287145	-1.2963116
1662978746550	9.397811	-1.5418751	-0.99930257
1662978746565	9.385847	-1.2568301	-0.37567315
1662978746597	9.385847	-1.049851	-0.29910284
1662978746606	9.559326	-1.2616158	-0.47018966
1662978746621	9.660124	-1.5442679	-0.7588239
1662978746647	9.857532	-1.6208383	-1.0411769
1662978746666	10.481161	-2.115255	-1.5774683
1662978746683	11.782259	-2.210968	-2.3365912
1662978746710	12.362818	-2.1343977	-2.6368906
1662978746723	11.58844	-2.1678972	-1.0555339
1662978746738	11.000703	-1.4243277	0.082851484
1662978746754	10.173684	-0.3687938	-0.51116675
1662978746788	9.5868435	0.19740787	-1.9402801
1662978746803	9.141779	0.6236294	-2.7182465
1662978746813	8.8746805	0.84406817	-2.3234308
1662978746830	8.843574	0.87996054	-1.765604
1662978746853	9.375079	0.927817	-1.2532408
1662978746876	9.457631	0.49441698	-1.183849
1662978746900	9.78814	0.28384858	-1.0208379
1662978746913	10.575678	0.17826529	-1.0220344
1662978746929	10.596017	-0.06699903	-1.3740784
1662978746946	10.153046	-0.25722843	-1.7093726
1662978746967	9.852746	0.05383851	-1.6962122
1662978746988	9.706784	0.50039905	-1.5978073
1662978747011	9.503095	0.7612167	-1.387239
1662978747025	9.282955	0.90149593	-1.2999009
1662978747043	9.256635	1.0331012	-1.3752748
1662978747064	9.128618	1.0713863	-1.41356
1662978747082	8.989535	0.79501534	-1.0483555
1662978747104	8.89502	0.20697916	-0.7372885
1662978747121	9.035298	-0.1698904	-0.5673981
1662978747139	9.132208	-0.2835495	-0.9311071
1662978747159	9.015857	-0.31465617	-1.0351949
1662978747183	9.013464	-0.19501504	-0.6152545
1662978747204	9.107083	-0.07058827	-0.1902294
1662978747224	9.102298	-0.050249275	0.20967108
1662978747246	9.208778	-0.24765715	0.46091747
1662978747263	9.221938	-0.37477586	0.29940194
1662978747279	9.300901	-0.49322057	-0.03708875
1662978747306	9.230313	-0.9098708	-0.3481557
1662978747314	9.580862	-0.96490574	-0.20338993
1662978747331	9.949656	-0.78394854	0.48125646
1662978747362	10.166505	-0.5937191	0.8596215
1662978747379	12.369996	0.09930214	-0.37208393
1662978747404	14.784653	0.38673997	-1.5104693
1662978747413	11.889038	-0.3484548	-2.713461
1662978747433	9.46481	0.02751746	-1.3429717
1662978747450	9.760623	0.18065812	0.16779669
1662978747469	9.536594	0.2009971	-0.51236314
1662978747490	8.464012	0.47168517	-1.5499508
1662978747508	7.888239	0.47048876	-2.4418755
1662978747529	8.5983095	0.76719874	-2.0060828
1662978747546	9.615857	0.54466623	-1.4183456
1662978747564	10.151849	-0.0023928226	-1.8050855
1662978747583	10.615159	-0.38793638	-1.8074784
1662978747606	10.646266	-0.90388876	-1.2257234
1662978747630	10.535	-1.2687942	-0.72053874
1662978747645	10.214361	-1.2376875	-0.9406784
1662978747661	9.802497	-1.1335998	-1.3453646
1662978747681	9.461221	-0.8712866	-1.3752748
1662978747703	9.256635	-0.55304116	-1.2747762
1662978747716	9.1681	-0.40588254	-1.4733806
1662978747748	9.196814	-0.43579283	-1.6651055
1662978747766	9.327223	-0.602094	-1.6109679
1662978747778	9.533006	-0.6152545	-1.5690935
1662978747802	9.432507	-0.79950184	-1.6567305
1662978747814	9.5665045	-0.91106725	-1.7823538
1662978747834	9.625428	-0.97806627	-1.5822539
1662978747853	9.58804	-1.0570294	-1.4530416
1662978747885	9.466006	-1.4243277	-1.6926229
1662978747896	9.61466	-1.7464614	-1.9881365
1662978747910	9.716355	-1.7715861	-2.0347965
1662978747928	9.684052	-1.6806588	-2.0730817
1662978747947	9.600304	-1.5203397	-1.9881365
1662978747966	9.487542	-1.3453646	-1.7895322
1662978747985	9.4636135	-1.2352947	-1.6411772
1662978748012	9.613464	-1.3680964	-1.4877375
1662978748031	9.661321	-1.5263218	-1.4614165
1662978748048	9.739087	-1.2687942	-1.3740784
1662978748065	9.712767	-0.9828519	-1.4147564
1662978748094	9.55813	-0.91585284	-1.0519446
1662978748103	9.302098	-0.8138588	-0.95742816
1662978748130	9.7247305	-0.6044868	-1.6890336
1662978748147	10.79851	-0.124426775	-3.1947174
1662978748169	9.975977	-1.230509	-2.9973094
1662978748186	9.556933	-1.7668004	-1.6543378
1662978748202	9.975977	-1.5502499	-0.95383894
1662978748218	9.580862	-1.1754742	-1.2747762
1662978748246	9.312865	-0.74446696	-1.8050855
1662978748271	9.306884	-0.2632105	-2.0659032
1662978748282	9.316455	0.051445685	-1.7931215
1662978748299	9.444471	-0.0011964113	-1.806282
1662978748315	9.656535	0.2324029	-1.806282
1662978748333	9.589237	0.38434714	-1.901995
1662978748351	9.573684	0.4214359	-1.7344973
1662978748371	9.442079	0.4334	-1.6304095
1662978748397	9.433703	0.43579283	-1.7368901
1662978748413	9.400204	0.2335993	-1.8649062
1662978748427	9.516255	0.12203395	-1.9402801
1662978748449	9.699606	0.025124637	-1.8924236
1662978748466	9.843175	-0.015553347	-1.9115661
1662978748496	10.074082	-0.08135597	-1.8385851
1662978748520	9.960423	-0.2440679	-1.7644076
1662978748532	9.886246	-0.3699902	-1.7488543
1662978748548	9.859925	-0.31944183	-1.6351951
1662978748563	9.865907	-0.13878371	-1.7273189
1662978748584	9.763016	0.13519448	-1.8613169
1662978748620	9.619446	0.42861435	-1.9486549
1662978748631	9.377472	0.6906284	-2.0934207
1662978748651	9.170493	0.7962117	-2.108974
1662978748661	9.165708	0.8177471	-2.0168505
1662978748685	9.333204	0.7719844	-2.0324037
1662978748700	9.560523	0.68823564	-1.9941186
1662978748718	9.792926	0.5267201	-1.8912272
1662978748748	9.870692	0.22851457	-1.8337995
1662978748762	9.902996	0.051445685	-1.7620147
1662978748777	9.968799	-0.021535404	-1.7524434
1662978748794	9.99153	0.10289137	-1.8481563
1662978748819	9.839586	0.28265217	-1.9701903
1662978748833	9.626625	0.5075775	-1.9857436
1662978748862	9.396614	0.69302124	-1.9354944
1662978748889	9.292527	0.75284183	-1.8517456
1662978748899	9.206385	0.80578303	-1.8050855
1662978748913	9.26142	0.77318084	-1.7751753
1662978748930	9.517452	0.6966105	-1.6866409
1662978748947	9.679267	0.55782676	-1.6603198
1662978748967	9.75823	0.41306102	-1.6710875
1662978748987	9.734302	0.23958136	-1.6121643
1662978749037	9.6529455	0.23838496	-1.5332011
1662978749056	9.656535	0.3364907	-1.4542379
1662978749069	9.642178	0.40947178	-1.4386846
1662978749077	9.61466	0.41545382	-1.3561323
1662978749083	9.658928	0.4429713	-1.244866
1662978749102	9.717552	0.42382872	-1.189831
1662978749128	9.64457	0.34965122	-1.189831
1662978749146	9.599107	0.3580261	-1.2233306
1662978749161	9.673285	0.4968098	-1.2329018
1662978749180	9.713963	0.64277196	-1.218545
1662978749199	9.813265	0.7612167	-1.1431711
1662978749222	9.8348	0.78035927	-1.204188
1662978749235	9.778569	0.65712893	-1.1335998
1662978749262	9.773783	0.48963133	-0.91196454
1662978749312	9.729516	0.29222345	-0.69302124
1662978749325	9.595518	0.09451649	-0.6200402
1662978749338	9.625428	0.14117654	-0.64995044
1662978749347	9.801301	0.5590232	-0.7181459
1662978749360	9.596714	0.6762715	-0.9179466
1662978749372	9.420543	0.6762715	-0.98973125
1662978749391	9.38465	0.73848486	-0.9945169
1662978749419	9.424132	0.57816577	-0.97537434
1662978749429	9.436096	0.25633112	-0.9299107
1662978749449	9.636196	0.13040884	-1.0666007
1662978749467	9.81805	0.02632105	-1.1539388
1662978749528	9.97478	0.010767702	-1.317847
1662978749539	10.296914	0.124426775	-1.5607185
1662978749552	10.20838	0.2635096	-1.6842481
1662978749557	9.864711	0.32213375	-1.4171492
1662978749564	9.565309	0.41904306	-1.238884
1662978749586	9.45165	0.44895336	-1.3405789
1662978749612	9.492328	0.4668995	-1.4410775
1662978749629	9.54497	0.37477586	-1.5044873
1662978749646	9.630214	0.22372891	-1.5224334
1662978749662	9.680463	0.059820566	-1.5032908
1662978749700	9.680463	-0.09810573	-1.4327025
1662978749714	9.676874	-0.16390835	-1.500898
1662978749723	9.661321	-0.1591227	-1.5738791
1662978749745	9.657731	-0.23928227	-1.5631114
1662978749763	9.643374	-0.34366915	-1.4697913
1662978749781	9.69482	-0.37477586	-1.4566308
1662978749797	9.735498	-0.317049	-1.588236
1662978749814	9.713963	-0.24047868	-1.7201403
1662978749849	9.698409	-0.20458634	-1.7297117
1662978749860	9.679267	-0.23330021	-1.6169499
1662978749876	9.699606	-0.22372891	-1.5451652
1662978749898	9.719945	-0.2656033	-1.4781662
1662978749934	9.70798	-0.39631125	-1.4291133
1662978749947	9.706784	-0.5087739	-1.4650056
1662978749960	9.696016	-0.58893347	-1.5738791
1662978749981	9.667302	-0.64037913	-1.6157535
1662978749994	9.642178	-0.68823564	-1.5810575
1662978750006	9.5557375	-0.77677006	-1.515255
1662978750039	9.367901	-0.7719844	-1.9247267
1662978750048	9.669696	-0.7289136	-1.4733806
1662978750090	9.712767	-0.7372885	-1.5858432
1662978750101	9.930513	-1.0067801	-1.3716856
1662978750111	9.865907	-0.9409775	-1.4482559
1662978750131	9.798908	-0.86530447	-1.7775681
1662978750148	9.761819	-0.7576275	-1.7153547
1662978750187	9.701999	-0.5829514	-1.7021942
1662978750203	9.631411	-0.48125646	-1.6866409
1662978750214	9.631411	-0.43818563	-1.6471593
1662978750239	9.67807	-0.4334	-1.6157535
1662978750254	9.739087	-0.453739	-1.5571294
1662978750282	9.784551	-0.48963133	-1.500898
1662978750289	9.749855	-0.51236314	-1.4769697
1662978750298	9.701999	-0.49800622	-1.5056837
1662978750339	9.656535	-0.4956134	-1.5367904
1662978750345	9.613464	-0.4860421	-1.5343975
1662978750353	9.627821	-0.4549354	-1.515255
1662978750381	9.679267	-0.43579283	-1.5140585
1662978750399	9.723534	-0.43818563	-1.4997016
1662978750423	9.712767	-0.47886363	-1.4709877
1662978750441	9.669696	-0.5027919	-1.4386846
1662978750453	9.658928	-0.4968098	-1.4578272
1662978750477	9.674481	-0.49322057	-1.5188441
1662978750513	9.657731	-0.4621139	-1.5308083
1662978750528	9.68166	-0.45852464	-1.4291133
1662978750536	9.69482	-0.44057846	-1.3860425
1662978750562	9.701999	-0.3819543	-1.4243277
1662978750575	9.693624	-0.32303107	-1.4913267
1662978750585	9.680463	-0.32422748	-1.5224334
1662978750625	9.698409	-0.34486556	-1.5020944
1662978750635	9.699606	-0.35563326	-1.4793626
1662978750665	9.684052	-0.3699902	-1.4506488
1662978750676	9.650553	-0.38793638	-1.4327025
1662978750687	9.662517	-0.37956148	-1.4063815
1662978750711	9.684052	-0.34606197	-1.4003994
1662978750726	9.703195	-0.30269206	-1.4027922
1662978750760	9.74148	-0.25962126	-1.4171492
1662978750773	9.749855	-0.24765715	-1.46022
1662978750795	9.687641	-0.22253251	-1.4817554
1662978750805	9.629018	-0.21774685	-1.46022
1662978750818	9.626625	-0.2213361	-1.41356
1662978750843	9.676874	-0.22731815	-1.4159528
1662978750864	9.746265	-0.23808585	-1.4255241
1662978750899	9.746265	-0.29790643	-1.378864
1662978750920	9.752248	-0.35084763	-1.326222
1662978750928	9.778569	-0.37477586	-1.3537394
1662978750945	9.77139	-0.37477586	-1.3669
1662978750956	9.69482	-0.40468612	-1.3513466
1662978750983	9.629018	-0.42502514	-1.3369896
1662978750994	9.638589	-0.35563326	-1.393221
1662978751009	9.735498	-0.2632105	-1.4291133
1662978751035	9.685248	-0.2440679	-1.4374882
1662978751050	9.64816	-0.20697916	-1.4386846
1662978751091	9.712767	-0.15433706	-1.4709877
1662978751101	9.737891	-0.1471586	-1.4422739
1662978751110	9.826426	-0.22971097	-1.1371889
1662978751129	9.266206	0.43818563	-1.6651055
