Timestamp 	 X 	 Y 	 Z 
1663926558544	9.486345	-1.1228321	-1.1551352
1663926558550	9.886246	-1.0247263	-0.46301118
1663926558636	9.97478	-0.99601245	-0.79830545
1663926558640	9.733106	-1.1204392	-1.6794624
1663926558644	9.4839525	-1.1826526	-2.2420747
1663926558647	9.416953	-1.041476	-2.129313
1663926558650	9.531809	-0.9529416	-1.6842481
1663926558654	9.6326065	-1.0606186	-1.4183456
1663926558704	9.6326065	-1.0606186	-1.4183456
1663926558712	9.657731	-1.0187442	-1.6890336
1663926558719	9.61825	-1.0402796	-1.6121643
1663926558836	9.5868435	-1.061815	-1.6399808
1663926558845	9.5868435	-1.0713863	-1.6399808
1663926558860	9.600304	-1.0546366	-1.6208383
1663926558870	9.624231	-1.082154	-1.6483557
1663926558878	9.655338	-1.0869397	-1.6842481
1663926558887	9.666106	-1.0450653	-1.6495521
1663926558896	9.657731	-1.0366904	-1.5607185
1663926558904	9.645767	-1.0666007	-1.5140585
1663926558912	9.621839	-1.090529	-1.6037893
1663926558918	9.620643	-1.1012967	-1.6591234
1663926559074	9.613464	-1.1096715	-1.6471593
1663926559085	9.615857	-1.0725827	-1.6220347
1663926559095	9.615857	-1.0582259	-1.6121643
1663926559103	9.596714	-1.0366904	-1.637588
1663926559110	9.577272	-1.0534402	-1.6722839
1663926559117	9.58804	-1.0546366	-1.6663018
1663926559125	9.620643	-1.0606186	-1.6157535
1663926559134	9.643374	-1.0893325	-1.5834504
1663926559143	9.64457	-1.1132607	-1.6109679
1663926559151	9.627821	-1.1144571	-1.637588
1663926559159	9.619446	-1.1240284	-1.6770695
1663926559255	9.595518	-1.1192428	-1.6543378
1663926559262	9.599107	-1.1192428	-1.6351951
1663926559273	9.58804	-1.1084751	-1.6447664
1663926559280	9.602696	-1.0845468	-1.6591234
1663926559291	9.599107	-1.0725827	-1.6746768
1663926559301	9.589237	-1.0929217	-1.6722839
1663926559307	9.5760765	-1.1335998	-1.6866409
1663926559317	9.595518	-1.1395818	-1.6878372
1663926559328	9.639785	-1.1144571	-1.6483557
1663926559383	9.663713	-1.090529	-1.6292131
1663926559393	9.672089	-1.061815	-1.6531414
1663926559404	9.650553	-1.0689936	-1.698605
1663926559414	9.608679	-1.0689936	-1.6938193
1663926559438	9.61825	-1.082154	-1.6603198
1663926559447	9.583255	-1.0869397	-1.6722839
1663926559494	9.585648	-1.1060823	-1.6698911
1663926559505	9.605089	-1.1120644	-1.6746768
1663926559517	9.605089	-1.1264212	-1.6615162
1663926559525	9.646963	-1.1072787	-1.6399808
1663926559534	9.675677	-1.1096715	-1.6184454
1663926559554	9.664909	-1.1407782	-1.6244274
1663926559562	9.590433	-1.1455638	-1.6770695
1663926559643	9.582058	-1.1036894	-1.7117655
1663926559649	9.627821	-1.1407782	-1.6686947
1663926559656	9.61466	-1.1647065	-1.631606
1663926559662	9.579665	-1.1539388	-1.6591234
1663926559709	9.542577	-1.1288141	-1.6423737
1663926559722	9.572487	-1.0941181	-1.6196418
1663926559732	9.602696	-1.0797613	-1.6196418
1663926559747	9.606286	-1.0881361	-1.6639091
1663926559838	9.5868435	-1.1120644	-1.6555341
1663926559850	9.554541	-1.1048858	-1.625624
1663926559860	9.564112	-1.0773684	-1.6411772
1663926559871	9.582058	-1.0378869	-1.6603198
1663926559881	9.627821	-1.0462617	-1.6483557
1663926559888	9.658928	-1.0797613	-1.6351951
1663926559894	9.676874	-1.102493	-1.614557
1663926559901	9.654142	-1.0953146	-1.6097715
1663926559907	9.605089	-1.1216356	-1.6447664
1663926559914	9.606286	-1.1132607	-1.6639091
1663926559928	9.6326065	-1.1036894	-1.6495521
1663926560022	9.654142	-1.1012967	-1.6387844
1663926560030	9.636196	-1.1216356	-1.6351951
1663926560038	9.584451	-1.1240284	-1.6109679
1663926560049	9.565309	-1.1001002	-1.623231
1663926560066	9.5665045	-1.11685	-1.6109679
1663926560073	9.639785	-1.1276177	-1.6244274
1663926560083	9.699606	-1.1276177	-1.6351951
1663926560094	9.686445	-1.1288141	-1.6268203
1663926560104	9.661321	-1.1012967	-1.6184454
1663926560111	9.672089	-1.0737791	-1.6268203
1663926560136	9.661321	-1.0450653	-1.6902301
1663926560204	9.620643	-1.0390832	-1.7117655
1663926560213	9.61825	-1.0474582	-1.7009978
1663926560282	9.620643	-1.0953146	-1.6974086
1663926560290	9.617053	-1.1108679	-1.6818552
1663926560298	9.600304	-1.0941181	-1.6758732
1663926560305	9.606286	-1.0881361	-1.7117655
1663926560311	9.603892	-1.0522437	-1.751247
1663926560320	9.594321	-1.0331012	-1.7608184
1663926560327	9.570094	-1.0331012	-1.7536399
1663926560384	9.570094	-1.015155	-1.7321045
1663926560393	9.599107	-1.0462617	-1.7476579
1663926560400	9.609875	-1.0570294	-1.7644076
1663926560407	9.605089	-1.076172	-1.7739788
1663926560465	9.582058	-1.1001002	-1.7333009
1663926560472	9.561719	-1.0677971	-1.7416757
1663926560482	9.565309	-1.0546366	-1.7668004
1663926560493	9.571291	-1.0725827	-1.7811574
1663926560504	9.58804	-1.0713863	-1.7907287
1663926560515	9.620643	-1.0570294	-1.7584256
1663926560526	9.536594	-1.0235299	-1.7404794
1663926560620	9.521041	-0.98644114	-1.8074784
1663926560629	9.608679	-1.0067801	-1.8182461
1663926560639	9.685248	-1.0474582	-1.7536399
1663926560649	9.682856	-1.0342976	-1.7273189
1663926560659	9.621839	-1.0534402	-1.7177476
1663926560668	9.595518	-1.0307083	-1.745265
1663926560679	9.580862	-0.9816555	-1.7883358
1663926560690	9.549755	-1.0019945	-1.8278174
1663926560710	9.570094	-1.0103694	-1.8122641
1663926560719	9.594321	-1.0247263	-1.7548363
1663926560771	9.625428	-1.055833	-1.7620147
1663926560777	9.650553	-1.049851	-1.7679968
1663926560835	9.646963	-1.0247263	-1.8050855
1663926560847	9.597911	-1.0271192	-1.8074784
1663926560855	9.537791	-1.0223335	-1.7991035
1663926560861	9.527023	-1.0247263	-1.7943178
1663926560891	9.543773	-1.0402796	-1.7943178
1663926560898	9.560523	-1.0797613	-1.7691933
1663926560906	9.58804	-1.0677971	-1.7763717
1663926560916	9.626625	-1.076172	-1.7644076
1663926560925	9.64457	-1.0677971	-1.745265
1663926560984	9.617053	-1.0486546	-1.7404794
1663926560993	9.577272	-1.0271192	-1.7823538
1663926561069	9.573684	-1.0211371	-1.7955143
1663926561076	9.58804	-1.0019945	-1.7907287
1663926561083	9.6015	-0.99960166	-1.7751753
1663926561090	9.620643	-1.0187442	-1.7536399
1663926561105	9.608679	-1.0319048	-1.7679968
1663926561114	9.59163	-1.0642079	-1.7632111
1663926561121	9.593125	-1.076172	-1.7608184
1663926561138	9.611072	-1.0630114	-1.7775681
1663926561176	9.624231	-1.0713863	-1.739283
1663926561183	9.6326065	-1.0677971	-1.7476579
1663926561304	9.623035	-1.0319048	-1.730908
1663926561313	9.625428	-1.0307083	-1.7069799
1663926561323	9.6122675	-1.0007981	-1.7297117
1663926561334	9.625428	-1.0223335	-1.7763717
1663926561345	9.620643	-1.0127622	-1.8098712
1663926561355	9.613464	-1.0319048	-1.7668004
1663926561366	9.625428	-1.0546366	-1.7177476
1663926561374	9.61825	-1.055833	-1.7033906
1663926561384	9.593125	-1.0677971	-1.7117655
1663926561393	9.594023	-1.0630114	-1.745265
1663926561403	9.582058	-1.0462617	-1.7500507
1663926561411	9.5868435	-1.0474582	-1.7524434
1663926561496	9.595518	-1.0546366	-1.7380866
1663926561507	9.6015	-1.0522437	-1.7057835
1663926561517	9.639785	-1.055833	-1.7440686
1663926561528	9.667302	-1.0474582	-1.7404794
1663926561535	9.626625	-1.0689936	-1.6746768
1663926561542	9.5665045	-1.0295119	-1.7009978
1663926561553	9.584451	-1.0031909	-1.7979071
1663926561563	9.597911	-1.0247263	-1.7787645
1663926561571	9.623035	-1.0881361	-1.7069799
1663926561640	9.621839	-1.0833504	-1.6890336
1663926561652	9.589237	-1.1096715	-1.6710875
1663926561662	9.637392	-1.0677971	-1.6519449
1663926561672	9.673285	-1.0235299	-1.6782659
1663926561680	9.6326065	-1.0163515	-1.7177476
1663926561689	9.599107	-1.055833	-1.7464614
1663926561712	9.589237	-1.0773684	-1.7488543
1663926561723	9.577272	-1.1144571	-1.7081763
1663926561837	9.580862	-1.0725827	-1.6866409
1663926561848	9.593125	-1.0797613	-1.7033906
1663926561858	9.582058	-1.0642079	-1.7715861
1663926561866	9.5557375	-1.076172	-1.751247
1663926561876	9.5665045	-1.0857433	-1.6974086
1663926561886	9.606286	-1.0606186	-1.6770695
1663926561894	9.642178	-1.049851	-1.6950158
1663926561903	9.623035	-1.0462617	-1.724926
1663926561913	9.620643	-1.0319048	-1.724926
1663926561924	9.615857	-1.0534402	-1.6878372
1663926561932	9.600304	-1.0450653	-1.6519449
1663926562112	9.585648	-1.049851	-1.6806588
1663926562122	9.594321	-1.0342976	-1.7356937
1663926562132	9.6015	-1.0594223	-1.7261224
1663926562141	9.639785	-1.0689936	-1.6854445
1663926562151	9.657731	-1.0845468	-1.6615162
1663926562162	9.630214	-1.0773684	-1.6627127
1663926562172	9.609875	-1.0689936	-1.6806588
1663926562183	9.589237	-1.0486546	-1.7428722
1663926562192	9.596714	-1.0390832	-1.7584256
1663926562204	9.599107	-1.0666007	-1.7105691
1663926562214	9.626625	-1.0713863	-1.6878372
1663926562223	9.636196	-1.0450653	-1.6854445
1663926562292	9.649357	-1.0378869	-1.6902301
1663926562301	9.61825	-1.0510473	-1.7129619
1663926562311	9.605089	-1.0713863	-1.7237296
1663926562319	9.583255	-1.096511	-1.7153547
1663926562330	9.584451	-1.0642079	-1.6974086
1663926562337	9.619446	-1.0534402	-1.7105691
1663926562348	9.639785	-1.0402796	-1.7297117
1663926562357	9.625428	-1.0199406	-1.7273189
1663926562387	9.627821	-1.0319048	-1.7021942
1663926562397	9.6122675	-1.0139586	-1.7261224
1663926562406	9.611072	-1.0342976	-1.7285153
1663926562415	9.579665	-1.0307083	-1.730908
1663926562498	9.57488	-1.0307083	-1.7356937
1663926562503	9.583255	-1.041476	-1.7081763
1663926562508	9.64457	-1.0307083	-1.6698911
1663926562513	9.638589	-1.0211371	-1.6926229
1663926562519	9.603892	-1.0067801	-1.759622
1663926562527	9.615857	-0.9876375	-1.7428722
1663926562534	9.609875	-1.0534402	-1.6962122
1663926562641	9.606286	-1.0546366	-1.6830516
1663926562654	9.5557375	-1.0666007	-1.698605
1663926562664	9.589237	-1.0342976	-1.6854445
1663926562673	9.64457	-0.9804591	-1.6914265
1663926562683	9.656535	-0.9840483	-1.7285153
1663926562693	9.617053	-0.9912268	-1.7464614
1663926562731	9.6015	-1.0079765	-1.6962122
1663926562742	9.608679	-1.015155	-1.6495521
1663926562753	9.602696	-1.0235299	-1.6471593
1663926562762	9.589237	-1.0737791	-1.6710875
1663926562837	9.61825	-1.061815	-1.718944
1663926562849	9.634999	-1.0450653	-1.7356937
1663926562858	9.589237	-1.0462617	-1.7141583
1663926562868	9.560523	-1.049851	-1.7105691
1663926562878	9.55813	-1.0474582	-1.6830516
1663926562889	9.615857	-1.0259227	-1.6866409
1663926562898	9.657731	-1.0127622	-1.7141583
1663926562908	9.655338	-1.0390832	-1.718944
1663926562920	9.643374	-1.0366904	-1.7021942
1663926562929	9.620643	-1.0366904	-1.6854445
1663926563065	9.61825	-1.0486546	-1.7105691
1663926563077	9.663713	-1.0606186	-1.7093726
1663926563088	9.680463	-1.0546366	-1.718944
1663926563097	9.629018	-1.0737791	-1.7069799
1663926563106	9.589237	-1.0833504	-1.6938193
1663926563116	9.547362	-1.0893325	-1.7105691
1663926563127	9.540184	-1.1060823	-1.7117655
1663926563137	9.564112	-1.1001002	-1.7285153
1663926563148	9.596714	-1.0797613	-1.7368901
1663926563158	9.636196	-1.0809577	-1.6890336
1663926563167	9.65175	-1.0725827	-1.7273189
1663926563177	9.654142	-1.0390832	-1.7955143
1663926563247	9.617053	-1.0211371	-1.7991035
1663926563258	9.589237	-0.96490574	-1.7620147
1663926563269	9.556933	-0.9625129	-1.7572291
1663926563277	9.5557375	-0.99720883	-1.7823538
1663926563305	9.573684	-1.0187442	-1.8086748
1663926563317	9.617053	-1.0271192	-1.765604
1663926563326	9.634999	-0.99960166	-1.7177476
1663926563336	9.624231	-1.0079765	-1.724926
1663926563346	9.608679	-1.0235299	-1.759622
1663926563389	9.611072	-1.0139586	-1.7907287
1663926563400	9.608679	-1.0163515	-1.7584256
1663926563409	9.596714	-1.0462617	-1.745265
1663926563420	9.6015	-1.0713863	-1.724926
1663926563508	9.611072	-1.0785648	-1.7285153
1663926563516	9.6015	-1.0402796	-1.7273189
1663926563524	9.540184	-1.0055838	-1.7321045
1663926563532	9.595518	-0.9876375	-1.7895322
1663926563540	9.693624	-1.0259227	-1.7691933
1663926563548	9.696016	-1.049851	-1.7177476
1663926563636	9.646963	-1.0630114	-1.7237296
1663926563642	9.629018	-1.0474582	-1.7536399
1663926563647	9.579665	-1.0163515	-1.7380866
1663926563652	9.523434	-1.0055838	-1.7811574
1663926563658	9.5665045	-0.9732806	-1.8625133
1663926563663	9.619446	-0.96849495	-1.8684953
1663926563667	9.636196	-0.99003035	-1.7943178
1663926563704	9.6122675	-0.99720883	-1.7620147
1663926563708	9.573684	-1.0187442	-1.7847466
1663926563712	9.5353985	-1.0223335	-1.8385851
1663926563715	9.529416	-1.0127622	-1.8625133
1663926563823	9.533006	-0.9816555	-1.867299
1663926563832	9.548559	-0.97806627	-1.8720846
1663926563841	9.5665045	-0.9924232	-1.8517456
1663926563848	9.578469	-1.0187442	-1.8409779
1663926563854	9.573684	-1.0402796	-1.8457636
1663926563859	9.579665	-1.0103694	-1.8505492
1663926563888	9.570094	-0.98644114	-1.8493528
1663926563895	9.568898	-0.9828519	-1.8768703
1663926563902	9.577272	-0.9768698	-1.8852451
1663926563909	9.584451	-0.99003035	-1.8744774
1663926564054	9.571291	-0.99601245	-1.8409779
1663926564063	9.57488	-1.0223335	-1.8613169
1663926564069	9.599107	-1.0199406	-1.879263
1663926564075	9.6122675	-1.0031909	-1.8649062
1663926564082	9.577272	-0.994816	-1.8696918
1663926564088	9.577272	-0.98883396	-1.8744774
1663926564104	9.564112	-0.99720883	-1.8840487
1663926564111	9.5665045	-0.9912268	-1.8780667
1663926564118	9.593125	-1.0307083	-1.887638
1663926564124	9.595518	-1.0331012	-1.8924236
1663926564130	9.593125	-1.0271192	-1.8517456
1663926564137	9.577272	-1.0127622	-1.8601205
1663926564208	9.583255	-0.96729857	-1.8780667
1663926564216	9.580862	-0.94337034	-1.913959
1663926564304	9.5760765	-0.9840483	-1.907977
1663926564311	9.600304	-1.0091729	-1.8649062
1663926564319	9.6122675	-1.0127622	-1.887638
1663926564327	9.58804	-1.0295119	-1.899602
1663926564333	9.546165	-1.0283155	-1.9115661
1663926564339	9.538987	-1.0139586	-1.9211375
1663926564347	9.5353985	-0.99960166	-1.8948164
1663926564395	9.543773	-1.0175478	-1.8984057
1663926564401	9.559326	-1.0043873	-1.9247267
1663926564408	9.585648	-1.0103694	-1.913959
1663926564415	9.630214	-1.0546366	-1.8768703
1663926564505	9.61466	-1.049851	-1.8565313
1663926564514	9.538987	-1.0055838	-1.8984057
1663926564520	9.531809	-0.9816555	-1.9235303
1663926564526	9.5665045	-1.0199406	-1.8684953
1663926564532	9.619446	-1.0450653	-1.8290138
1663926564538	9.626625	-1.0737791	-1.8397815
1663926564553	9.599107	-1.1084751	-1.8242282
1663926564564	9.59163	-1.082154	-1.7847466
1663926564638	9.580862	-1.0474582	-1.8254246
1663926564648	9.564112	-1.055833	-1.8768703
1663926564655	9.565309	-1.0689936	-1.879263
1663926564664	9.607482	-1.0594223	-1.8577276
1663926564715	9.629018	-1.0283155	-1.8601205
1663926564722	9.630214	-0.97926265	-1.867299
1663926564729	9.621839	-0.97926265	-1.873281
1663926564735	9.596714	-1.0115658	-1.873281
1663926564740	9.578469	-1.0055838	-1.8768703
1663926564785	9.560523	-1.0342976	-1.9103698
1663926564794	9.580862	-1.0630114	-1.9043877
1663926564836	9.669696	-1.0713863	-1.84696
1663926564845	9.716355	-1.061815	-1.8326031
1663926564853	9.7043915	-1.055833	-1.8481563
1663926564862	9.623035	-1.0989038	-1.8816559
1663926564892	9.584451	-1.1036894	-1.8708882
1663926564899	9.6529455	-1.1264212	-1.8074784
1663926564906	9.71157	-1.1515459	-1.7943178
1663926564913	9.605089	-1.2544373	-1.8625133
1663926564986	9.425328	-1.3848461	-1.9534405
1663926564994	9.401401	-1.3800604	-1.9438694
1663926565107	9.492328	-1.358525	-1.9618155
1663926565116	9.631411	-1.4533406	-2.0455642
1663926565123	9.552148	-1.6244274	-2.0515463
1663926565129	9.239884	-1.6663018	-2.164009
1663926565136	9.067601	-1.5813566	-2.1798615
1663926565143	9.065208	-1.5191432	-2.0407786
1663926565151	9.108279	-1.2939188	-1.9163518
1663926565157	9.236296	-0.9661021	-1.9271195
1663926565164	9.336794	-0.6762715	-2.0611176
1663926565170	9.383454	-0.602094	-2.1723838
1663926565305	9.373882	-0.6619146	-2.082653
1663926565315	9.381062	-0.74566334	-1.8349959
1663926565321	9.433703	-0.8461619	-1.5571294
1663926565327	9.530613	-0.9170493	-1.4925231
1663926565335	9.656535	-0.9708878	-1.5702899
1663926565341	9.789336	-1.1120644	-1.4231312
1663926565350	9.992726	-1.4303098	-1.0630114
1663926565358	10.3136635	-1.7117655	-0.6966105
1663926565365	10.527822	-1.7943178	-0.5733801
1663926565388	10.343575	-1.7608184	-0.7923234
1663926565395	9.820443	-1.84696	-1.0459626
1663926565401	9.35833	-2.0781665	-1.2580265
1663926565408	9.280562	-2.2420747	-1.4793626
1663926565504	9.59163	-2.3102703	-1.7021942
1663926565514	9.996316	-2.3186452	-1.6818552
1663926565521	10.386645	-2.2277179	-1.4015958
1663926565529	10.488339	-1.8984057	-1.1946167
1663926565537	10.366306	-1.4772689	-1.0160524
1663926565543	10.022636	-1.2903296	-0.90119684
1663926565640	9.626625	-1.3956138	-1.1324034
1663926565648	9.272188	-1.5011971	-1.5475581
1663926565656	8.995518	-1.6160526	-1.8421743
1663926565663	8.896215	-1.7931215	-1.9534405
1663926565670	9.073584	-1.7297117	-1.8014964
1663926565676	9.364311	-1.3082758	-1.5930216
1663926565683	9.51147	-0.82701933	-1.698605
1663926565704	9.547362	-0.53988063	-2.015654
1663926565712	9.55813	-0.4764708	-2.2731814
1663926565719	9.292527	-0.622433	-2.5040889
1663926565726	8.920144	-0.92303133	-2.8142586
1663926565836	8.822038	-1.049851	-2.9602208
1663926565844	9.096315	-0.81864446	-2.9075787
1663926565852	9.500702	-0.46331027	-2.6608188
1663926565859	9.730712	-0.23330021	-2.2971098
1663926565867	9.64816	-0.22013968	-1.9977078
1663926565874	9.237492	-0.32303107	-1.9654047
1663926565889	8.799306	-0.38554356	-2.271985
1663926565897	8.607881	-0.4872385	-2.748456
1663926565905	8.939286	-0.5171488	-2.996113
1663926565912	9.785748	-0.541077	-2.71705
1663926565951	10.700105	-0.43100718	-2.2731814
1663926565960	11.294123	-0.05383851	-1.6782659
1663926565994	10.924132	0.27786654	-1.41356
1663926566001	9.861121	0.35084763	-1.9486549
1663926566106	8.988339	0.27667013	-2.7326035
1663926566114	8.489435	0.11246266	-3.4199417
1663926566123	8.482257	0.10289137	-3.6448672
1663926566130	8.928518	0.3819543	-3.354139
1663926566138	9.445667	0.75523466	-2.7230322
1663926566144	9.767801	0.8213364	-2.2863421
1663926566152	9.852746	0.5590232	-2.1520448
1663926566160	9.746265	-0.02751746	-2.1978076
1663926566216	9.737891	-0.62123656	-2.359323
1663926566225	9.924531	-1.1264212	-2.3784657
1663926566232	10.129117	-1.3190435	-2.477768
1663926566238	10.2107725	-1.2520444	-2.5591238
1663926566306	10.316056	-0.7743772	-2.3904297
1663926566315	10.293324	-0.16390835	-2.1149561
1663926566322	10.161719	0.29940194	-1.8828523
1663926566329	9.874282	0.39870408	-1.8409779
1663926566337	9.5557375	0.13040884	-1.9929222
1663926566388	9.345169	-0.5673981	-2.3844478
1663926566396	9.4432745	-1.326222	-2.9207392
1663926566404	9.426525	-1.611267	-4.2218366
1663926566412	8.979964	-1.3645071	-5.7338014
1663926566499	8.437691	-0.7073782	-5.473881
1663926566507	8.442476	0.08255238	-4.199105
1663926566516	8.838788	0.50039905	-2.9374888
1663926566523	8.839984	0.2515455	-2.021636
1663926566530	8.544471	-0.39750767	-2.3509483
1663926566536	8.418549	-1.1312069	-3.2736804
1663926566549	8.412566	-1.954637	-3.9406798
1663926566555	8.644969	-2.5220351	-3.8602211
1663926566640	9.224331	-2.4323041	-3.3290145
1663926566649	9.845568	-1.6328024	-2.929114
1663926566656	9.973584	-0.7683952	-2.6823542
1663926566663	9.690035	-0.42981076	-2.638087
1663926566671	9.285348	-0.6858428	-2.815455
1663926566707	9.006286	-1.1910275	-2.8800611
1663926566714	8.851949	-1.5179468	-2.9004002
1663926566721	8.878269	-1.5681962	-2.76042
1663926566728	9.073584	-1.50359	-2.5519454
1663926566836	9.269794	-1.3573287	-2.3653052
1663926566846	9.32483	-1.2675978	-2.3605196
1663926566853	9.366704	-1.1252248	-2.3904297
1663926566860	9.461221	-1.0331012	-2.3581266
1663926566867	9.5665045	-1.055833	-2.1592233
1663926566874	9.675677	-1.2580265	-1.9115661
1663926566900	9.784551	-1.4581263	-1.8625133
1663926566909	9.728319	-1.5406786	-1.8589242
1663926566917	9.61825	-1.6088741	-1.6782659
1663926566924	9.499506	-1.8242282	-1.3908281
1663926566995	9.396614	-2.065006	-1.3010973
1663926567003	9.359526	-2.1188445	-1.4171492
1663926567009	9.509077	-1.8924236	-1.5870396
1663926567016	10.022636	-1.8026928	-1.8565313
1663926567095	10.854741	-1.9031913	-2.347359
1663926567102	11.389835	-1.3597214	-2.868097
1663926567109	11.285748	-0.6762715	-2.2408783
1663926567116	10.732707	-1.1276177	-2.001297
1663926567124	10.20479	-1.189831	-2.4035904
1663926567130	9.548559	-0.76600236	-2.4143581
1663926567138	9.092726	-0.3376871	-2.4035904
1663926567145	8.642576	-0.0634098	-2.3988047
1663926567217	8.197212	-0.05503492	-2.2983062
1663926567227	7.9220376	-0.2428715	-2.3018954
1663926567234	7.9013996	-0.6451648	-2.2576282
1663926567242	8.447262	-0.93978107	-2.3150558
1663926567288	9.3308115	-1.1934203	-2.2971098
1663926567296	10.039387	-1.3070793	-2.0551355
1663926567304	10.287343	-1.1395818	-1.974976
1663926567310	10.229915	-0.72771716	-2.0575283
1663926567317	10.00469	-0.35563326	-2.4382863
1663926567391	9.716355	-0.1698904	-2.6464617
1663926567401	9.337991	-0.2548356	-2.3988047
1663926567409	9.19801	-0.31944183	-2.137688
1663926567415	9.2590275	-0.392722	-1.9713868
1663926567436	9.379865	-0.5183452	-1.9127626
1663926567444	9.45165	-0.6547361	-1.7093726
1663926567507	9.403793	-0.68105716	-1.4578272
1663926567521	9.342776	-0.5063811	-1.4039887
1663926567532	9.269794	-0.36281174	-1.5535401
1663926567542	9.247063	-0.4322036	-1.6483557
1663926567552	9.454042	-0.6619146	-1.4985052
1663926567559	9.790533	-0.91465646	-1.2257234
1663926567642	9.899406	-0.9098708	-0.9382856
1663926567653	9.812068	-0.817448	-0.9514461
1663926567662	9.792926	-0.69182485	-1.1001002
1663926567671	9.8682995	-0.45852464	-1.0917253
1663926567678	9.97478	-0.22851457	-1.0630114
1663926567704	9.850353	-0.22612174	-1.0929217
1663926567716	9.71157	-0.1902294	-1.4997016
1663926567726	9.869496	0.21296121	-2.6739793
1663926567734	10.207183	0.32093734	-3.6281173
1663926567773	10.306485	-0.13758731	-2.9937203
1663926567784	10.11476	-0.7791629	-1.3453646
1663926567838	9.690035	-1.3154542	-0.63200426
1663926567848	9.105886	-1.4641083	-1.8589242
1663926567856	8.908179	-1.2556337	-2.9578278
1663926567866	9.408579	-0.7372885	-2.8453653
1663926567891	10.0011015	-0.4106682	-1.8194425
1663926567902	10.142278	-0.54705906	-1.0076774
1663926567911	9.900602	-0.8042875	-1.0642079
1663926567919	9.522238	-1.0271192	-1.7021942
1663926567995	9.152547	-1.3597214	-2.2875385
1663926568006	8.988339	-1.6806588	-2.5543382
1663926568014	8.901001	-1.6914265	-2.6679974
1663926568022	9.066405	-1.352543	-2.5220351
1663926568058	9.46481	-1.0893325	-2.254039
1663926568067	9.917353	-0.9409775	-2.225325
1663926568106	10.176077	-0.9828519	-2.1149561
1663926568118	10.022636	-1.0486546	-2.1798615
1663926568130	9.691231	-1.0139586	-2.3844478
1663926568138	9.372686	-0.9349955	-2.6333013
1663926568145	8.985947	-0.97806627	-3.0786655
1663926568153	8.805288	-1.1958131	-3.464209
1663926568216	8.917751	-1.3669	-3.6436708
1663926568227	9.099904	-1.3393825	-3.391228
1663926568236	9.141779	-1.2376875	-2.882454
1663926568243	9.032906	-1.1575279	-2.5878377
1663926568304	8.964411	-1.0199406	-2.6105695
1663926568316	8.940483	-0.89431745	-2.7556343
1663926568324	9.055637	-0.82941216	-2.8058836
1663926568331	9.270991	-0.84855473	-2.6428726
1663926568338	9.497113	-0.9098708	-2.3102703
1663926568387	9.615857	-1.0785648	-2.030011
1663926568393	9.590433	-1.3956138	-2.111367
1663926568401	9.438489	-1.6471593	-2.3174486
1663926568407	9.329616	-1.6866409	-2.4335005
1663926568436	9.533006	-1.4557334	-2.382055
1663926568443	9.91496	-1.2568301	-2.2025933
1663926568507	10.214361	-1.2855439	-1.8589242
1663926568519	10.162916	-1.6052849	-1.724926
1663926568528	9.913763	-1.8816559	-1.8972093
1663926568536	9.832407	-1.7153547	-1.9115661
1663926568548	9.918549	-1.2376875	-1.7333009
1663926568557	9.84796	-0.78634137	-1.6304095
1663926568641	9.611072	-0.82701933	-2.0288146
1663926568653	9.38465	-1.7907287	-3.4390843
1663926568662	9.353543	-2.2504497	-4.7306104
1663926568671	9.201599	-1.6902301	-4.2505503
1663926568677	9.549755	-1.0833504	-2.4921248
1663926568704	10.016655	-0.99720883	-1.244866
1663926568713	10.058529	-0.9553344	-1.5798612
1663926568722	9.845568	-0.33409786	-2.8202405
1663926568730	9.11785	-0.05503492	-3.760919
1663926568828	8.283354	-0.034695927	-4.0040894
1663926568841	7.5843506	-0.0011964113	-3.7417765
1663926568846	7.283752	-0.15314065	-3.158825
1663926568855	7.7614193	-0.29072794	-2.705086
1663926568862	9.027821	-0.32542387	-2.4969103
1663926568868	10.165309	-0.44895336	-2.5746772
1663926568887	10.560124	-0.6260222	-2.6285157
1663926568892	10.328021	-0.5937191	-2.8262227
1663926568903	10.090832	-0.35204405	-3.012863
1663926568910	9.946067	-0.09451649	-2.9111679
1663926568985	9.685248	0.07537391	-2.6201408
1663926568991	9.302098	0.06819545	-2.565106
1663926568996	8.901001	-0.1052842	-2.7915268
1663926569002	8.660522	-0.3376871	-2.9506495
1663926569101	8.668898	-0.50398827	-2.9135606
1663926569108	9.017053	-0.49800622	-2.4861426
1663926569114	9.583255	-0.28594232	-2.0383859
1663926569119	9.969995	-0.049052864	-1.913959
1663926569125	9.955638	0.038285162	-2.2169502
1663926569130	9.6326065	-0.10887343	-2.4861426
1663926569135	9.355937	-0.42741793	-2.428715
1663926569178	9.314062	-0.72053874	-2.1771696
1663926569209	9.347562	-0.8150552	-1.9247267
1663926569215	9.407382	-0.57577294	-1.7344973
1663926569303	9.643374	-0.13878371	-1.4853446
1663926569309	9.904192	0.13399807	-1.2879368
1663926569316	10.143475	0.24556342	-1.3142579
1663926569321	10.322039	0.3173481	-1.6292131
1663926569326	10.859527	0.474078	-2.4215364
1663926569331	11.156237	0.12921242	-3.502494
1663926569387	10.639088	-1.0199406	-3.8602211
1663926569393	10.37827	-1.6842481	-3.1755748
1663926569506	10.173684	-1.2053844	-1.9618155
1663926569517	9.590433	-0.84017986	-1.4853446
1663926569521	9.046066	-0.9601201	-1.6950158
1663926569526	8.71795	-1.2556337	-1.9115661
1663926569531	8.770593	-1.2329018	-2.1197417
1663926569536	8.896215	-1.1228321	-2.0694926
1663926569539	8.793324	-1.3836497	-1.8074784
1663926569543	8.613862	-1.8565313	-2.1747768
1663926569546	8.719147	-2.0207388	-3.0320053
1663926569586	9.183653	-1.5634105	-3.309872
1663926569599	9.740284	-0.8665009	-2.80708
1663926569611	10.211968	-0.32422748	-2.1245275
1663926569621	10.162916	-0.35324043	-1.7608184
1663926569648	9.385847	-1.0606186	-2.0276182
1663926569658	8.634201	-1.8038892	-2.2851455
1663926569706	8.282157	-2.2372892	-2.292324
1663926569716	8.477471	-2.2360928	-2.068296
1663926569724	8.934501	-1.8385851	-1.8254246
1663926569734	9.346365	-1.3740784	-1.7416757
1663926569792	9.693624	-0.9613165	-1.724926
1663926569801	9.906585	-0.6906284	-1.5511472
1663926569811	9.865907	-0.6523433	-1.3345969
1663926569821	9.733106	-0.8892327	-1.2340983
1663926569837	9.664909	-1.1491531	-1.3238292
1663926569846	9.716355	-1.2807583	-1.4386846
1663926569889	9.822836	-1.3513466	-1.4267205
1663926569900	9.85155	-1.5131612	-1.2675978
1663926569911	9.723534	-1.7057835	-1.1347961
1663926569919	9.5557375	-1.739283	-1.0797613
1663926569983	9.58804	-1.6280167	-0.9406784
1663926569995	9.857532	-1.3645071	-0.7755736
1663926570105	9.989138	-1.102493	-0.73130643
1663926570115	9.856336	-1.346561	-1.2376875
1663926570123	9.935299	-1.7261224	-2.0240288
1663926570132	9.969995	-1.7093726	-2.5698915
1663926570139	9.699606	-1.6567305	-1.9366908
1663926570148	9.505488	-2.0231316	-1.1491531
1663926570156	9.701999	-1.8254246	-1.0917253
1663926570163	9.7654085	-1.1742777	-1.4673985
1663926570170	9.629018	-0.878465	-1.8014964
1663926570176	9.438489	-0.8030911	-1.8972093
1663926570213	9.215957	-0.82701933	-1.7632111
1663926570223	9.062816	-0.8282157	-1.5224334
1663926570307	9.132208	-0.71694946	-1.5116657
1663926570318	9.345169	-0.5374878	-1.7823538
1663926570330	9.47797	-0.3915256	-2.0479572
1663926570341	9.390633	-0.3364907	-2.239682
1663926570352	9.372686	-0.24047868	-2.3282163
1663926570364	9.2997055	-0.20817557	-2.4717858
1663926570377	9.286545	-0.36520454	-2.7532415
1663926570397	10.416555	-0.89431745	-2.7122645
1663926570404	11.44846	-1.0833504	-1.9845473
1663926570505	11.904592	-0.84855473	-1.0363913
1663926570516	11.105988	-0.73848486	-0.9023932
1663926570525	9.201599	-0.4022933	-1.5595222
1663926570535	8.205587	0.031106694	-2.774777
1663926570544	7.770991	0.038285162	-4.317549
1663926570552	8.033304	0.08135597	-4.9399824
1663926570564	8.940483	0.2431706	-4.1775694
1663926570573	9.675677	0.37477586	-2.888436
1663926570582	9.901799	0.26590243	-2.239682
1663926570592	9.523434	-0.1052842	-1.9869401
1663926570628	9.012267	-0.50398827	-2.2636101
1663926570638	8.790932	-0.8605189	-2.786741
1663926570647	8.841181	-0.89312106	-3.1564322
1663926570656	9.140582	-0.65952176	-3.0056844
1663926570704	9.402596	-0.41784665	-2.5806592
1663926570713	9.585648	-0.30388847	-2.2624137
1663926570722	9.67807	-0.33290145	-2.1858435
1663926570734	9.706784	-0.48245287	-2.0312073
1663926570773	9.810872	-0.65952176	-1.8601205
1663926570784	9.780962	-0.7480562	-1.8014964
1663926570828	9.749855	-0.6942177	-1.8146569
1663926570836	9.835997	-0.4884349	-1.7632111
1663926570845	9.968799	-0.34127632	-1.3920245
1663926570854	10.088439	-0.34606197	-0.9287143
1663926570892	10.2682	-0.2321038	-0.8952148
1663926570903	10.79851	0.30418757	-2.3258235
1663926570914	11.645867	0.7408777	-4.7676992
1663926570923	11.077273	-0.12801601	-5.6799626
1663926570932	9.54138	-1.6603198	-4.4889355
1663926570996	8.560024	-2.2061825	-2.7903304
1663926571006	7.98784	-1.4219348	-1.6013966
1663926571015	7.947162	-0.40947178	-2.0647068
1663926571021	7.9148593	-0.15792629	-3.399603
1663926571098	7.605886	-0.60807604	-4.364209
1663926571108	7.2993054	-1.230509	-4.664808
1663926571116	7.5999036	-1.6974086	-4.051946
1663926571126	8.581559	-1.8361923	-2.9039893
1663926571137	9.630214	-1.6794624	-2.0982063
1663926571148	10.278968	-1.3645071	-2.0778673
1663926571157	10.550553	-1.0283155	-2.3461626
1663926571214	10.280165	-0.98644114	-2.4514468
1663926571224	9.7450695	-1.2687942	-2.6596224
1663926571232	9.342776	-1.6710875	-2.888436
1663926571283	9.102298	-1.8708882	-2.9338996
1663926571293	9.032906	-1.7703897	-2.7520452
1663926571301	9.103494	-1.5083755	-2.388037
1663926571308	9.241081	-1.3393825	-2.0922244
1663926571318	9.363115	-1.3130615	-1.9295124
1663926571326	9.395418	-1.3166506	-1.8768703
1663926571387	9.436096	-1.2484552	-1.9043877
1663926571398	9.521041	-1.1515459	-1.9199411
1663926571408	9.650553	-1.0115658	-1.9630119
1663926571417	9.757033	-0.9098708	-1.9618155
1663926571424	9.773783	-0.83778703	-1.8014964
1663926571444	9.75823	-0.9601201	-1.5846468
1663926571494	9.685248	-1.2436695	-1.378864
1663926571504	9.523434	-1.7033906	-1.238884
1663926571514	9.415757	-1.9103698	-1.3142579
1663926571523	9.403793	-1.6830516	-1.4434702
1663926571532	9.603892	-1.4820545	-1.7464614
1663926571546	10.026226	-1.954637	-2.1340988
1663926571550	10.655837	-2.1978076	-2.5316064
1663926571618	10.981561	-1.582553	-2.7086751
1663926571629	10.787742	-1.4617156	-1.5906289
1663926571639	10.678569	-1.3812568	-1.8230318
1663926571649	10.36152	-0.48245287	-2.4466612
1663926571708	9.930513	0.019142581	-2.6153553
1663926571716	9.452846	0.083748795	-2.6488547
1663926571722	8.958429	-0.11485548	-2.3688943
1663926571731	8.514561	-0.48006004	-2.009672
1663926571773	7.9519477	-0.927817	-1.8002999
1663926571783	7.5963144	-1.041476	-2.0922244
1663926571831	7.94118	-0.750449	-2.819044
1663926571839	8.783752	-0.5243273	-3.2461631
1663926571849	9.807282	-0.39870408	-2.969792
1663926571856	10.574481	-0.27756742	-2.213361
1663926571890	10.7685995	-0.16271193	-1.8744774
1663926571900	10.217951	-0.13758731	-2.210968
1663926571909	9.328419	-0.28713873	-2.6596224
1663926571919	8.684451	-0.36161533	-2.9602208
1663926571930	8.554042	-0.33170503	-2.9662027
1663926571994	8.851949	-0.2321038	-2.6153553
1663926572003	9.357133	-0.11964113	-2.0204396
1663926572011	9.611072	-0.17706887	-1.5846468
1663926572021	9.500702	-0.36759737	-1.4219348
1663926572062	9.245867	-0.4872385	-1.515255
1663926572070	9.177671	-0.51236314	-1.6268203
1663926572080	9.433703	-0.51475596	-1.541576
1663926572089	9.828818	-0.35443684	-1.3190435
1663926572104	10.214361	-0.015553347	-1.0040882
1663926572112	10.473983	0.20458634	-0.5805586
1663926572216	10.462019	0.0741775	-0.54705906
1663926572223	10.241879	-0.083748795	-1.2340983
1663926572229	10.196416	0.4429713	-2.5328028
1663926572243	10.473983	0.74566334	-3.78724
1663926572255	10.17488	-0.08015956	-3.6113675
1663926572306	9.743873	-0.99960166	-2.2265215
1663926572318	9.346365	-1.5335002	-1.2077773
1663926572326	9.059227	-1.4087744	-1.6603198
1663926572331	9.053245	-0.97806627	-2.4705894
1663926572338	9.346365	-0.87607217	-2.9709885
1663926572385	9.64457	-1.0390832	-2.951846
1663926572393	9.634999	-1.2735798	-2.3712873
1663926572400	9.552148	-1.2400804	-1.6890336
1663926572407	9.303294	-1.189831	-1.6328024
1663926572413	8.972786	-1.2735798	-2.2624137
1663926572420	8.702396	-1.4506488	-2.821437
1663926572505	8.566006	-1.4518452	-3.0463624
1663926572515	8.692825	-1.21017	-2.737389
1663926572523	8.849555	-0.9194421	-2.4155545
1663926572533	9.119047	-0.70977104	-2.376073
1663926572541	9.585648	-0.6439684	-2.6476583
1663926572550	10.269397	-0.8102696	-2.9709885
1663926572556	10.832009	-1.16351	-3.0882368
1663926572618	10.865508	-1.657927	-2.847758
1663926572627	10.527822	-1.9977078	-2.4933212
1663926572648	9.8348	-1.9701903	-2.1771696
1663926572656	9.042477	-1.879263	-2.3186452
1663926572708	8.436495	-1.5071791	-2.7831519
1663926572719	8.240283	-0.9840483	-3.0595229
1663926572731	8.465208	-0.5494519	-3.124129
1663926572740	8.849555	-0.4118646	-2.9578278
1663926572769	9.23151	-0.55782676	-2.6333013
1663926572777	9.454042	-0.8102696	-2.4394827
1663926572829	9.516255	-0.9696914	-2.382055
1663926572836	9.45165	-1.0845468	-2.4430718
1663926572842	9.361918	-1.1970096	-2.656033
1663926572849	9.305687	-1.2125629	-2.7520452
1663926572889	9.424132	-1.1958131	-2.6129622
1663926572901	9.649357	-1.1144571	-2.3712873
1663926572909	9.813265	-1.0654043	-2.14367
1663926572917	9.786943	-1.1970096	-2.0371895
1663926572928	9.739087	-1.2400804	-1.9917258
1663926572997	9.824033	-1.0175478	-1.8182461
1663926573007	9.935299	-0.74446696	-1.4733806
1663926573012	9.78814	-1.2281163	-1.6663018
1663926573021	9.617053	-2.2265215	-2.8130622
1663926573111	9.530613	-2.1044874	-3.8111682
1663926573124	9.190832	-1.2472588	-3.9035912
1663926573135	9.174082	-0.92662054	-3.024827
1663926573146	9.510274	-1.0773684	-2.137688
1663926573158	9.791729	-0.87607217	-2.1317058
1663926573171	9.629018	-0.30388847	-2.7349963
1663926573183	9.165708	-0.046660043	-3.4390843
1663926573196	8.585149	0.101694964	-3.6161532
1663926573235	8.148159	0.2105684	-3.382853
1663926573248	8.203195	0.25393832	-3.054737
1663926573305	8.884252	0.19860429	-2.8728826
1663926573317	10.062119	-0.13040884	-2.6907291
1663926573326	10.901401	-0.5901299	-2.3198416
1663926573335	10.5685	-0.87248296	-2.1065812
1663926573344	9.701999	-0.54705906	-2.4418755
1663926573353	9.176475	0.24675983	-3.2246277
1663926573377	8.932108	0.933799	-3.7968113
1663926573383	8.972786	1.1611172	-3.8350966
1663926573389	9.27817	0.9290134	-3.5479577
1663926573394	9.577272	0.33529428	-3.0439694
1663926573422	9.503095	-0.3915256	-2.650051
1663926573503	9.178867	-0.84137625	-2.5555346
1663926573510	8.890233	-0.86291164	-2.676372
1663926573516	8.82802	-0.5063811	-2.778366
1663926573521	9.086744	-0.1052842	-2.7230322
1663926573527	9.2997055	0.06819545	-2.6392834
1663926573532	9.26142	-0.11485548	-2.626123
1663926573585	9.01466	-0.49322057	-2.6608188
1663926573591	8.822038	-0.7648059	-2.7520452
1663926573619	8.853145	-0.770788	-2.6895328
1663926573624	9.217153	-0.5087739	-2.43709
1663926573635	9.712767	-0.13160525	-2.0072792
1663926573640	10.029816	0.18903299	-1.7021942
1663926573704	10.0417795	0.3364907	-1.6184454
1663926573711	9.8886385	0.31974092	-1.698605
1663926573716	9.819247	0.285045	-1.9833509
1663926573722	10.126724	0.44536412	-2.6799614
1663926573825	10.776974	0.4657031	-3.885645
1663926573831	10.918151	-0.47048876	-4.6229334
1663926573837	10.826027	-1.637588	-4.043571
1663926573843	10.7482605	-1.6124634	-2.3976083
1663926573850	10.211968	-0.6726823	-1.3070793
1663926573855	9.316455	-0.12083755	-1.7237296
1663926573887	8.56481	-0.3376871	-2.6392834
1663926573894	8.22473	-0.95054877	-3.2162528
1663926573903	8.357532	-1.1132607	-3.0595229
1663926573908	8.536096	-0.9314062	-2.2827528
1663926573914	8.509774	-0.9840483	-1.6339988
1663926573983	8.62463	-1.372882	-2.0252252
1663926573989	9.0951185	-1.5454643	-3.1695926
1663926573995	9.696016	-1.1946167	-3.9813578
1663926574000	10.081261	-0.6559325	-3.6041892
1663926574105	10.197612	-0.36759737	-2.6309085
1663926574112	9.790533	-0.8700901	-2.0276182
1663926574118	9.093923	-1.7033906	-1.9833509
1663926574124	8.665308	-2.0817556	-2.0180469
1663926574129	8.778967	-1.8960128	-2.123331
1663926574136	9.2590275	-1.2963116	-2.184647
1663926574140	9.507881	-0.84735835	-2.076671
1663926574147	9.394221	-0.6774679	-1.9331015
1663926574259	9.18126	-0.72412795	-1.751247
1663926574264	9.215957	-0.878465	-1.6519449
1663926574269	9.595518	-1.0091729	-1.5702899
1663926574275	9.962816	-1.1048858	-1.4985052
1663926574302	10.121939	-1.1419746	-1.3405789
1663926574309	10.044172	-1.1252248	-1.0929217
1663926574315	9.687641	-1.3094722	-1.0929217
1663926574320	9.332008	-1.5945172	-1.3752748
1663926574384	9.236296	-1.6196418	-1.6244274
1663926574391	9.369097	-1.2675978	-1.521237
1663926574397	9.370294	-1.378864	-1.7823538
1663926574403	9.617053	-1.6914265	-2.5112674
1663926574460	9.88146	-1.1300105	-3.100201
1663926574466	9.670892	-0.3364907	-2.43709
1663926574502	9.497113	-0.60329044	-1.7416757
1663926574509	9.803694	-0.86530447	-2.1882362
1663926574514	10.195219	-0.38673997	-2.696711
1663926574520	10.28495	-0.13280165	-2.8609185
1663926574526	10.137492	-0.16749759	-2.4993033
1663926574642	9.698409	-0.2428715	-1.9642082
1663926574648	9.247063	-0.17108682	-1.7177476
1663926574653	8.962018	-0.096909314	-1.8014964
1663926574657	8.873484	-0.16749759	-2.1317058
1663926574663	8.971589	-0.3807579	-2.4299114
1663926574669	9.103494	-0.42502514	-2.5627131
1663926574713	9.186047	-0.11006984	-2.4526432
1663926574719	9.224331	0.18903299	-2.3641088
1663926574723	9.272188	0.2635096	-2.3437698
1663926574728	9.282955	0.06819545	-2.4323041
1663926574834	9.337991	-0.19621146	-2.4502504
1663926574841	9.265009	-0.3290131	-2.4789643
1663926574848	9.002696	-0.32183465	-2.6105695
1663926574854	8.789735	-0.2117648	-2.7927232
1663926574859	8.884252	-0.06819545	-2.975774
1663926574866	9.250652	0.040677983	-3.0786655
1663926574887	10.039387	0.11844472	-3.152843
1663926574893	11.413764	0.0741775	-2.8573294
1663926574905	12.3556385	-0.16271193	-2.1077776
1663926574911	11.627922	-0.43100718	-1.4793626
1663926575067	10.183255	-0.25124636	-1.6926229
1663926575073	9.215957	0.25034907	-2.5124638
1663926575078	8.739486	0.68464637	-3.2174492
1663926575084	8.571988	0.846461	-3.6424742
1663926575089	8.745467	0.63918275	-3.807579
1663926575095	9.352347	0.13399807	-3.4151561
1663926575100	9.444471	-0.5458627	-2.8788648
1663926575105	9.049655	-1.0725827	-2.6464617
1663926575109	8.659326	-1.1563315	-2.7855446
1663926575113	8.595916	-0.68105716	-3.0523443
1663926575117	8.812467	-0.14596218	-3.1301112
1663926575136	9.097511	0.047856454	-3.0990045
1663926575250	9.241081	-0.1160519	-3.042773
1663926575256	9.309277	-0.3592225	-2.8381867
1663926575262	9.265009	-0.54466623	-2.597409
1663926575268	9.276974	-0.64037913	-2.2815564
1663926575280	9.395418	-0.6439684	-1.9881365
1663926575287	9.468399	-0.55423754	-1.8002999
1663926575303	9.378669	-0.3687938	-1.7883358
1663926575309	9.287741	-0.096909314	-1.887638
1663926575315	9.413364	0.46331027	-2.8800611
1663926575383	10.153046	1.2484552	-5.4379888
1663926575390	10.927722	1.0809577	-6.1564336
1663926575395	11.0760765	-0.38673997	-4.019643
1663926575400	10.64148	-1.8457636	-1.5954145
1663926575454	9.599107	-2.2169502	-0.6343971
1663926575460	8.715557	-1.3776677	-1.5332011
1663926575465	8.461619	-0.5183452	-3.2042887
1663926575471	8.369495	-0.30987054	-4.391727
1663926575504	8.325228	-0.62841505	-4.813163
1663926575509	8.42453	-0.99601245	-4.132106
1663926575636	8.633005	-1.2329018	-2.8453653
1663926575642	8.869894	-1.2771691	-2.1065812
1663926575648	9.251849	-1.1276177	-2.5710878
1663926575653	9.630214	-0.8461619	-3.4259238
1663926575659	9.7654085	-0.73011	-3.6807594
1663926575664	9.7654085	-0.8676973	-3.3050864
1663926575670	9.680463	-1.204188	-2.7062824
1663926575705	9.462418	-1.6076777	-2.428715
1663926575711	9.2075815	-1.9211375	-2.5794628
1663926575718	9.104691	-2.1128623	-2.9075787
1663926575723	9.256635	-2.1068804	-2.96381
1663926575821	9.476774	-1.913959	-2.7843482
1663926575828	9.519845	-1.5921243	-2.6416762
1663926575834	9.225528	-1.2436695	-2.568695
1663926575839	8.817252	-0.94337034	-2.6775684
1663926575845	8.56481	-0.67387867	-2.91715
1663926575850	8.684451	-0.44895336	-3.1624143
1663926575860	9.131011	-0.4022933	-3.1863425
1663926575887	9.568898	-0.59730834	-2.9338996
1663926575903	9.746265	-0.9242278	-2.5986054
1663926575909	9.559326	-1.2616158	-2.4323041
1663926576052	9.213564	-1.3956138	-2.4861426
1663926576058	9.109476	-1.3106686	-2.6333013
1663926576065	9.406186	-1.1563315	-2.5543382
1663926576071	9.748658	-1.055833	-2.204986
1663926576077	9.748658	-1.0211371	-1.8409779
1663926576083	9.525827	-0.9637093	-1.6411772
1663926576103	9.361918	-0.83060855	-1.6555341
1663926576109	9.433703	-0.6643074	-1.6280167
1663926576114	9.637392	-0.53629136	-1.5918252
1663926576120	9.855139	-0.7791629	-1.8553349
1663926576125	10.177273	-2.0207388	-2.780759
1663926576135	10.51825	-2.8848467	-3.5359936
1663926576213	10.447661	-2.2444677	-3.5132618
1663926576219	10.307682	-1.6950158	-2.0694926
1663926576290	10.648659	-1.454537	-1.4650056
1663926576295	10.445269	-0.7516454	-1.5810575
1663926576301	9.743873	-0.16630118	-2.333002
1663926576307	9.3104725	0.07776674	-3.042773
1663926576312	9.038888	0.0634098	-3.1073792
1663926576317	8.7012005	-0.09571291	-2.696711
1663926576323	8.318049	-0.4214359	-2.4179473
1663926576386	8.083553	-0.5183452	-2.3784657
1663926576392	7.967501	-0.3807579	-2.5663023
1663926576398	8.151749	-0.2416751	-2.868097
1663926576405	8.71795	-0.3182454	-2.9614172
1663926576461	9.337991	-0.5027919	-2.6333013
1663926576466	9.674481	-0.61884373	-2.3653052
1663926576470	9.907782	-0.6044868	-2.0264218
1663926576503	10.186844	-0.43100718	-1.7344973
1663926576506	10.420144	-0.10887343	-1.8110676
1663926576511	10.205987	0.18424734	-2.2755744
1663926576624	9.7450695	0.5183452	-2.6871397
1663926576634	9.170493	0.59970117	-2.8142586
1663926576641	8.9057865	0.3819543	-2.5938199
1663926576649	8.966804	0.029910283	-2.1041884
1663926576658	9.232706	-0.28953153	-1.6002002
1663926576665	9.564112	-0.53270215	-1.486541
1663926576673	9.693624	-0.7588239	-1.5870396
1663926576707	9.455238	-0.87966144	-1.8230318
1663926576721	9.21476	-0.6978069	-2.0862422
1663926576731	9.297313	-0.3376871	-1.8122641
1663926576738	9.518648	-0.13040884	-1.3022938
1663926576772	9.731909	-0.08255238	-1.0100702
1663926576781	9.899406	-0.13040884	-0.85812604
1663926576838	10.002297	-0.23330021	-0.79112697
1663926576850	10.03819	0.04546363	-1.1300105
1663926576859	10.246665	0.71694946	-2.1759732
1663926576868	10.916954	1.198206	-3.5994034
1663926576875	11.101202	0.39750767	-3.917948
1663926576883	10.272985	-1.090529	-2.6859434
1663926576905	9.546165	-1.8170497	-1.8002999
1663926576914	9.218349	-1.785943	-2.0778673
1663926576989	9.147761	-1.6208383	-2.9937203
1663926576999	9.145369	-1.7213368	-3.6149569
1663926577009	9.303294	-1.7057835	-3.3876386
1663926577095	9.468399	-1.2233306	-2.4143581
1663926577106	9.433703	-0.6475576	-1.5367904
1663926577115	9.069994	-0.6056832	-1.7608184
1663926577120	8.684451	-1.0187442	-2.536392
1663926577126	8.465208	-1.4760724	-3.1552358
1663926577133	8.450851	-1.625624	-3.1815567
1663926577136	8.769396	-1.3812568	-2.6201408
1663926577139	9.236296	-1.0295119	-2.3018954
1663926577186	9.559326	-0.831805	-2.507678
1663926577219	9.567701	-0.77796644	-2.7843482
1663926577228	9.382257	-0.9302098	-2.9410782
1663926577239	9.237492	-1.1288141	-3.1097722
1663926577251	9.267402	-1.2281163	-3.2844481
1663926577299	9.29492	-1.3142579	-3.4307094
1663926577308	9.311669	-1.5071791	-3.5264223
1663926577316	9.509077	-1.6674982	-3.3433714
1663926577323	10.215558	-1.5370895	-2.774777
1663926577330	11.205289	-1.5311074	-1.9331015
1663926577391	11.286944	-1.6710875	-1.4123635
1663926577403	10.016655	-2.0817556	-1.3142579
1663926577415	8.636594	-1.8684953	-2.0874386
1663926577425	8.021339	-1.1156535	-3.1887352
1663926577442	8.113463	-0.41306102	-4.1644087
1663926577446	8.49781	-0.33290145	-4.510471
1663926577496	9.145369	-0.48245287	-4.340281
1663926577506	9.413364	-0.817448	-3.6616168
1663926577515	9.156136	-1.1575279	-2.9865417
1663926577522	8.804091	-1.2855439	-2.7592237
1663926577643	8.711968	-1.2233306	-2.9709885
1663926577655	8.853145	-1.0917253	-3.4211383
1663926577664	9.305687	-0.9637093	-3.6137605
1663926577675	9.5760765	-0.9493524	-3.565904
1663926577684	9.493524	-1.055833	-3.3290145
1663926577695	9.282955	-1.1922239	-3.1229327
1663926577702	9.002696	-1.2412767	-2.8980074
1663926577710	8.9057865	-1.1754742	-2.6895328
1663926577718	9.059227	-0.92662054	-2.498107
1663926577725	9.428918	-0.7013961	-2.341377
1663926577732	9.600304	-1.6399808	-2.801098
1663926577773	9.372686	-3.12054	-3.996911
1663926577784	9.108279	-3.2703903	-4.4243293
1663926577836	9.480363	-2.2301106	-3.482155
1663926577845	10.045368	-1.5251254	-2.9949167
1663926577853	10.010673	-0.99601245	-3.0296125
1663926577860	9.843175	-0.15433706	-2.9590242
1663926577882	9.792926	0.54705906	-3.223431
1663926577892	9.400204	0.85244304	-3.738187
1663926577899	8.648559	0.8344969	-3.9670007
1663926577905	8.048857	0.6451648	-4.194319
1663926577995	7.95793	0.22731815	-3.9777687
1663926578006	8.316854	-0.276371	-3.650849
1663926578013	8.873484	-0.68105716	-3.4366915
1663926578022	9.500702	-0.90149593	-3.2557342
1663926578105	9.777372	-0.7468598	-3.240181
1663926578114	9.94128	-0.38554356	-3.2796626
1663926578121	10.173684	-0.033499517	-3.4594233
1663926578128	10.127921	0.1471586	-3.6652062
1663926578136	9.608679	0.22253251	-3.7537405
1663926578144	8.927322	0.4668995	-3.9011981
1663926578150	8.355139	0.77796644	-3.8868413
1663926578298	8.010572	0.85842514	-3.8880377
1663926578309	8.063214	0.535095	-4.054339
1663926578317	8.551649	-0.11246266	-4.0471606
1663926578324	9.046066	-0.71455663	-3.6771703
1663926578331	9.156136	-1.0211371	-2.9913275
1663926578339	8.927322	-1.0271192	-2.5220351
1663926578347	8.747861	-0.83778703	-2.6069803
1663926578357	8.672486	-0.62721866	-3.030809
1663926578364	8.747861	-0.36041892	-3.3038898
1663926578373	9.0436735	-0.083748795	-3.205485
1663926578387	9.327223	0.10049855	-2.9530423
1663926578395	9.378669	0.11246266	-2.7759733
1663926578402	9.249456	-0.07058827	-2.7568307
1663926578409	9.122637	-0.32542387	-2.8657043
1663926578436	9.182457	-0.4872385	-2.9650064
1663926578443	9.507881	-0.520738	-2.774777
1663926578458	10.023833	-0.47048876	-2.2348964
1663926578468	10.397412	-0.4884349	-1.7608184
1663926578506	10.404591	-0.6128617	-1.6734804
1663926578514	10.215558	-0.56380886	-1.9821545
1663926578551	10.36152	-0.058624156	-2.9542387
1663926578562	10.596017	0.46331027	-4.6061835
1663926578639	10.499107	0.3711866	-5.534898
1663926578652	10.390234	-0.050249275	-4.5008993
1663926578661	10.235897	-0.25962126	-2.524428
1663926578670	9.668499	-0.30508488	-1.7584256
1663926578677	8.862716	-0.4657031	-2.4646072
1663926578707	8.148159	-0.7588239	-3.4402807
1663926578716	7.8810606	-1.0857433	-3.827918
1663926578725	8.223534	-1.2209377	-3.5060835
1663926578732	8.867501	-1.1312069	-2.7062824
1663926578773	9.3308115	-1.0378869	-2.0670996
1663926578784	9.372686	-1.0833504	-2.3114667
1663926578838	9.178867	-1.2568301	-3.2700913
1663926578847	8.922537	-1.3692927	-4.322335
1663926578854	8.7012005	-1.2197413	-4.5248275
1663926578862	8.788539	-0.91346	-3.7417765
1663926578888	9.243474	-0.4776672	-2.780759
1663926578896	9.572487	-0.3580261	-2.2959132
1663926578903	9.55813	-0.7683952	-2.5339992
1663926578909	9.456435	-1.3286148	-2.7194428
1663926578996	9.24467	-1.6651055	-2.4765713
1663926579007	9.03141	-1.739283	-2.3138595
1663926579017	9.080762	-1.4581263	-2.4227328
1663926579025	9.257831	-1.1395818	-2.495714
1663926579104	9.41456	-0.9876375	-2.2959132
1663926579113	9.548559	-0.9816555	-2.0443678
1663926579121	9.584451	-0.9768698	-1.9438694
1663926579129	9.504292	-1.0187442	-1.9905293
1663926579136	9.400204	-1.1096715	-2.0467606
1663926579144	9.4229355	-1.1694921	-2.129313
1663926579152	9.58804	-1.1670992	-2.0838494
1663926579160	9.822836	-1.0582259	-1.9007984
1663926579217	9.992726	-0.9026923	-1.739283
1663926579228	9.961619	-0.7600203	-1.608575
1663926579236	9.740284	-0.8246265	-1.5427724
1663926579245	9.516255	-1.1216356	-1.5308083
1663926579287	9.30808	-1.387239	-1.6770695
1663926579297	9.160921	-1.5047864	-1.7261224
1663926579303	9.127422	-1.4255241	-1.4913267
1663926579310	9.219545	-1.1276177	-1.2281163
1663926579318	9.437292	-1.0175478	-1.521237
1663926579389	9.94487	-1.1742777	-2.3198416
1663926579398	10.563714	-0.8365906	-2.9458637
1663926579406	10.552946	-0.2943172	-2.6464617
1663926579414	9.583255	-1.0127622	-2.1532412
1663926579460	9.019445	-1.867299	-2.0694926
1663926579470	9.156136	-1.9043877	-1.5667006
1663926579505	9.727123	-1.1096715	-1.2664014
1663926579513	10.095618	-0.30388847	-1.6866409
1663926579521	10.032208	0.11485548	-2.4849463
1663926579529	9.608679	-0.02871387	-2.969792
1663926579641	9.097511	-0.19621146	-2.9338996
1663926579653	8.733503	-0.37597227	-2.7266214
1663926579662	8.848359	-0.5901299	-2.3581266
1663926579671	9.267402	-0.6367899	-1.879263
1663926579680	9.428918	-0.5709873	-2.0718853
1663926579688	9.285348	-0.43938205	-2.7194428
1663926579695	9.109476	-0.30029923	-3.0068808
1663926579710	9.056833	-0.11365908	-2.7915268
1663926579718	9.036494	-0.02632105	-2.8118658
1663926579726	8.934501	-0.17228323	-3.0643084
1663926579734	8.843574	-0.48006004	-3.1743784
1663926579773	8.847162	-0.7719844	-3.4594233
1663926579784	9.455238	-0.95772725	-3.7226338
1663926579837	10.975578	-0.9637093	-3.2629128
1663926579847	12.468401	-0.8365906	-2.2157538
1663926579855	12.3041935	-0.7001997	-1.5044873
1663926579862	10.956436	-0.2321038	-1.4817554
1663926579881	9.578469	0.5099703	-2.1723838
1663926579892	8.493025	0.9625129	-3.470191
1663926579903	7.859525	0.68345	-4.847859
1663926579911	7.8020973	-0.18903299	-5.2226343
1663926580061	8.365906	-0.8605189	-4.470989
1663926580072	9.008678	-1.0366904	-3.1827533
1663926580079	9.332008	-0.92662054	-2.309074
1663926580087	9.158528	-0.81266236	-1.9725832
1663926580095	8.866305	-0.70259255	-2.4191437
1663926580103	8.782557	-0.58654064	-3.2712877
1663926580110	8.970393	-0.37956148	-3.766901
1663926580116	9.194421	-0.24526432	-3.679563
1663926580122	9.282955	-0.22492532	-3.2473595
1663926580130	9.215957	-0.32303107	-2.8166513
1663926580139	9.237492	-0.34606197	-2.6081767
1663926580146	9.276974	-0.3074777	-2.7278178
1663926580250	9.298509	-0.2955136	-2.9709885
1663926580260	9.419347	-0.3699902	-2.9650064
1663926580271	9.597911	-0.40468612	-2.6596224
1663926580276	9.686445	-0.4118646	-2.2289143
1663926580306	9.721141	-0.4142574	-1.8409779
1663926580316	9.696016	-0.47527438	-1.4973087
1663926580324	9.583255	-0.6332007	-1.1874382
1663926580331	9.329616	-0.622433	-1.5176477
1663926580339	9.466006	-0.05503492	-3.984947
1663926580387	9.773783	0.55064833	-6.617052
1663926580394	9.936495	0.5279165	-6.5021963
1663926580401	9.749855	-0.20458634	-4.007679
1663926580408	9.377472	-0.8967103	-1.7871394
1663926580438	9.019445	-0.9421739	-1.0507482
1663926580446	9.176475	-0.49920264	-1.954637
1663926580511	9.454042	-0.3915256	-3.3146574
1663926580518	9.46481	-0.669093	-4.2744784
1663926580527	9.182457	-1.0055838	-4.453043
1663926580534	8.690433	-1.1850454	-3.9335012
1663926580551	8.307282	-1.1934203	-3.4713874
1663926580560	8.25464	-1.0917253	-3.6544385
1663926580641	8.475079	-0.8665009	-4.36062
1663926580650	8.926126	-0.6200402	-4.8418765
1663926580657	9.38824	-0.5243273	-4.5619164
1663926580664	9.629018	-0.663111	-3.6927235
1663926580670	9.524631	-0.974477	-2.888436
1663926580705	9.142975	-1.2149557	-2.746063
1663926580718	8.750254	-1.2987045	-3.063112
1663926580731	8.5779705	-1.2340983	-3.5527434
1663926580741	8.623434	-1.0522437	-3.8267217
1663926580825	8.880662	-0.8844471	-3.6568313
1663926580835	8.987143	-0.79112697	-3.2772696
1663926580843	9.090333	-0.62721866	-2.969792
1663926580850	9.200403	-0.54705906	-2.6620152
1663926580856	9.196814	-0.6343971	-2.617748
1663926580861	9.300901	-0.689432	-2.7062824
1663926580882	9.611072	-0.78634137	-2.864508
1663926580891	9.80489	-0.974477	-2.7843482
1663926580899	9.796515	-1.1335998	-2.4430718
1663926580914	9.5760765	-1.0677971	-2.1759732
1663926581021	9.314062	-0.89431745	-2.0407786
1663926581034	9.195618	-0.8330014	-2.2002003
1663926581045	9.254242	-0.91226363	-2.37368
1663926581055	9.476774	-1.0881361	-2.361716
1663926581105	9.753445	-1.0737791	-2.1245275
1663926581114	9.967602	-0.8066803	-1.8541385
1663926581123	9.999905	-0.70378894	-1.8242282
1663926581130	9.990334	-1.2915261	-2.635694
1663926581138	10.294521	-1.5933207	-3.484548
1663926581148	10.549356	-0.9828519	-3.9909291
1663926581157	10.295717	-0.9924232	-3.0200412
1663926581166	10.251451	-1.2604194	-2.1906292
1663926581211	10.133903	-0.8844471	-1.6782659
1663926581221	9.731909	-0.48245287	-1.7584256
1663926581228	9.212367	-0.28594232	-2.5208387
1663926581235	8.62822	-0.12083755	-3.2389846
1663926581306	8.225926	-0.011964113	-3.3433714
1663926581314	8.185248	-0.062213387	-2.8920252
1663926581325	8.353942	-0.29192436	-2.3569303
1663926581335	8.563613	-0.42861435	-2.3258235
1663926581344	8.838788	-0.43698925	-2.7349963
1663926581388	9.32124	-0.4214359	-2.7448666
1663926581397	9.768997	-0.3819543	-2.4442682
1663926581405	9.922138	-0.33409786	-2.2612174
1663926581412	9.838389	-0.27517462	-2.3868406
1663926581478	9.75823	-0.11724831	-2.6428726
1663926581488	9.699606	0.11365908	-2.7819555
1663926581495	9.509077	0.3185445	-2.778366
1663926581503	9.263813	0.41784665	-2.635694
1663926581510	9.133404	0.3484548	-2.4011974
1663926581522	9.182457	0.1471586	-2.161616
1663926581667	9.363115	-0.16031912	-2.013261
1663926581680	9.55813	-0.4621139	-1.9414765
1663926581689	9.664909	-0.61764735	-1.8649062
1663926581698	9.679267	-0.6451648	-1.8613169
1663926581705	9.624231	-0.6511469	-1.7763717
1663926581715	9.542577	-0.57816577	-1.5846468
1663926581722	9.367901	-0.5386842	-1.4673985
1663926581729	9.174082	-0.43459642	-1.5391831
1663926581737	9.134601	-0.31944183	-1.5726827
1663926581745	9.3511505	-0.23090738	-1.3860425
1663926581755	9.607482	-0.21296121	-1.1551352
1663926581837	9.731909	-0.17826529	-1.1862419
1663926581849	9.687641	-0.06460621	-1.3824533
1663926581860	9.716355	0.046660043	-1.4578272
1663926581870	9.801301	0.011964113	-1.4303098
1663926581882	9.907782	0.08853444	-1.7033906
1663926581892	10.308878	0.4860421	-2.4430718
1663926581908	10.563714	0.50039905	-3.292823
1663926581919	10.509875	-0.14356937	-3.2078779
1663926581930	10.290932	-0.9206385	-1.9570298
1663926581940	9.985548	-1.3573287	-0.9849456
1663926581976	9.565309	-1.0989038	-1.7644076
1663926581986	9.169296	-0.5949155	-2.754438
1663926581995	9.215957	-0.15553348	-2.8405795
1663926582060	9.5760765	-0.078963146	-2.3186452
1663926582070	9.717552	-0.30029923	-2.0647068
1663926582106	9.537791	-0.5626124	-2.0359929
1663926582118	9.195618	-0.7827521	-2.1556342
1663926582128	8.820842	-1.0989038	-2.5722845
1663926582136	8.612666	-1.4063815	-3.280859
1663926582147	8.896215	-1.5107684	-3.760919
1663926582155	9.82164	-1.3154542	-3.4534414
1663926582217	10.683355	-1.1383854	-2.7086751
1663926582227	10.7889385	-0.93738824	-2.0563319
1663926582235	10.136296	-0.77318084	-1.907977
1663926582243	9.152547	-0.7372885	-2.408376
1663926582249	8.316854	-0.878465	-3.2581272
1663926582255	7.904989	-1.0115658	-4.124927
1663926582307	7.9854474	-1.049851	-4.6767716
1663926582320	8.466405	-1.0031909	-4.540381
1663926582331	9.126225	-0.76241314	-3.824329
1663926582342	9.626625	-0.42741793	-3.0870404
1663926582444	9.734302	-0.29312077	-2.7640092
1663926582450	9.515059	-0.42981076	-3.0068808
1663926582457	9.099904	-0.8545368	-3.458227
1663926582464	8.722735	-1.3501502	-3.7477584
1663926582470	8.583952	-1.6351951	-3.610171
1663926582477	8.700004	-1.5502499	-3.2461631
1663926582484	8.996714	-1.2819548	-2.9673991
1663926582492	9.3200445	-1.0462617	-2.8525436
1663926582510	9.537791	-0.92542416	-2.7556343
1663926582517	9.603892	-0.8955139	-2.7206392
1663926582665	9.607482	-0.927817	-2.7855446
1663926582678	9.578469	-0.98644114	-2.835794
1663926582689	9.527023	-1.076172	-2.7675984
1663926582701	9.436096	-1.0426725	-2.705086
1663926582711	9.35833	-0.86889374	-2.7314072
1663926582722	9.382257	-0.6942177	-2.629712
1663926582731	9.485149	-0.6116653	-2.3904297
1663926582737	9.536594	-0.73369926	-2.1305094
1663926582746	9.580862	-0.91106725	-2.0575283
1663926582753	9.656535	-0.933799	-2.053939
1663926582762	9.691231	-0.78873414	-1.9989042
1663926582850	9.721141	-0.44177487	-1.9187447
1663926582862	9.58804	-0.453739	-2.0575283
1663926582873	9.360723	-1.5777674	-3.0439694
1663926582880	9.680463	-2.2145574	-3.6400814
1663926582891	9.869496	-1.332204	-4.188337
1663926582902	9.767801	-0.79710907	-3.9143589
1663926582912	9.924531	-1.1742777	-2.7062824
1663926582923	10.173684	-1.2137593	-1.7093726
1663926582934	10.032208	-0.5195416	-2.0898316
1663926582943	9.327223	-0.22731815	-2.9817562
1663926582977	8.380263	-0.2213361	-3.4737802
1663926582987	7.5963144	-0.18424734	-3.5850465
1663926582998	7.3977103	-0.2548356	-3.4211383
1663926583049	7.847561	-0.3278167	-3.1923244
1663926583062	8.732307	-0.2321038	-3.394817
1663926583106	9.593125	-0.10049855	-3.8641095
1663926583116	9.990334	0.0059820567	-3.9406798
1663926583126	10.013065	0.06819545	-3.394817
1663926583136	9.960423	0.21774685	-2.9398818
1663926583147	10.014262	0.3580261	-3.1229327
1663926583158	9.8886385	0.2527419	-3.3062828
1663926583235	9.480363	0.096909314	-3.1492536
1663926583245	9.169296	0.0634098	-2.9530423
1663926583251	9.000303	-0.05383851	-2.8692935
1663926583258	8.922537	-0.36161533	-2.7520452
1663926583267	8.948857	-0.69182485	-2.4801607
1663926583280	9.029017	-0.8545368	-2.2743778
1663926583306	9.139386	-0.7360921	-2.300699
1663926583318	9.268599	-0.4872385	-2.4634109
1663926583329	9.381062	-0.26799613	-2.544767
1663926583340	9.427721	-0.13519448	-2.5184457
1663926583462	9.531809	-0.05623133	-2.3724837
1663926583473	9.547362	0.0071784677	-2.260021
1663926583481	9.552148	-0.049052864	-2.193022
1663926583489	9.67807	-0.15553348	-1.8349959
1663926583496	9.798908	-0.148355	-1.515255
1663926583502	9.870692	-0.16869399	-1.4901303
1663926583507	9.784551	-0.3290131	-1.4327025
1663926583513	9.634999	-0.5267201	-1.2592229
1663926583520	9.797711	-0.30149564	-1.486541
1663926583527	10.138689	0.40827537	-3.0332017
1663926583549	10.203594	0.4956134	-4.7401814
1663926583556	10.391431	-0.124426775	-4.712664
1663926583661	10.741082	-0.35443684	-2.556731
1663926583672	10.7024975	-0.42741793	-0.84017986
1663926583680	9.891031	-0.97567344	-1.4554343
1663926583690	9.410972	-1.2999009	-2.5399811
1663926583709	9.065208	-1.4617156	-3.0080771
1663926583720	8.851949	-1.326222	-3.231806
1663926583729	8.750254	-1.0007981	-2.8393831
1663926583739	8.7347	-0.7480562	-1.9857436
1663926583750	8.75145	-0.9732806	-1.5164514
1663926583770	8.743074	-1.4087744	-2.2995026
1663926583776	8.817252	-1.5418751	-3.5503507
1663926583837	9.069994	-1.2556337	-3.7968113
1663926583850	9.385847	-0.8979067	-3.2425737
1663926583905	9.585648	-0.7791629	-2.7532415
1663926583916	9.617053	-0.8712866	-2.5663023
1663926583924	9.543773	-1.0390832	-2.5136602
1663926583931	9.491131	-1.2233306	-2.455036
1663926583941	9.348758	-1.3860425	-2.481357
1663926583952	9.211171	-1.3716856	-2.4382863
1663926583962	9.11785	-1.076172	-2.3054845
1663926583981	9.0015	-0.74566334	-2.1652055
1663926583989	8.9775715	-0.5913263	-2.0611176
1663926584050	9.127422	-0.69900334	-1.9534405
1663926584059	9.364311	-0.9517452	-1.879263
1663926584106	9.686445	-1.1240284	-1.7285153
1663926584117	9.897014	-1.3034902	-1.5044873
1663926584130	10.007083	-1.3836497	-1.3884354
1663926584142	9.990334	-1.3657036	-1.2604194
1663926584150	9.826426	-1.4641083	-1.090529
1663926584158	9.564112	-1.6387844	-1.3082758
1663926584217	9.433703	-1.631606	-1.6770695
1663926584227	9.543773	-1.224527	-1.6854445
1663926584236	9.600304	-0.9026923	-1.5906289
1663926584246	9.55813	-1.2436695	-2.3641088
1663926584257	9.691231	-1.1527423	-3.0332017
1663926584266	9.597911	-0.994816	-2.737389
1663926584305	9.282955	-1.1742777	-1.9821545
1663926584317	9.245867	-1.0570294	-1.8349959
1663926584330	9.306884	-0.7600203	-2.2552354
1663926584340	9.235099	-0.5925227	-3.095415
1663926584438	9.412168	-0.29072794	-3.4067812
1663926584445	9.757033	0.059820566	-2.9063823
1663926584450	9.989138	0.16869399	-2.1329024
1663926584456	9.8886385	-0.04546363	-1.5822539
1663926584462	9.471989	-0.25124636	-1.7919251
1663926584470	9.119047	-0.317049	-2.4837499
1663926584478	9.144172	-0.23330021	-2.9805596
1663926584487	9.3104725	-0.1052842	-2.740081
1663926584506	9.369097	-0.03708875	-2.3485553
1663926584517	9.164511	-0.1794617	-2.5220351
1663926584653	8.88784	-0.57457656	-3.1169505
1663926584661	9.011071	-0.878465	-3.531208
1663926584670	10.1016	-0.78634137	-3.1899316
1663926584679	11.0557375	-0.7480562	-2.455036
1663926584688	11.109576	-0.60329044	-2.271985
1663926584696	10.472787	-0.45732823	-2.4789643
1663926584710	9.46481	-0.30867413	-2.9446673
1663926584719	8.753842	0.18185452	-3.403192
1663926584728	8.477471	0.7253244	-3.5012977
1663926584735	8.404191	0.8333005	-3.6424742
1663926584746	8.446066	0.44895336	-3.9693937
1663926584774	8.4197445	-0.19381863	-4.595416
1663926584786	8.344371	-0.7253244	-4.7748775
1663926584838	8.540881	-0.7480562	-4.106981
1663926584850	8.962018	-0.31944183	-3.191128
1663926584905	9.366704	0.16031912	-2.6656044
1663926584917	9.457631	0.44656053	-2.4969103
1663926584925	9.329616	0.474078	-2.8429725
1663926584934	9.0747795	0.29940194	-3.4426737
1663926584943	8.860323	-0.12921242	-3.8195431
1663926584952	8.926126	-0.50398827	-3.7597225
1663926584962	9.218349	-0.6786643	-3.4247274
1663926584979	9.61825	-0.5913263	-2.9805596
1663926584988	9.812068	-0.392722	-2.6081767
1663926585052	9.768997	-0.2105684	-2.5328028
1663926585064	9.743873	-0.12562318	-2.638087
1663926585105	9.809675	-0.06819545	-2.766402
1663926585116	9.808479	-0.008374879	-2.8669007
1663926585124	9.763016	0.038285162	-2.7110682
1663926585135	9.782158	0.069391854	-2.3712873
1663926585145	9.712767	-0.05742774	-2.213361
1663926585155	9.675677	-0.18305093	-2.1448665
1663926585226	9.580862	-0.32303107	-1.9713868
1663926585239	9.537791	-0.29192436	-1.9127626
1663926585250	9.684052	0.36281174	-3.3553355
1663926585259	10.002297	0.8356933	-5.6464634
1663926585269	10.240683	0.5315057	-6.052047
1663926585306	10.247861	-0.3182454	-4.188337
1663926585320	9.935299	-1.1742777	-1.9115661
1663926585334	9.379865	-1.2939188	-0.63798636
1663926585343	8.771789	-0.84137625	-1.1826526
1663926585390	8.479864	-0.4668995	-2.9793632
1663926585403	8.512167	-0.3484548	-4.703093
1663926585441	8.338388	-0.6308079	-5.2334023
1663926585450	8.152945	-1.0366904	-4.5355954
1663926585458	8.382656	-1.1563315	-3.0894332
1663926585467	8.778967	-0.9601201	-2.0599213
1663926585474	9.015857	-0.8665009	-2.3892334
1663926585481	9.103494	-0.9194421	-3.7740796
1663926585488	9.318848	-1.0534402	-4.664808
1663926585511	9.580862	-1.1994023	-4.4072804
1663926585523	9.680463	-1.3944174	-3.4139597
1663926585600	9.589237	-1.5430715	-2.7278178
1663926585610	9.272188	-1.5526428	-2.8118658
1663926585661	8.555239	-1.346561	-3.7298124
1663926585670	8.257032	-1.0115658	-4.1225343
1663926585677	8.252247	-0.70378894	-4.214658
1663926585686	8.571988	-0.5027919	-4.074678
1663926585704	9.002696	-0.4884349	-3.7034912
1663926585714	9.425328	-0.5626124	-3.0320053
1663926585723	9.626625	-0.750449	-2.4789643
1663926585730	9.522238	-1.0295119	-2.4478576
1663926585775	9.224331	-1.3250256	-2.798705
1663926585783	8.968	-1.4338989	-3.1013973
1663926585792	8.940483	-1.3453646	-3.0475588
1663926585836	9.170493	-1.1886346	-2.8166513
1663926585847	9.424132	-0.93978107	-2.5818555
1663926585905	9.512667	-0.74446696	-2.3437698
1663926585917	9.505488	-0.5949155	-2.2145574
1663926585926	9.516255	-0.5709873	-2.1628125
1663926585933	9.567701	-0.7157531	-2.1161525
1663926585942	9.673285	-0.8605189	-2.1942184
1663926585951	9.800104	-0.770788	-2.0946171
1663926585970	9.871889	-0.61046886	-1.9941186
1663926585977	9.672089	-1.3357933	-2.6428726
1663926586041	9.91137	-2.2707887	-3.5994034
1663926586054	10.402198	-1.6471593	-4.5942197
1663926586108	10.351949	-0.75643104	-3.3469608
1663926586119	10.3028965	-0.8919246	-1.5954145
1663926586129	10.322039	-0.82941216	-1.21017
1663926586139	9.989138	-0.47168517	-2.3365912
1663926586150	9.521041	-0.45732823	-2.8202405
1663926586158	9.136993	-0.49920264	-2.754438
1663926586196	8.792128	-0.47048876	-2.6428726
1663926586207	8.777771	-0.2632105	-2.4143581
1663926586216	8.778967	-0.17347965	-2.068296
1663926586224	8.643773	-0.15074782	-2.041975
1663926586232	8.436495	-0.2105684	-2.5698915
1663926586241	8.472686	-0.31465617	-3.1456645
1663926586307	8.728718	-0.35204405	-3.2413774
1663926586318	9.176475	-0.2321038	-2.9207392
1663926586328	9.743873	-0.18903299	-2.548356
1663926586336	10.032208	-0.29192436	-2.141277
1663926586377	9.97478	-0.38315073	-2.0527427
1663926586386	9.8886385	-0.2883351	-2.4526432
1663926586435	9.801301	-0.14237295	-2.8633113
1663926586446	9.548559	-0.05503492	-2.8310082
1663926586452	9.347562	0.08255238	-2.4765713
1663926586459	9.296116	0.12801601	-2.1592233
1663926586475	9.329616	0.08853444	-1.9677975
1663926586483	9.403793	-0.032303106	-1.8421743
1663926586504	9.4432745	-0.23569304	-1.8972093
1663926586511	9.434899	-0.48006004	-1.9438694
1663926586552	9.341579	-0.64037913	-1.8433708
1663926586564	9.286545	-0.66071814	-1.6351951
1663926586591	9.29492	-0.6164509	-1.4530416
1663926586654	9.38465	-0.4728816	-1.4207385
1663926586661	9.589237	-0.317049	-1.4434702
1663926586670	9.946067	-0.1902294	-1.1503495
1663926586681	10.326824	-0.16510476	-0.69182485
1663926586687	10.3746805	-0.33409786	-0.46660042
1663926586703	10.119546	-0.42981076	-0.6128617
1663926586711	10.065707	0.19740787	-1.9833509
1663926586719	10.119546	0.7432705	-3.9622152
1663926586773	9.938888	0.28384858	-4.5822554
1663926586780	9.838389	-0.5518447	-3.065505
1663926586800	9.852746	-1.3429717	-0.8605189
1663926586846	9.482756	-1.8002999	-0.8066803
1663926586858	9.194421	-1.3561323	-2.1894326
1663926586869	9.38465	-0.8437691	-2.7556343
1663926586882	9.759426	-0.79112697	-2.8657043
1663926586893	9.782158	-0.94695956	-2.8226335
1663926586907	9.524631	-0.93978107	-2.5256243
1663926586914	9.272188	-0.8844471	-2.0527427
1663926586977	9.136993	-0.8772686	-2.0192432
1663926586988	8.993125	-1.0091729	-2.4191437
1663926587000	8.804091	-1.0773684	-2.7915268
1663926587042	8.816056	-0.933799	-2.7735806
1663926587054	8.89502	-0.7540382	-2.4514468
1663926587107	8.871091	-0.770788	-2.5256243
1663926587120	8.75145	-0.95772725	-2.7628129
1663926587129	8.851949	-0.99601245	-3.1025937
1663926587137	9.402596	-1.0797613	-3.3086755
1663926587148	10.349556	-1.2855439	-3.240181
1663926587155	11.253146	-1.3034902	-2.548356
1663926587187	11.0760765	-1.3453646	-2.164009
1663926587198	10.003494	-1.3334004	-2.603391
1663926587208	8.915359	-1.2173486	-3.1719856
1663926587227	8.278568	-0.98524475	-3.519244
1663926587237	8.236693	-0.70378894	-3.5635111
1663926587246	8.581559	-0.56500524	-3.5060835
1663926587306	8.9979105	-0.59611195	-3.382853
1663926587317	9.454042	-0.6451648	-3.1564322
1663926587328	9.703195	-0.66071814	-2.8322048
1663926587337	9.5557375	-0.71336025	-2.7448666
1663926587392	9.243474	-0.7576275	-3.065505
1663926587400	9.013464	-0.7935198	-3.4522448
1663926587408	9.0436735	-0.7600203	-3.423531
1663926587417	9.211171	-0.75284183	-3.1504502
1663926587436	9.387043	-0.8389834	-2.9063823
1663926587443	9.500702	-0.91465646	-2.7532415
1663926587475	9.554541	-0.99960166	-2.5938199
1663926587482	9.506684	-0.9816555	-2.5172493
1663926587504	9.434899	-0.9553344	-2.4239295
1663926587512	9.329616	-0.99720883	-2.3581266
1663926587586	9.315259	-0.86171526	-2.341377
1663926587593	9.360723	-0.5805586	-2.2360928
1663926587598	9.515059	-0.23928227	-1.9438694
1663926587656	9.654142	-0.26799613	-1.7476579
1663926587669	9.728319	-1.5993029	-2.565106
1663926587673	9.977173	-2.5088747	-4.108177
1663926587678	9.608679	-2.0745773	-4.922036
1663926587684	9.430114	-1.5813566	-4.2050867
1663926587703	9.934102	-1.1503495	-2.4239295
1663926587709	10.406984	-0.5925227	-1.2317054
1663926587716	10.270593	-0.12921242	-1.9402801
1663926587771	9.77498	0.1160519	-3.6005998
1663926587780	9.009874	0.02632105	-4.2218366
1663926587796	8.247461	0.020338992	-3.8446677
1663926587848	7.8607216	0.08015956	-3.0152557
1663926587855	7.9304123	-0.04426722	-2.347359
1663926587863	8.503793	-0.22971097	-2.2301106
1663926587886	9.153743	-0.41784665	-2.7616165
1663926587896	9.506684	-0.45732823	-3.3469608
1663926587908	9.733106	-0.27756742	-3.545565
1663926587919	9.827621	-0.011964113	-3.1540394
1663926587975	9.84796	0.23120649	-2.9626136
1663926587985	9.798908	0.35324043	-3.0140593
1663926587995	9.58804	0.41784665	-3.12054
1663926588011	9.178867	0.36640096	-3.1516466
1663926588043	8.808877	0.27667013	-3.2294133
1663926588107	8.593523	0.16630118	-3.2796626
1663926588118	8.697611	0.013160525	-3.170789
1663926588127	9.017053	-0.17706887	-2.9195428
1663926588136	9.361918	-0.35324043	-2.544767
1663926588143	9.561719	-0.38434714	-2.2504497
1663926588150	9.573684	-0.33050862	-2.2552354
1663926588208	9.485149	-0.2955136	-2.5136602
1663926588217	9.390633	-0.3364907	-2.7349963
1663926588224	9.376275	-0.32063824	-2.7424738
1663926588229	9.466006	-0.26081768	-2.5495524
1663926588235	9.582058	-0.14955142	-2.300699
1663926588305	9.507881	-0.1363909	-2.2564318
1663926588314	9.462418	-0.13160525	-2.2241287
1663926588326	9.513863	-0.08853444	-2.1305094
1663926588337	9.554541	-0.049052864	-2.0072792
1663926588428	9.642178	0.0035892338	-1.9103698
1663926588445	9.825229	-0.015553347	-1.7727824
1663926588450	9.912567	-0.15553348	-1.5906289
1663926588455	9.932906	-0.1471586	-1.6531414
1663926588460	10.235897	0.20817557	-2.475375
1663926588468	10.503893	0.11485548	-3.6173496
1663926588475	10.485947	-0.58534425	-3.926323
1663926588483	10.4464655	-0.75523466	-3.1289146
1663926588489	10.397412	-0.25722843	-1.8170497
1663926588504	9.942477	-0.13160525	-1.3896317
1663926588513	9.347562	-0.6260222	-1.9259231
1663926588631	9.040084	-1.1503495	-2.5830522
1663926588642	8.944072	-1.3130615	-2.6907291
1663926588652	8.979964	-1.2173486	-2.5112674
1663926588661	9.006286	-1.1670992	-2.062314
1663926588672	8.916554	-1.2424731	-1.6184454
1663926588680	8.729915	-1.5263218	-2.0647068
1663926588702	8.477471	-1.8038892	-3.4211383
1663926588709	8.472686	-1.6196418	-4.4554358
1663926588716	9.007482	-1.0331012	-3.9622152
1663926588722	9.74148	-0.6008976	-2.6859434
1663926588730	10.120743	-0.42622152	-1.9510478
1663926588771	9.82164	-0.62482584	-2.2360928
1663926588780	9.175279	-1.1670992	-2.9458637
1663926588840	8.759825	-1.5490535	-3.2078779
1663926588848	8.705986	-1.7057835	-2.795116
1663926588856	8.98475	-1.489233	-2.347359
1663926588863	9.353543	-1.0893325	-2.1400807
1663926588886	9.589237	-0.7743772	-2.0599213
1663926588898	9.623035	-0.64636123	-2.1352952
1663926588907	9.543773	-0.7289136	-2.2037897
1663926588917	9.523434	-0.9517452	-2.015654
1663926588977	9.650553	-1.0737791	-1.8206389
1663926588988	9.838389	-1.0139586	-1.739283
1663926588997	9.953245	-0.89042914	-1.739283
1663926589007	9.857532	-0.8006983	-1.6818552
1663926589014	9.701999	-0.7253244	-1.6483557
1663926589106	9.473185	-0.817448	-1.6854445
1663926589119	9.263813	-1.1910275	-1.7225332
1663926589127	9.219545	-1.4916258	-1.7620147
1663926589137	9.317652	-1.3393825	-1.6169499
1663926589146	9.433703	-0.9613165	-1.5403795
1663926589218	9.549755	-1.0139586	-1.9761724
1663926589227	9.876675	-1.0881361	-2.43709
1663926589236	9.993923	-0.86291164	-2.8381867
1663926589244	9.81805	-0.93619186	-2.0754745
1663926589253	9.82164	-1.4988043	-1.7440686
1663926589263	10.032208	-1.2269198	-1.8840487
1663926589306	9.808479	-0.8258229	-2.2348964
1663926589317	9.382257	-0.72771716	-2.3605196
1663926589326	9.055637	-0.5841478	-2.4705894
1663926589336	8.845966	-0.40947178	-2.5172493
1663926589430	8.880662	-0.39391842	-2.4418755
1663926589446	9.193225	-0.3999005	-2.4598217
1663926589450	9.658928	-0.39032918	-2.4598217
1663926589456	10.112368	-0.47527438	-2.2767708
1663926589463	10.456037	-0.5171488	-2.1448665
1663926589471	10.399805	-0.474078	-2.28036
1663926589482	9.913763	-0.42023948	-2.4993033
1663926589490	9.35833	-0.42023948	-2.5782664
1663926589498	9.007482	-0.4022933	-2.6751757
1663926589505	8.917751	-0.40588254	-2.9805596
1663926589513	8.982357	-0.34127632	-3.223431
1663926589548	9.0436735	-0.3290131	-3.2976086
1663926589557	9.036494	-0.39391842	-3.3182468
1663926589633	9.037691	-0.42861435	-3.266502
1663926589641	9.026625	-0.39391842	-3.1839497
1663926589661	8.993125	-0.32542387	-3.1779675
1663926589673	8.973982	-0.23330021	-3.203092
1663926589706	9.0015	-0.21655045	-3.1695926
1663926589718	9.138189	-0.34606197	-3.054737
1663926589727	9.367901	-0.49800622	-2.9327033
1663926589738	9.580862	-0.535095	-2.7592237
1663926589772	9.686445	-0.41784665	-2.7448666
1663926589787	9.705587	-0.16510476	-3.1301112
1663926589800	9.61466	0.015553347	-3.3314073
1663926589846	9.431311	0.06819545	-3.1767712
1663926589855	9.267402	0.061016977	-2.9877381
1663926589864	9.196814	0.019142581	-2.8848467
1663926589874	9.212367	-0.046660043	-2.929114
1663926589904	9.272188	-0.12323037	-3.012863
1663926589915	9.390633	-0.18305093	-2.9506495
1663926589924	9.46481	-0.25962126	-2.8286154
1663926589933	9.476774	-0.35682967	-2.7532415
1663926589977	9.469596	-0.4441677	-2.7592237
1663926589989	9.562916	-0.45852464	-2.7843482
1663926590057	9.733106	-0.4034897	-2.835794
1663926590064	9.862318	-0.30269206	-2.819044
1663926590075	9.78814	-0.15433706	-2.7385855
1663926590107	9.497113	-0.010767702	-2.7424738
1663926590118	9.135797	-0.008374879	-2.798705
1663926590128	8.930911	-0.12562318	-2.996113
1663926590139	9.073584	-0.124426775	-3.2102706
1663926590149	9.41815	-0.13280165	-3.2210383
1663926590247	9.74148	-0.2440679	-3.1277182
1663926590256	10.002297	-0.1902294	-3.4259238
1663926590267	9.852746	-0.06580263	-4.1668015
1663926590278	9.333204	-0.30029923	-4.0938206
1663926590289	8.916554	-0.48125646	-3.4486556
1663926590298	8.726325	-0.6655038	-3.0978081
1663926590306	8.740682	-0.90508515	-3.1516466
1663926590315	8.787342	-1.090529	-3.3038898
1663926590325	8.930911	-1.1312069	-3.4007993
1663926590330	9.1669035	-1.0067801	-3.3146574
1663926590419	9.233903	-1.0079765	-3.1492536
1663926590425	9.220742	-1.1216356	-2.9602208
1663926590438	9.224331	-1.2340983	-2.876472
1663926590444	9.196814	-1.3477573	-3.0176485
1663926590449	9.150154	-1.3944174	-3.2389846
1663926590463	9.209974	-1.2628121	-3.2078779
1663926590477	9.328419	-1.0582259	-2.9781668
1663926590485	9.364311	-1.0582259	-2.8669007
1663926590491	9.389436	-1.1515459	-2.8716862
1663926590505	9.406186	-1.1946167	-2.8393831
1663926590513	9.419347	-1.1946167	-2.835794
1663926590633	9.41815	-1.16351	-2.847758
1663926590642	9.369097	-1.1048858	-2.8537402
1663926590649	9.285348	-1.1347961	-2.841776
1663926590657	9.293723	-1.2173486	-2.8034909
1663926590666	9.342776	-1.346561	-2.795116
1663926590671	9.379865	-1.372882	-2.8298118
1663926590708	9.361918	-1.4147564	-2.8178477
1663926590717	9.27817	-1.590928	-2.678765
1663926590726	9.1872425	-1.7691933	-2.6021945
1663926590734	9.1465645	-1.8254246	-2.5818555
1663926590772	9.183653	-1.7751753	-2.5674987
1663926590783	9.367901	-1.5430715	-2.5040889
1663926590794	9.546165	-1.2329018	-2.4263222
1663926590833	9.623035	-0.98524475	-2.4323041
1663926590843	9.61466	-0.82701933	-2.4825535
1663926590852	9.499506	-0.8282157	-2.5471597
1663926590859	9.376275	-0.9696914	-2.5639095
1663926590906	9.403793	-1.1252248	-2.5328028
1663926590916	9.516255	-1.1922239	-2.4622145
1663926590925	9.657731	-1.1527423	-2.4323041
1663926590932	9.796515	-1.0989038	-2.3712873
1663926590978	9.827621	-1.1802598	-2.3832514
1663926590989	9.661321	-1.4446666	-2.4634109
1663926591053	9.3104725	-1.7105691	-2.6883361
1663926591061	9.080762	-1.7644076	-2.8034909
1663926591069	9.165708	-1.41356	-2.7568307
1663926591076	9.479167	-0.8449655	-2.5004997
1663926591085	9.667302	-0.4429713	-2.3186452
1663926591105	9.609875	-0.31345975	-2.3353949
1663926591114	9.403793	-0.4764708	-2.4909284
1663926591121	9.238688	-0.80189466	-2.6273193
