Timestamp 	 X 	 Y 	 Z 
1663767123062	-41.737503	9.993751	44.943752
1663767123248	-41.943752	9.75	44.90625
1663767123482	-41.9625	9.5625	45.300003
1663767123693	-42.206253	9.375	45.018753
1663767123897	-42.16875	9.337501	44.756252
1663767124058	-42.15	9.46875	44.71875
1663767124259	-42.0	9.58125	44.550003
1663767124471	-42.112503	9.58125	44.381252
1663767124695	-42.225002	9.375	44.30625
1663767124892	-42.393753	9.0	44.15625
1663767125055	-42.675003	8.493751	43.7625
1663767125263	-42.9	7.8562503	43.48125
1663767125501	-43.10625	6.99375	43.350002
1663767125656	-43.575	5.775	43.0875
1663767125921	-44.25	4.21875	42.975002
1663767126129	-44.643753	2.86875	43.0125
1663767126266	-45.131252	1.44375	42.9
1663767126505	-45.487503	-0.0375	42.65625
1663767126654	-45.768753	-1.40625	42.487503
1663767126903	-45.862503	-2.6437502	42.3375
1663767127096	-45.975002	-3.9375002	42.09375
1663767127249	-45.99375	-5.34375	42.0
1663767127478	-46.050003	-6.5625005	41.71875
1663767127689	-46.125	-8.043751	41.268753
1663767128084	-46.18125	-9.58125	40.96875
1663767128087	-46.21875	-10.856251	40.893753
1663767128247	-46.275	-12.543751	41.0625
1663767128475	-46.4625	-14.08125	41.4
1663767128733	-46.78125	-15.76875	41.737503
1663767129016	-46.893753	-17.212502	42.037502
1663767129143	-46.725002	-18.46875	42.525
1663767129261	-46.7625	-19.556252	42.675003
1663767129438	-46.612503	-20.8125	42.787502
1663767129688	-46.55625	-22.0125	43.03125
1663767129980	-46.256252	-22.650002	42.91875
1663767130246	-46.068752	-23.7	42.768753
1663767130256	-45.84375	-24.375002	42.7125
1663767130447	-45.54375	-25.031252	42.7125
1663767130660	-45.28125	-25.837502	42.581253
1663767130839	-44.90625	-26.812502	42.825
1663767131054	-44.737503	-27.525002	43.125
1663767131239	-44.4	-28.125002	43.40625
1663767131449	-44.381252	-29.00625	43.85625
1663767131656	-44.268753	-29.493752	44.2125
1663767131832	-43.95	-30.0375	44.41875
1663767132059	-43.875	-30.618752	44.643753
1663767132247	-44.006252	-31.050001	44.925003
1663767132465	-43.987503	-31.1625	45.24375
1663767132656	-44.04375	-31.1625	45.393753
1663767132833	-44.006252	-31.425001	45.3375
1663767133057	-43.912502	-31.44375	45.2625
1663767133260	-43.706253	-31.556252	45.412502
1663767133446	-43.6875	-31.7625	45.506252
1663767133695	-43.55625	-31.968752	45.300003
1663767133859	-43.29375	-32.456253	45.3375
1663767134049	-43.068752	-33.05625	45.45
1663767134245	-42.768753	-33.825	45.825
1663767134450	-42.787502	-34.40625	46.425003
1663767134633	-42.65625	-34.893753	47.193752
1663767134833	-42.6375	-35.41875	47.362503
1663767135057	-42.525	-35.71875	47.68125
1663767135309	-42.3375	-35.8875	48.16875
1663767135515	-42.2625	-35.68125	48.393753
1663767135767	-42.412502	-35.53125	48.600002
1663767135912	-42.6375	-35.100002	48.45
1663767136193	-42.581253	-34.800003	48.112503
1663767136321	-42.675003	-34.3875	47.625
1663767136484	-42.6375	-34.21875	47.456253
1663767136793	-42.73125	-34.2	47.287502
1663767136920	-42.768753	-34.48125	47.287502
1663767137195	-42.9	-34.78125	47.41875
1663767137339	-42.80625	-35.175003	47.60625
1663767137473	-42.506252	-35.362503	47.943752
1663767137793	-42.5625	-35.362503	48.43125
1663767137832	-42.581253	-35.71875	48.862503
1663767138040	-42.5625	-35.8875	49.537502
1663767138249	-42.581253	-35.86875	49.95
1663767138437	-42.84375	-35.456253	50.1375
1663767138638	-43.125	-34.875	50.268753
1663767138999	-43.48125	-34.275	50.30625
1663767139204	-43.818752	-34.03125	49.987503
1663767139406	-43.74375	-33.99375	49.500004
1663767139649	-43.706253	-33.825	48.956253
1663767139700	-43.74375	-33.61875	48.6375
1663767139996	-43.85625	-33.46875	48.600002
1663767140155	-43.912502	-33.3375	48.975002
1663767140419	-43.893753	-33.61875	49.256252
1663767140584	-43.631252	-33.675003	49.256252
1663767140704	-43.55625	-34.0125	49.706253
1663767140917	-43.725002	-34.3125	50.23125
1663767141197	-43.893753	-34.125	50.643753
1663767141293	-44.1375	-34.068752	50.68125
1663767141467	-44.362503	-33.91875	50.475002
1663767141694	-44.100002	-34.050003	50.025
1663767141894	-43.95	-34.237503	49.781254
1663767142190	-43.987503	-34.65	49.95
1663767142382	-43.95	-34.350002	49.93125
1663767142578	-43.818752	-34.29375	49.968754
1663767142695	-43.6875	-34.55625	50.437504
1663767142905	-43.55625	-34.7625	50.98125
1663767143154	-43.237503	-34.96875	51.600002
1663767143416	-43.518753	-34.95	51.99375
1663767143635	-43.40625	-34.575	52.143753
1663767143702	-43.443752	-34.162502	52.10625
1663767143884	-43.4625	-34.125	52.18125
1663767144143	-43.5	-33.881252	52.050003
1663767144302	-43.55625	-33.881252	51.881252
1663767144451	-43.425003	-33.65625	51.581253
1663767144684	-43.575	-33.5625	51.468754
1663767144943	-43.4625	-33.581253	51.581253
1663767145094	-43.425003	-33.787502	51.768753
1663767145250	-43.350002	-33.956253	52.0125
1663767145527	-43.162502	-34.050003	52.218754
1663767145711	-43.21875	-33.9375	52.4625
1663767145857	-43.0875	-33.6375	52.537502
1663767146066	-43.3125	-33.35625	52.800003
1663767146302	-43.4625	-33.28125	52.893753
1663767146488	-43.40625	-33.018753	52.74375
1663767146722	-43.48125	-32.756252	52.65
1663767146933	-43.40625	-32.71875	52.537502
1663767147079	-43.40625	-32.68125	52.312504
1663767147269	-43.256252	-32.643753	52.162502
1663767147502	-43.2	-32.5875	52.29375
1663767147777	-43.0125	-32.60625	52.218754
1663767147870	-42.5625	-32.568752	52.3875
1663767148080	-42.46875	-32.68125	52.7625
1663767148268	-42.300003	-32.7	52.893753
1663767148518	-42.318752	-32.475002	53.006252
1663767148709	-42.43125	-32.15625	53.193752
1663767148860	-42.506252	-31.931252	53.41875
1663767149186	-42.65625	-32.04375	53.30625
1663767149293	-42.768753	-32.268753	53.30625
1663767149516	-42.80625	-32.4375	53.025
1663767149706	-42.7125	-32.49375	52.7625
1663767149860	-42.6375	-32.7	52.8375
1663767150120	-42.5625	-33.0	53.081253
1663767150306	-42.35625	-33.300003	53.4
1663767150484	-41.98125	-33.787502	53.68125
1663767150710	-41.68125	-34.0125	54.037502
1663767150858	-41.4	-34.275	54.300003
1663767151070	-41.34375	-33.9375	54.393753
1663767151312	-41.456253	-33.5625	54.45
1663767151497	-41.381252	-33.018753	54.35625
1663767151718	-41.287502	-32.60625	53.98125
1663767151893	-41.1375	-32.456253	53.362503
1663767152143	-41.175003	-32.41875	53.025
1663767152310	-41.0625	-32.325	52.575
1663767152516	-40.93125	-31.987501	52.55625
1663767152691	-40.6875	-32.100002	52.725002
1663767152885	-40.3875	-32.53125	52.818752
1663767153135	-40.36875	-32.850002	52.875004
1663767153275	-40.143753	-33.09375	53.193752
1663767153518	-40.2	-33.2625	53.5875
1663767153705	-40.10625	-33.075	53.550003
1663767153907	-40.18125	-32.831253	53.49375
1663767154088	-40.125	-32.662502	53.23125
1663767154274	-40.0875	-32.475002	53.100002
1663767154489	-40.050003	-32.15625	53.1375
1663767154693	-40.0125	-32.0625	53.1375
1663767154868	-40.068752	-32.04375	52.85625
1663767155066	-39.84375	-32.006252	52.781254
1663767155299	-39.75	-32.287502	53.006252
1663767155452	-39.54375	-32.60625	53.49375
1663767155688	-39.45	-33.05625	54.018753
1663767155876	-39.506252	-33.600002	54.375004
1663767156086	-39.375	-33.99375	54.73125
1663767156279	-39.393753	-34.3875	55.050003
1663767156517	-39.037502	-34.631252	55.55625
1663767156688	-39.131252	-34.65	55.85625
1663767156894	-39.112503	-34.40625	56.175003
1663767157077	-39.206253	-34.256252	55.987503
1663767157273	-39.318752	-33.91875	55.66875
1663767157481	-39.393753	-33.80625	55.443752
1663767157697	-39.375	-33.862503	54.825
1663767157868	-39.300003	-33.881252	54.35625
1663767158129	-39.5625	-33.675003	54.16875
1663767158306	-39.487503	-33.73125	54.131252
1663767158511	-39.54375	-33.862503	53.850002
1663767158709	-39.318752	-33.975002	53.60625
1663767158874	-39.15	-34.2	53.362503
1663767159082	-38.8875	-34.275	53.081253
1663767159300	-38.756252	-34.29375	53.100002
1663767159458	-38.756252	-34.03125	53.006252
1663767159705	-38.60625	-34.068752	52.631252
1663767159880	-38.5875	-33.825	52.031254
1663767160133	-38.8875	-33.581253	51.675003
1663767160306	-39.1875	-33.45	51.600002
1663767160528	-39.5625	-33.16875	51.412502
1663767160691	-39.84375	-33.0	51.112503
1663767160837	-40.2	-32.756252	50.775
1663767161052	-39.99375	-32.9625	50.5125
1663767161240	-40.068752	-33.131252	50.362503
1663767161440	-39.956253	-33.5625	50.568752
1663767161641	-39.6375	-33.99375	50.812504
1663767161838	-39.45	-34.36875	51.093754
1663767162042	-39.16875	-34.875	51.375004
1663767162305	-38.925003	-35.1375	51.7125
1663767162487	-38.8125	-35.30625	52.125004
1663767162706	-38.98125	-35.362503	52.256252
1663767162897	-39.225002	-35.100002	52.218754
1663767163086	-39.45	-34.95	52.068752
1663767163310	-39.65625	-34.59375	51.73125
1663767163480	-39.825	-34.256252	51.187504
1663767163695	-40.068752	-34.125	50.831253
1663767163887	-40.2	-34.10625	50.737503
1663767164088	-40.29375	-34.237503	50.49375
1663767164304	-40.443752	-34.3875	50.60625
1663767164515	-40.237503	-34.66875	50.9625
1663767164683	-40.2	-34.800003	51.375004
1663767164896	-40.050003	-35.15625	52.031254
1663767165096	-39.80625	-35.49375	52.29375
1663767165348	-39.506252	-35.86875	52.3875
1663767165535	-39.2625	-36.09375	52.36875
1663767165699	-39.0	-36.09375	52.48125
1663767165883	-38.943752	-35.943752	52.55625
1663767166091	-39.09375	-35.662502	52.500004
1663767166310	-39.318752	-35.362503	52.143753
1663767166491	-39.54375	-35.0625	51.300003
1663767166693	-39.84375	-34.818752	51.112503
1663767166868	-40.125	-34.2	51.037502
1663767167070	-40.4625	-33.7125	50.925003
1663767167338	-40.74375	-33.46875	50.625004
1663767167507	-40.8375	-33.525	50.23125
1663767167695	-40.6875	-33.693752	50.025
1663767167870	-40.78125	-33.956253	50.175003
1663767168180	-40.706253	-34.18125	50.531254
1663767168326	-40.575	-34.256252	51.000004
1663767168538	-40.706253	-34.3125	51.037502
1663767168718	-40.8375	-34.237503	51.018753
1663767168908	-40.912502	-34.21875	51.35625
1663767169130	-40.78125	-33.84375	51.862503
1663767169318	-41.04375	-33.393753	52.031254
1663767169454	-40.95	-33.018753	51.975002
1663767169690	-41.2125	-32.60625	51.91875
1663767169889	-41.5125	-32.006252	51.768753
1663767170133	-41.475002	-31.9125	51.975002
1663767170385	-41.4375	-31.650002	52.237503
1663767170688	-41.8125	-31.5375	52.143753
1663767170692	-42.037502	-31.518751	51.956253
1663767170859	-42.018753	-31.743752	51.881252
1663767171072	-42.018753	-31.725	52.031254
1663767171249	-41.850002	-32.100002	52.2
1663767171444	-41.568752	-32.23125	52.350002
1663767171644	-41.287502	-32.23125	52.3875
1663767171838	-41.268753	-32.287502	52.687504
1663767172057	-41.025	-32.11875	53.04375
1663767172243	-40.893753	-32.1375	53.325
1663767172443	-40.65	-32.193752	53.568752
1663767172644	-40.443752	-32.287502	53.475002
1663767172843	-40.40625	-31.725	53.4
1663767173048	-40.55625	-31.556252	53.156254
1663767173386	-40.6875	-31.218752	52.968754
1663767173498	-40.66875	-31.031252	52.575
1663767173703	-40.65	-30.768751	52.29375
1663767173906	-40.65	-30.468752	51.975002
1663767174150	-40.7625	-30.2625	51.825
1663767174323	-40.7625	-30.243752	51.7125
1663767174574	-40.706253	-30.50625	51.73125
1663767174695	-40.612503	-30.675001	51.825
1663767174911	-40.575	-30.900002	52.125004
1663767175174	-40.3875	-30.993752	52.350002
1663767175316	-40.050003	-31.368752	52.518753
1663767175532	-39.825	-31.48125	52.875004
1663767175682	-39.65625	-31.35	53.081253
1663767175907	-39.75	-30.768751	53.250004
1663767176145	-39.80625	-30.31875	53.30625
1663767176319	-40.0125	-30.093752	53.456253
1663767176520	-40.10625	-29.868752	53.4
1663767176698	-40.125	-29.925001	53.475002
1663767176911	-40.256252	-29.587502	53.550003
1663767177077	-40.48125	-29.587502	53.456253
1663767177308	-40.706253	-29.7	53.643753
1663767177459	-40.706253	-29.925001	53.9625
1663767177715	-40.612503	-30.243752	54.393753
1663767177984	-40.18125	-30.393751	54.61875
1663767178092	-39.787502	-30.468752	54.825
1663767178281	-39.6375	-30.468752	54.843754
1663767178495	-39.506252	-30.45	54.956253
1663767178733	-39.3375	-30.112501	54.937504
1663767178936	-39.3375	-29.85	54.9
1663767179170	-39.3375	-29.775002	54.768753
1663767179316	-39.225002	-29.737501	54.581253
1663767179520	-39.2625	-29.925001	54.300003
1663767179734	-39.35625	-30.112501	54.393753
1663767179989	-39.28125	-30.16875	54.787502
1663767180107	-39.15	-30.468752	55.125004
1663767180304	-38.9625	-30.91875	55.781254
1663767180511	-38.625	-31.331251	56.437504
1663767180693	-38.4	-31.518751	57.187504
1663767181018	-38.1375	-31.556252	57.881252
1663767181062	-37.95	-31.331251	58.48125
1663767181320	-37.893753	-31.031252	58.8375
1663767181499	-38.11875	-30.675001	58.74375
1663767181729	-38.11875	-30.375002	58.706253
1663767182019	-38.175003	-30.2625	58.425003
1663767182175	-38.11875	-30.000002	58.10625
1663767182321	-37.96875	-29.94375	57.750004
1663767182549	-37.800003	-29.85	57.375004
1663767182747	-37.65	-29.812502	57.45
1663767182929	-37.631252	-29.737501	57.45
1663767183200	-37.36875	-30.018751	57.693752
1663767183279	-37.29375	-30.16875	57.54375
1663767183441	-37.068752	-29.868752	57.206253
1663767183681	-37.10625	-29.812502	56.925003
1663767183843	-37.0125	-29.587502	56.625004
1663767184054	-37.2	-29.437502	56.41875
1663767184293	-37.36875	-29.456251	56.268753
1663767184443	-37.3125	-29.531252	55.85625
1663767184648	-37.275	-29.475	55.275
1663767184893	-37.143753	-29.362501	55.218754
1663767185041	-37.143753	-29.550001	55.518753
1663767185252	-36.956253	-29.5125	55.781254
1663767185479	-36.9375	-29.6625	55.968754
1663767185638	-36.75	-29.925001	55.93125
1663767185843	-36.318752	-29.85	55.4625
1663767186057	-35.9625	-29.94375	55.36875
1663767186245	-35.831253	-29.79375	55.3875
1663767186459	-35.662502	-29.75625	55.2
1663767186648	-35.625	-29.60625	54.787502
1663767186835	-35.49375	-29.737501	54.375004
1663767187040	-35.287502	-29.7	53.906254
1663767187267	-35.100002	-29.437502	53.7
1663767187477	-35.0625	-29.550001	53.60625
1663767187699	-35.11875	-29.587502	53.7
1663767188008	-34.912502	-29.85	53.831253
1663767188153	-34.875	-30.018751	53.86875
1663767188249	-34.55625	-30.281252	53.8875
1663767188441	-34.4625	-30.525002	53.943752
1663767188671	-34.275	-30.7875	53.718754
1663767188836	-34.18125	-31.031252	53.568752
1663767189087	-34.0875	-30.975	53.49375
1663767189242	-33.9375	-30.937502	53.287502
1663767189482	-33.91875	-30.900002	52.8375
1663767189650	-33.581253	-30.975	52.48125
1663767189833	-33.43125	-30.956251	52.350002
1663767190034	-32.98125	-31.050001	52.331253
1663767190261	-32.79375	-31.143751	52.66875
1663767190454	-32.456253	-31.368752	52.95
1663767190647	-32.193752	-31.931252	53.156254
1663767190837	-31.7625	-32.5875	53.531254
1663767191046	-31.406252	-33.09375	54.037502
1663767191237	-31.125002	-33.506252	54.525
1663767191440	-30.88125	-34.143753	55.068752
1663767191644	-30.750002	-34.275	55.0125
1663767191835	-30.73125	-34.425003	55.18125
1663767192046	-30.806252	-34.3125	55.125004
1663767192245	-31.125002	-34.125	54.787502
1663767192558	-31.2	-33.787502	54.300003
1663767192689	-31.25625	-33.487503	53.925003
1663767192869	-31.425001	-33.46875	53.49375
1663767193047	-31.331251	-33.46875	52.912502
1663767193275	-31.125002	-33.693752	52.875004
1663767193547	-31.06875	-33.91875	52.85625
1663767193687	-30.806252	-34.3875	53.11875
1663767193882	-30.225	-34.6875	53.831253
1663767194146	-29.906252	-35.081253	54.393753
1663767194282	-29.41875	-35.4	54.787502
1663767194539	-29.00625	-35.737503	55.331253
1663767194684	-28.81875	-36.05625	55.912502
1663767194948	-28.968752	-35.9625	56.30625
1663767195075	-28.687502	-35.9625	56.437504
1663767195267	-28.706251	-35.98125	56.268753
1663767195542	-28.66875	-36.206253	55.987503
1663767195690	-28.66875	-36.16875	55.8375
1663767195965	-28.875002	-36.412502	55.74375
1663767196068	-28.85625	-36.225002	55.593754
1663767196351	-28.85625	-35.90625	55.29375
1663767196485	-28.66875	-36.112503	55.256252
1663767196731	-28.650002	-36.24375	55.443752
1663767196970	-28.500002	-36.43125	55.706253
1663767197066	-28.44375	-36.3375	56.081253
1663767197292	-28.368752	-36.525	56.437504
1663767197484	-27.956251	-36.675003	56.86875
1663767197743	-27.862501	-36.84375	57.412502
1663767197955	-27.7875	-36.975002	58.050003
1663767198088	-27.768751	-37.0875	58.537502
1663767198273	-27.73125	-36.9375	58.893753
1663767198493	-27.618752	-36.862503	59.381252
1663767198730	-27.73125	-36.73125	59.60625
