Timestamp 	 X 	 Y 	 Z 
1663756193789	8.942876	0.72293156	-3.3840494
1663756193792	9.476774	0.5602196	-2.2229323
1663756193817	9.757033	0.4549354	-1.6507485
1663756193824	9.673285	0.5171488	-2.0144575
1663756193841	9.385847	0.5697909	-2.766402
1663756193849	9.275777	0.6583253	-3.0870404
1663756193915	9.304491	0.6750751	-2.9075787
1663756193919	9.409775	0.65353966	-2.524428
1663756193923	9.479167	0.6367899	-2.388037
1663756193956	9.479167	0.6367899	-2.388037
1663756194007	9.327223	0.74207413	-2.847758
1663756194010	9.370294	0.8141579	-2.7158537
1663756194014	9.369097	0.7013961	-2.7385855
1663756194020	9.378669	0.5925227	-2.7723842
1663756194139	9.346365	0.6523433	-2.76042
1663756194147	9.309277	0.6966105	-2.8860433
1663756194152	9.342776	0.7396813	-2.929114
1663756194160	9.381062	0.79740816	-2.7795627
1663756194163	9.390633	0.7516454	-2.7086751
1663756194168	9.41456	0.602094	-2.8381867
1663756194173	9.419347	0.4956134	-2.9183464
1663756194207	9.372686	0.4884349	-2.9219356
1663756194216	9.29133	0.5662017	-2.8896325
1663756194219	9.239884	0.5769694	-3.0284162
1663756194318	9.213564	0.55782676	-3.1396823
1663756194323	9.239884	0.5901299	-3.1743784
1663756194329	9.243474	0.6547361	-3.1289146
1663756194335	9.29492	0.7468598	-3.0726833
1663756194340	9.373882	0.78394854	-3.0487552
1663756194347	9.35474	0.6762715	-3.0607193
1663756194399	9.275777	0.56141603	-3.012863
1663756194403	9.24826	0.5063811	-2.9111679
1663756194407	9.265009	0.45613182	-2.8633113
1663756194413	9.32483	0.4872385	-2.868097
1663756194520	9.466006	0.58534425	-2.7759733
1663756194524	9.5760765	0.6619146	-2.6572297
1663756194528	9.589237	0.6655038	-2.6608188
1663756194533	9.454042	0.58654064	-2.8034909
1663756194540	9.298509	0.6236294	-2.9578278
1663756194559	9.245867	0.67028946	-3.0607193
1663756194608	9.29133	0.69900334	-3.1169505
1663756194615	9.339187	0.669093	-3.0236306
1663756194620	9.298509	0.6260222	-2.9482565
1663756194626	9.2590275	0.63798636	-2.9530423
1663756194632	9.23151	0.62721866	-3.063112
1663756194651	9.196814	0.62123656	-3.1504502
1663756194657	9.233903	0.64995044	-3.045166
1663756194727	9.281759	0.689432	-2.9817562
1663756194745	9.24826	0.67148584	-3.0080771
1663756194757	9.180064	0.6475576	-3.0846474
1663756194771	9.196814	0.6523433	-3.1169505
1663756194812	9.337991	0.63918275	-2.9829526
1663756194825	9.513863	0.58893347	-2.8094728
1663756194834	9.471989	0.57936215	-2.798705
1663756194848	9.267402	0.61764735	-2.96381
1663756194904	9.171689	0.6774679	-3.1013973
1663756194916	9.255438	0.7193423	-3.1767712
1663756194931	9.347562	0.7217351	-3.1301112
1663756194941	9.2793665	0.73011	-3.0523443
1663756194948	9.194421	0.71216387	-3.1432717
1663756194954	9.206385	0.74566334	-3.2880373
1663756194976	9.257831	0.85124665	-3.298805
1663756195012	9.315259	0.96849495	-3.1468608
1663756195022	9.378669	0.927817	-3.0798619
1663756195032	9.474381	0.7719844	-3.091826
1663756195043	9.5760765	0.663111	-2.9506495
1663756195129	9.578469	0.5985048	-2.8704898
1663756195142	9.668499	0.63559353	-2.7520452
1663756195151	9.584451	0.7193423	-2.617748
1663756195162	8.970393	0.6164509	-2.876472
1663756195175	8.554042	0.50039905	-3.5934215
1663756195185	8.862716	0.6870392	-3.8063827
1663756195212	9.336794	0.948156	-3.173182
1663756195224	9.553345	0.91465646	-2.6344976
1663756195234	9.361918	0.68225354	-2.6201408
1663756195247	9.044869	0.59611195	-2.8752756
1663756195362	8.915359	0.7109674	-3.1396823
1663756195373	9.062816	0.8045866	-3.2545378
1663756195384	9.311669	0.77677006	-3.0535407
1663756195398	9.5665045	0.6750751	-2.8094728
1663756195408	9.597911	0.68105716	-2.6859434
1663756195418	9.506684	0.7540382	-2.7879374
1663756195430	9.389436	0.82612205	-2.9673991
1663756195440	9.250652	0.84406817	-3.051148
1663756195452	9.201599	0.7962117	-3.0008986
1663756195459	9.160921	0.6559325	-2.9973094
1663756195562	9.15494	0.6451648	-3.0667014
1663756195574	9.298509	0.7396813	-3.045166
1663756195582	9.377472	0.79112697	-2.9219356
1663756195590	9.348758	0.7683952	-2.8322048
1663756195599	9.29492	0.7468598	-2.8752756
1663756195604	9.317652	0.7432705	-2.9482565
1663756195609	9.35833	0.70618176	-2.9602208
1663756195618	9.3511505	0.6942177	-2.8920252
1663756195631	9.35474	0.68105716	-2.902793
1663756195643	9.385847	0.7408777	-2.914757
1663756195654	9.385847	0.79860455	-2.8609185
1663756195668	9.363115	0.7217351	-2.8226335
1663756195678	9.335598	0.6559325	-2.8585258
1663756195767	9.349955	0.60329044	-2.8776684
1663756195781	9.318848	0.58534425	-2.8633113
1663756195789	9.254242	0.5518447	-2.786741
1663756195803	9.254242	0.51236314	-2.754438
1663756195818	9.315259	0.4621139	-2.7302105
1663756195829	9.394221	0.44536412	-2.693122
1663756195838	9.493524	0.4645067	-2.5734808
1663756195848	9.515059	0.51116675	-2.4430718
1663756195891	9.438489	0.45134616	-2.5375884
1663756195904	9.378669	0.44775695	-2.7062824
1663756195916	9.38465	0.5135596	-2.7182465
1663756195932	9.369097	0.53270215	-2.6835506
1663756195946	9.323633	0.53988063	-2.7146573
1663756196012	9.314062	0.54346985	-2.7520452
1663756196022	9.364311	0.5135596	-2.7616165
1663756196033	9.424132	0.48006004	-2.7314072
1663756196046	9.499506	0.42861435	-2.6991038
1663756196056	9.546165	0.52313083	-2.5986054
1663756196069	9.580862	0.6056832	-2.5698915
1663756196157	9.407382	0.55782676	-2.7158537
1663756196173	9.328419	0.4968098	-2.8597221
1663756196186	9.378669	0.48006004	-2.8286154
1663756196201	9.499506	0.53629136	-2.6536403
1663756196212	9.658928	0.5901299	-2.3952155
1663756196227	9.760623	0.6164509	-2.3461626
1663756196242	9.637392	0.6260222	-2.4119651
1663756196253	9.357133	0.68105716	-2.6775684
1663756196264	9.105886	0.6870392	-2.8776684
1663756196276	9.011071	0.63798636	-3.0487552
1663756196364	9.0182495	0.61046886	-3.1480572
1663756196380	9.104691	0.58534425	-2.8369904
1663756196392	9.275777	0.52313083	-2.6344976
1663756196404	9.381062	0.48125646	-2.6512475
1663756196413	9.427721	0.52313083	-2.6608188
1663756196426	9.413364	0.57577294	-2.6919255
1663756196441	9.363115	0.5027919	-2.7290142
1663756196455	9.32483	0.39511484	-2.7314072
1663756196466	9.355937	0.36161533	-2.71705
1663756196478	9.445667	0.40468612	-2.652444
1663756196566	9.479167	0.41306102	-2.6404798
1663756196584	9.590433	0.4776672	-2.6392834
1663756196598	9.753445	0.56141603	-2.5064816
1663756196614	9.766604	0.60329044	-2.4861426
1663756196623	9.444471	0.47886363	-2.7699914
1663756196634	9.080762	0.31375888	-3.1109686
1663756196644	8.8543415	0.25752753	-3.205485
1663756196656	8.893823	0.2635096	-3.132504
1663756196669	9.15135	0.2551347	-2.9410782
1663756196678	9.389436	0.24795625	-2.7975087
1663756196695	9.524631	0.29102704	-2.5818555
1663756196711	9.594023	0.40827537	-2.3030918
1663756196726	9.662517	0.4776672	-2.204986
1663756196781	9.716355	0.53389853	-2.3641088
1663756196795	9.663713	0.5566304	-2.4969103
1663756196809	9.488738	0.6523433	-2.5615165
1663756196824	9.359526	0.7468598	-2.6333013
1663756196832	9.280562	0.799801	-2.7999015
1663756196840	9.30808	0.8285148	-2.9159534
1663756196851	9.404989	0.7926225	-2.8956144
1663756196864	9.457631	0.6343971	-2.8692935
1663756196907	9.480363	0.45014977	-2.8860433
1663756196923	9.382257	0.3077768	-2.9997022
1663756196939	9.2590275	0.2958127	-3.1169505
1663756196953	9.192028	0.38793638	-3.1348968
1663756196966	9.215957	0.42981076	-3.1337004
1663756196980	9.315259	0.41545382	-3.083451
1663756196995	9.343972	0.36520454	-3.0092735
1663756197025	9.266206	0.3699902	-3.016452
1663756197038	9.255438	0.37477586	-3.0475588
1663756197053	9.302098	0.3580261	-3.0355947
1663756197066	9.323633	0.37238303	-3.016452
1663756197158	9.339187	0.39870408	-3.0272198
1663756197177	9.343972	0.4657031	-3.0080771
1663756197187	9.336794	0.5195416	-3.0236306
1663756197199	9.312865	0.55304116	-3.0990045
1663756197212	9.290133	0.55423754	-3.1863425
1663756197225	9.226724	0.5303093	-3.1516466
1663756197239	9.236296	0.53389853	-3.1025937
1663756197255	9.293723	0.5063811	-3.0942187
1663756197272	9.298509	0.48245287	-3.0882368
1663756197286	9.270991	0.4776672	-3.0942187
1663756197364	9.218349	0.51236314	-3.1301112
1663756197384	9.225528	0.5374878	-3.1492536
1663756197393	9.253045	0.5554339	-3.1779675
1663756197400	9.268599	0.5901299	-3.1971102
1663756197413	9.27817	0.59611195	-3.1947174
1663756197425	9.27817	0.54346985	-3.1887352
1663756197434	9.263813	0.48963133	-3.2186456
1663756197446	9.263813	0.4764708	-3.2246277
1663756197460	9.2793665	0.50159544	-3.1983066
1663756197475	9.254242	0.5135596	-3.132504
1663756197563	9.233903	0.5051847	-3.1265218
1663756197575	9.227921	0.44057846	-3.161218
1663756197583	9.27817	0.44177487	-3.173182
1663756197592	9.32483	0.4872385	-3.1025937
1663756197601	9.3200445	0.541077	-3.0523443
1663756197614	9.272188	0.5937191	-3.0738797
1663756197628	9.24467	0.6236294	-3.1348968
1663756197642	9.256635	0.58534425	-3.1564322
1663756197655	9.257831	0.5195416	-3.1396823
1663756197668	9.257831	0.5027919	-3.161218
1663756197683	9.275777	0.5805586	-3.1600213
1663756197697	9.27817	0.6774679	-3.161218
1663756197712	9.239884	0.6655038	-3.199503
1663756197768	9.200403	0.6116653	-3.2641091
1663756197783	9.239884	0.61405814	-3.2413774
1663756197798	9.267402	0.62841505	-3.1253254
1663756197816	9.26142	0.6116653	-3.0643084
1663756197827	9.24467	0.6056832	-3.0978081
1663756197840	9.220742	0.5626124	-3.1779675
1663756197855	9.227921	0.5626124	-3.1636107
1663756197866	9.226724	0.58893347	-3.095415
1663756197909	9.262616	0.60687965	-3.051148
1663756197921	9.32483	0.6008976	-3.0032916
1663756197938	9.37149	0.5051847	-3.0068808
1663756197950	9.302098	0.4776672	-3.0068808
1663756197961	9.282955	0.49441698	-3.0296125
1663756197974	9.334401	0.5518447	-3.0056844
1663756197991	9.372686	0.5841478	-2.9422746
1663756198004	9.341579	0.5602196	-2.9745777
1663756198019	9.263813	0.5769694	-3.065505
1663756198031	9.205189	0.6044868	-3.1313076
1663756198039	9.202796	0.6260222	-3.1109686
1663756198048	9.253045	0.60807604	-3.0810583
1663756198058	9.333204	0.6092725	-3.0475588
1663756198087	9.328419	0.6523433	-3.0702906
1663756198110	9.263813	0.68464637	-3.0643084
1663756198116	9.218349	0.70259255	-3.1145577
1663756198153	9.254242	0.6942177	-3.0978081
1663756198168	9.317652	0.6511469	-3.065505
1663756198178	9.327223	0.57816577	-3.0439694
1663756198199	9.265009	0.5805586	-3.024827
1663756198221	9.233903	0.62721866	-3.0188448
1663756198245	9.268599	0.64995044	-3.05713
1663756198257	9.311669	0.663111	-3.0260234
1663756198286	9.341579	0.6056832	-2.935096
1663756198294	9.345169	0.5554339	-2.9255247
1663756198305	9.339187	0.50398827	-3.0008986
1663756198327	9.30808	0.541077	-3.0415766
1663756198345	9.290133	0.56141603	-3.036791
1663756198390	9.288938	0.58654064	-2.9997022
1663756198401	9.303294	0.5769694	-3.0116663
1663756198410	9.284152	0.5554339	-2.9997022
1663756198429	9.260223	0.5566304	-3.0092735
1663756198482	9.270991	0.56380886	-3.0272198
1663756198492	9.297313	0.58534425	-2.9829526
1663756198500	9.3200445	0.5985048	-2.9590242
1663756198509	9.332008	0.5829514	-2.9243283
1663756198523	9.318848	0.5805586	-2.9135606
1663756198534	9.309277	0.5518447	-2.9542387
1663756198562	9.309277	0.5494519	-2.9949167
1663756198597	9.332008	0.6044868	-3.0092735
1663756198610	9.312865	0.6762715	-2.9650064
1663756198621	9.288938	0.7085746	-2.943471
1663756198647	9.29492	0.6750751	-2.9997022
1663756198662	9.306884	0.6451648	-3.01047
1663756198669	9.302098	0.62721866	-2.992524
1663756198702	9.290133	0.6308079	-3.012863
1663756198715	9.26142	0.6475576	-3.030809
1663756198774	9.237492	0.6798607	-3.0439694
1663756198787	9.284152	0.68105716	-3.051148
1663756198796	9.286545	0.64875406	-3.0140593
1663756198809	9.333204	0.6236294	-3.0284162
1663756198813	9.370294	0.62841505	-2.9769704
1663756198832	9.286545	0.6116653	-2.9973094
1663756198844	9.220742	0.59611195	-3.0870404
1663756198879	9.220742	0.6655038	-3.1133614
1663756198885	9.250652	0.7265208	-3.0762727
1663756198900	9.284152	0.7265208	-3.0475588
1663756198922	9.327223	0.6678966	-3.0320053
1663756198944	9.312865	0.6643074	-3.0475588
1663756198976	9.304491	0.68464637	-3.05713
1663756198987	9.2793665	0.74446696	-3.045166
1663756199023	9.287741	0.72771716	-3.0499516
1663756199035	9.266206	0.65712893	-3.054737
1663756199045	9.276974	0.6475576	-3.065505
1663756199055	9.303294	0.66071814	-3.012863
1663756199078	9.280562	0.6906284	-2.9829526
1663756199110	9.275777	0.7001997	-3.012863
1663756199122	9.3200445	0.6583253	-3.0343983
1663756199153	9.357133	0.68105716	-2.9985058
1663756199162	9.309277	0.669093	-3.0020952
1663756199180	9.241081	0.6619146	-3.045166
1663756199192	9.199206	0.69302124	-3.0990045
1663756199225	9.200403	0.7265208	-3.1013973
1663756199234	9.250652	0.7492526	-3.0822546
1663756199259	9.335598	0.74446696	-3.0379875
1663756199272	9.327223	0.71216387	-3.0116663
1663756199314	9.281759	0.69541407	-3.0415766
1663756199323	9.262616	0.70618176	-3.024827
1663756199337	9.263813	0.7073782	-3.0272198
1663756199344	9.269794	0.6798607	-2.9793632
1663756199364	9.257831	0.6367899	-2.9913275
1663756199388	9.260223	0.64277196	-2.9662027
1663756199402	9.352347	0.69541407	-2.9386854
1663756199426	9.399008	0.7372885	-2.9985058
1663756199470	9.391829	0.8009974	-3.0930223
1663756199480	9.236296	0.81894356	-3.193521
1663756199492	9.1465645	0.76600236	-3.4055848
1663756199513	9.080762	0.6439684	-3.6891344
1663756199527	9.218349	0.7372885	-3.458227
1663756199574	9.409775	0.91106725	-2.82383
1663756199584	9.431311	0.8739785	-2.5339992
1663756199593	9.37149	0.6906284	-2.6620152
1663756199618	9.367901	0.53389853	-2.7302105
1663756199624	9.41456	0.3592225	-2.5495524
1663756199658	9.361918	0.26590243	-2.341377
1663756199669	9.2997055	0.36041892	-2.333002
1663756199683	9.275777	0.44057846	-2.5052853
1663756199706	9.227921	0.581755	-2.705086
1663756199724	9.235099	0.70378894	-2.8034909
1663756199780	9.341579	0.7492526	-2.8669007
1663756199789	9.534202	0.76241314	-2.815455
1663756199797	9.697213	0.7743772	-2.71705
1663756199806	9.716355	0.887139	-2.6979074
1663756199817	9.571291	1.1036894	-2.696711
1663756199832	9.440882	1.2293127	-2.696711
1663756199869	9.135797	1.1001002	-2.9542387
1663756199881	8.770593	0.83090764	-3.2796626
1663756199900	8.927322	0.6332007	-3.266502
1663756199911	9.469596	0.5075775	-2.6979074
1663756199929	9.839586	0.40707895	-2.1894326
1663756199970	9.71157	0.35682967	-1.9414765
1663756199981	9.328419	0.31974092	-2.28036
1663756200007	9.133404	0.2742773	-2.737389
1663756200026	9.147761	0.33170503	-3.0116663
1663756200036	9.238688	0.45732823	-2.9805596
1663756200060	9.306884	0.7289136	-2.7963123
1663756200069	9.32124	1.0163515	-2.7278178
1663756200112	9.239884	1.0642079	-2.8334012
1663756200124	9.110672	1.0666007	-3.2377882
1663756200133	9.093923	1.1407782	-3.4331024
1663756200150	9.266206	1.2723835	-3.199503
1663756200162	9.594321	1.352543	-2.7266214
1663756200182	9.589237	1.1958131	-2.6392834
1663756200207	9.164511	0.9553344	-2.856133
1663756200229	8.804091	1.0007981	-2.9590242
1663756200266	8.694022	1.055833	-3.2473595
1663756200278	8.643773	0.8979067	-3.7190447
1663756200286	8.690433	0.8380861	-3.8641095
1663756200296	9.120243	1.1383854	-3.687938
1663756200326	9.733106	1.623231	-3.2581272
1663756200354	10.126724	1.9824536	-2.844169
1663756200383	10.161719	1.9501505	-2.5842485
1663756200397	10.108778	1.7105691	-2.5674987
1663756200407	9.862318	1.4246268	-2.8298118
1663756200430	9.489935	1.2436695	-3.071487
1663756200439	9.131011	1.183849	-2.9829526
1663756200453	9.008678	1.1479566	-2.737389
1663756200485	9.066405	1.0295119	-2.455036
1663756200493	9.023035	0.93260264	-2.3018954
1663756200524	8.922537	0.90029955	-2.0551355
1663756200534	9.036494	1.0654043	-1.7847466
1663756200548	9.056833	1.183849	-1.5954145
1663756200584	8.867501	1.2149557	-1.5391831
1663756200605	8.774181	1.1599208	-1.5284154
1663756200616	9.111869	1.2005987	-1.3836497
1663756200643	9.531809	1.3441681	-1.183849
1663756200653	9.680463	1.3803595	-0.92632145
1663756200661	9.910174	1.2879368	-0.7265208
1663756200703	10.205987	1.224527	-0.37208393
1663756200714	10.215558	0.948156	-0.2656033
1663756200723	9.548559	0.39750767	-0.2548356
1663756200763	8.948857	0.25393832	-1.7117655
1663756200777	11.078469	1.0654043	-6.495018
1663756200786	11.625529	2.1296122	-9.066405
1663756200814	8.838788	3.3409786	-3.7106698
1663756200827	9.000303	4.813462	-2.8633113
1663756200866	9.54497	3.1316066	-2.9327033
1663756200876	9.394221	0.90508515	-4.898108
1663756200885	8.942876	-0.43698925	-5.1879387
1663756200899	8.36471	-1.0773684	-3.8027935
1663756200912	7.7997046	-1.1156535	-2.926721
1663756200929	7.602297	-0.72412795	-3.1887352
1663756200949	8.026125	0.2105684	-3.10379
1663756200975	9.336794	1.1946167	-3.5874393
1663756200996	9.973584	1.7201403	-3.429513
1663756201010	9.986745	1.806282	-2.778366
1663756201026	9.674481	1.1431711	-2.2301106
1663756201045	9.162118	0.106480606	-2.2085752
1663756201090	9.080762	-0.7492526	-2.4382863
1663756201112	9.370294	-1.1324034	-2.650051
1663756201120	9.456435	-1.0749756	-2.5088747
1663756201133	9.160921	-0.31106696	-2.1675982
1663756201149	9.352347	0.63559353	-1.7763717
1663756201168	9.938888	1.0474582	-1.2556337
1663756201202	10.397412	1.0666007	-0.36610186
1663756201206	10.252646	0.770788	0.2228316
1663756201224	9.225528	0.37477586	-0.2548356
1663756201239	8.993125	-0.3278167	-1.9785652
1663756201258	10.6307125	-1.2340983	-5.4607205
1663756201276	12.662219	-0.12323037	-7.9686975
1663756201314	11.883057	1.4258232	-6.588338
1663756201324	9.442079	1.2460624	-1.7033906
1663756201337	8.324032	-0.28115666	-0.3505485
1663756201386	10.098011	-1.7344973	-0.8952148
1663756201396	11.672189	-1.7201403	-2.8633113
1663756201405	10.250254	-0.5985048	-4.336692
1663756201424	9.387043	0.95653087	-3.984947
1663756201441	8.236693	2.0638096	-4.1237307
1663756201457	7.6680994	3.4749768	-3.5072799
1663756201496	8.132606	4.817051	-2.3030918
1663756201506	8.67129	5.217849	-1.2783655
1663756201515	8.660522	3.7923248	-1.7177476
1663756201551	7.920841	1.4210376	-2.7891338
1663756201558	7.3136625	0.392722	-2.6153553
1663756201572	7.4216385	0.15553348	-1.745265
1663756201614	7.895417	0.38554356	-1.0582259
1663756201622	8.234301	0.75523466	-1.0857433
1663756201630	8.574381	1.0378869	-1.2556337
1663756201651	8.926126	1.2340983	-1.2747762
1663756201667	9.314062	1.3250256	-1.082154
1663756201682	9.221938	1.1718849	-0.8593224
1663756201698	9.068798	0.88354975	-0.8425727
1663756201725	9.812068	0.9517452	-1.6280167
1663756201740	15.392729	2.0673988	-5.4355955
1663756201767	16.60649	2.1427727	-7.841878
1663756201805	9.355937	1.5945172	-3.3780673
1663756201820	8.449655	1.5957136	-3.4929228
1663756201836	6.8075805	1.1814562	-3.1576285
1663756201851	6.2437716	1.5239289	-4.470989
1663756201860	7.9483585	1.5155541	-4.5523453
1663756201879	8.273783	1.0175478	-3.9107695
1663756201901	7.827222	1.0103694	-4.3319063
1663756201913	7.8846498	1.0211371	-4.2218366
1663756201930	8.1230345	0.84765744	-4.074678
1663756202019	8.906983	1.1084751	-3.9981074
1663756202033	9.828818	1.1431711	-2.8812575
1663756202043	10.580463	0.7013961	-1.7297117
1663756202146	10.436894	0.07298109	-1.9761724
1663756202165	9.776176	-0.47168517	-2.102992
1663756202175	9.589237	-0.3472584	-2.041975
1663756202189	9.394221	0.2862414	-1.9426728
1663756202205	9.263813	1.0187442	-1.8481563
1663756202221	9.282955	1.3501502	-1.5308083
1663756202233	9.439685	1.0713863	-1.2340983
1663756202245	9.377472	0.2670988	-1.2628121
1663756202259	9.285348	-0.35682967	-0.83778703
1663756202273	8.945269	-0.5590232	-0.26799613
1663756202284	8.929715	-0.07178468	-0.9957133
1663756202320	10.310075	0.03589234	-3.211467
1663756202335	12.830914	-0.061016977	-5.9838514
1663756202344	14.381164	0.99960166	-7.24457
1663756202355	10.830812	1.4928222	-4.867001
1663756202367	7.9746795	1.015155	-2.1822543
1663756202383	8.221141	0.25393832	-2.329413
1663756202398	9.6326065	0.09092726	-3.565904
1663756202409	10.821241	0.8919246	-4.688736
1663756202420	9.97478	1.6064813	-5.0850472
1663756202431	8.410173	2.1188445	-3.7597225
1663756202543	7.644171	2.3940191	-2.815455
1663756202556	7.26102	2.4804597	-2.5782664
1663756202569	7.446763	2.4705894	-1.8696918
1663756202583	8.188837	2.1750758	-1.4757733
1663756202593	8.548059	1.6208383	-2.2851455
1663756202604	8.27139	0.85842514	-2.2121646
1663756202618	8.851949	0.4621139	-1.6483557
1663756202631	9.621839	0.15194423	-1.0244272
1663756202639	9.473185	-0.16271193	-0.41635114
1663756202653	9.290133	0.046660043	-0.33140594
1663756202665	9.682856	0.65353966	-0.06580263
1663756202675	9.280562	0.99003035	-0.21655045
1663756202745	8.597113	0.84406817	-0.7480562
1663756202757	9.355937	1.1587243	-2.2959132
1663756202767	11.914163	2.091327	-6.6649084
1663756202776	11.037792	2.9362924	-8.091928
1663756202786	10.214361	4.3812585	-5.5301123
1663756202799	10.372288	5.04078	-3.9287157
1663756202821	9.65175	3.1339993	-4.3354955
1663756202835	8.124231	1.049851	-5.3183475
1663756202847	7.511369	-0.2739782	-4.881358
1663756202859	7.605886	-0.9876375	-3.4893336
1663756202888	7.978269	-1.4243277	-3.4151561
1663756202894	8.946465	-1.5933207	-3.8386858
1663756202905	9.931709	-1.1359925	-3.309872
1663756202916	9.875478	-0.36400816	-2.123331
1663756202946	9.852746	0.0071784677	-0.8916255
1663756202963	9.596714	-0.09571291	-1.5439688
1663756203020	9.255438	-0.24885355	-2.5064816
1663756203031	9.227921	0.14476576	-2.713461
1663756203042	9.444471	0.7540382	-2.3976083
1663756203052	9.243474	1.0881361	-2.193022
1663756203146	9.013464	1.1766706	-2.3437698
1663756203160	8.940483	1.1192428	-2.1966112
1663756203170	9.103494	0.9720842	-1.1192428
1663756203178	9.336794	0.5566304	-0.35413775
1663756203188	9.830014	-0.16749759	-0.44985065
1663756203202	10.14826	-0.48245287	-0.44865423
1663756203212	9.755837	-0.55064833	-0.94666046
1663756203231	10.554143	-0.29671	-3.252145
1663756203242	13.004692	0.453739	-5.547161
1663756203251	12.096018	0.8811569	-3.836293
1663756203321	10.265807	0.5099703	-2.5627131
1663756203338	9.479167	-0.89042914	-2.5734808
1663756203348	9.23151	-1.8014964	-2.6799614
1663756203357	9.674481	-1.4964114	-3.1420753
1663756203374	10.060922	-0.06819545	-4.5535417
1663756203383	10.155738	1.3190435	-6.271289
1663756203390	9.457631	2.1128623	-5.6799626
1663756203398	8.901001	2.8058836	-4.6372905
1663756203404	8.677272	3.4103706	-3.8207395
1663756203408	8.801699	3.3684962	-2.5866413
1663756203427	8.877073	2.6718855	-1.879263
1663756203439	8.647362	1.8924236	-2.1771696
1663756203463	8.300103	1.2879368	-2.672783
1663756203477	7.8032937	0.7289136	-2.6835506
1663756203489	7.839186	0.4884349	-2.347359
1663756203513	8.0404825	0.44536412	-2.1894326
1663756203528	8.164909	0.5422734	-2.0060828
1663756203553	8.303693	0.7743772	-1.9869401
1663756203570	8.284551	0.8321041	-1.6651055
1663756203588	8.595916	1.1479566	-0.7109674
1663756203608	9.089137	1.4928222	-0.05623133
1663756203637	9.096315	1.4676976	-0.10887343
1663756203651	8.995518	0.7962117	-0.4869394
1663756203672	9.985548	-0.062213387	-2.0898316
1663756203686	13.368401	0.392722	-5.410471
1663756203707	12.68854	1.1694921	-7.763812
1663756203731	9.445667	2.8489544	-5.178367
1663756203759	9.798908	3.5048869	-2.7819555
1663756203768	8.95484	2.254039	-2.5794628
1663756203781	8.524132	1.0007981	-3.6340995
1663756203800	8.181659	0.53270215	-4.575077
1663756203820	7.984251	0.7289136	-4.7832522
1663756203844	8.23789	1.1766706	-4.6815577
1663756203862	8.818449	1.2161521	-4.365406
1663756203882	9.602696	1.035494	-3.6652062
1663756203900	9.047262	0.24795625	-3.2449665
1663756203916	8.574381	-0.50039905	-3.8928235
1663756203932	8.744271	-0.927817	-4.1057844
1663756203956	9.377472	-0.7181459	-3.6412778
1663756203982	9.287741	-0.13758731	-2.7532415
1663756203997	9.0341015	0.63200426	-2.268396
1663756204014	9.26142	1.1599208	-2.041975
1663756204029	9.4432745	1.2963116	-1.8517456
1663756204049	9.662517	1.2137593	-1.631606
1663756204066	9.928121	0.9098708	-1.1431711
1663756204089	10.130314	0.4645067	-1.0339985
1663756204106	9.922138	-0.12323037	-0.54346985
1663756204130	9.650553	-0.8449655	0.16540386
1663756204149	9.450453	-1.0546366	0.3376871
1663756204166	8.806484	-0.6164509	-0.9275179
1663756204188	9.2997055	-0.1794617	-3.0966115
1663756204214	11.343176	-0.55064833	-5.29083
1663756204230	13.019049	-0.21415763	-6.8602223
1663756204251	11.151451	0.3699902	-5.1029935
1663756204264	8.95484	0.38793638	-1.5523437
1663756204279	9.127422	0.12083755	0.32452658
1663756204298	10.151849	-0.14596218	-0.92512506
1663756204330	10.588839	-0.2440679	-3.2461631
1663756204348	10.79492	0.1052842	-5.5217376
1663756204366	9.772587	0.72412795	-5.424828
1663756204383	8.536096	1.6328024	-4.6085763
1663756204398	7.876275	2.4828527	-3.9670007
1663756204415	7.9483585	3.0320053	-3.4486556
1663756204434	8.284551	3.0490541	-2.9422746
1663756204452	8.778967	2.4681966	-2.9099715
1663756204481	8.935697	1.4760724	-3.2617164
1663756204492	8.685647	0.75523466	-3.1492536
1663756204513	8.765806	0.6236294	-2.2839491
1663756204530	9.19801	0.82731843	-1.311865
1663756204556	9.473185	0.9613165	-1.0666007
1663756204567	9.505488	0.9708878	-1.2436695
1663756204596	9.273384	1.0199406	-1.3956138
1663756204610	8.897412	1.096511	-1.4159528
1663756204631	8.804091	1.0642079	-1.2221341
1663756204651	8.807681	0.6583253	-0.9765707
1663756204670	8.459227	0.23479572	-1.4338989
1663756204683	8.476275	0.3819543	-1.4757733
1663756204714	8.44128	0.5913263	-1.614557
1663756204730	8.660522	0.8177471	-2.3054845
1663756204761	10.075279	1.3660027	-4.139284
1663756204774	12.368799	2.288735	-5.988637
1663756204784	10.652248	2.91715	-4.914858
1663756204799	10.029816	3.161517	-2.568695
1663756204816	10.910973	2.0398812	-2.8692935
1663756204844	9.729516	0.325723	-3.5527434
1663756204863	8.970393	-0.086141616	-3.1348968
1663756204878	8.066803	0.24675983	-3.6927235
1663756204893	7.824829	0.7516454	-3.8015969
1663756204916	7.9280195	1.2783655	-3.8027935
1663756204934	8.090732	1.6351951	-4.29721
1663756204952	8.911769	1.5801603	-4.4458647
1663756204981	9.416953	0.99601245	-4.389334
1663756204996	9.081959	0.16151553	-4.34746
1663756205016	8.873484	-0.4322036	-4.071089
1663756205040	9.077172	-0.79112697	-3.0116663
1663756205053	9.460024	-0.81266236	-2.2528424
1663756205067	9.3200445	-0.32183465	-2.3557339
1663756205099	9.142975	0.47527438	-2.5543382
1663756205115	9.15135	1.055833	-2.408376
1663756205131	9.180064	1.1599208	-1.9474585
1663756205156	9.183653	0.7683952	-1.5451652
1663756205164	9.199206	0.2431706	-1.7321045
1663756205185	9.286545	-0.14237295	-2.1604197
1663756205202	9.379865	-0.36161533	-1.8649062
1663756205228	9.408579	-0.45254257	-0.9813564
1663756205247	9.6326065	-0.41784665	-0.9765707
1663756205268	10.075279	-0.5279165	-1.974976
1663756205279	12.146267	0.2623132	-4.0770707
1663756205301	13.929817	1.4389837	-4.7856455
1663756205317	11.501102	0.7408777	-2.5950162
1663756205351	9.693624	-0.9421739	-2.5064816
1663756205366	8.804091	-1.9115661	-3.4007993
1663756205392	8.20798	-1.6351951	-3.610171
1663756205407	8.947661	-0.64037913	-3.4546378
1663756205418	10.0932255	0.5769694	-3.8410785
1663756205437	10.87508	1.6328024	-5.1065826
1663756205452	10.226326	2.3581266	-5.181957
1663756205484	9.156136	2.8202405	-4.459025
1663756205505	8.443673	2.7245276	-3.2545378
1663756205512	8.115856	2.0745773	-2.9315069
1663756205530	7.7147593	1.4880366	-3.0990045
1663756205552	7.750652	1.1180464	-3.429513
1663756205573	7.9794655	0.84167534	-3.4570305
1663756205591	8.231908	0.6116653	-3.4307094
1663756205606	8.464012	0.6128617	-3.0595229
1663756205634	8.999106	0.7576275	-2.2743778
1663756205656	9.326026	1.0426725	-1.4195421
1663756205669	9.200403	1.2005987	-1.0555339
1663756205685	9.069994	1.1778669	-1.3226327
1663756205714	9.2075815	1.2628121	-1.5188441
1663756205734	9.140582	1.2149557	-1.5643078
1663756205749	8.863913	0.9242278	-1.7380866
1663756205765	8.494222	0.5554339	-1.7165512
1663756205781	8.285747	0.18664017	-1.8613169
1663756205800	8.711968	-0.1052842	-2.0694926
1663756205819	10.137492	0.25872394	-2.8657043
1663756205850	13.3791685	1.4820545	-5.6464634
1663756205868	12.093625	2.42034	-7.09113
1663756205887	9.499506	3.9921255	-1.0570294
1663756205907	9.826426	3.3003006	-1.5020944
1663756205950	8.155337	1.0438689	-2.7735806
1663756205960	7.6477604	0.19262223	-4.4279184
1663756205972	7.754241	0.12323037	-5.2142596
1663756205988	8.263015	0.2213361	-4.4024944
1663756206005	8.3994055	0.23479572	-4.078267
1663756206024	8.341978	-0.11485548	-4.3115673
1663756206044	8.472686	-0.40468612	-4.479364
1663756206068	8.770593	-0.16630118	-4.658826
1663756206096	8.79452	0.29461628	-3.984947
1663756206109	9.458828	0.6726823	-2.94706
1663756206134	10.002297	0.79501534	-2.0060828
1663756206146	9.891031	0.72771716	-2.0036898
1663756206163	9.5868435	0.72771716	-2.1834507
1663756206188	9.230313	0.80937225	-2.3282163
1663756206199	8.972786	0.87637126	-2.5316064
1663756206228	8.964411	0.77318084	-2.6404798
1663756206235	9.410972	0.52313083	-2.3581266
1663756206255	9.467203	0.21535404	-2.0635104
1663756206277	9.190832	0.13160525	-1.6543378
1663756206290	9.533006	0.26829523	-1.0737791
1663756206318	9.820443	0.1591227	-0.70259255
1663756206335	9.8682995	0.062213387	-0.7899306
1663756206353	9.813265	-0.3290131	-1.3992031
1663756206369	10.20479	-0.8808578	-2.6775684
1663756206388	11.814562	-0.49322057	-3.956233
1663756206406	12.719647	-0.1471586	-3.1432717
1663756206428	11.46521	-1.1431711	-0.9107681
1663756206453	9.663713	-2.6240292	-2.2671995
1663756206482	8.76461	-2.6479573	-4.5391846
1663756206499	8.958429	-1.9666011	-4.7509494
1663756206509	9.785748	-0.1160519	-3.9897327
1663756206523	9.906585	1.2723835	-3.4809587
1663756206548	10.310075	2.2911277	-4.5188456
1663756206566	9.766604	2.120041	-4.9722853
1663756206594	9.021839	1.6794624	-5.2680984
1663756206603	8.514561	1.5681962	-4.900501
1663756206619	8.605488	1.6328024	-3.6221352
1663756206640	9.253045	1.8864416	-2.4825535
1663756206656	9.134601	1.8290138	-2.2372892
1663756206685	8.235497	1.317847	-2.5806592
1663756206703	7.7793655	0.59730834	-2.8345976
1663756206722	7.5879397	0.0035892338	-3.2641091
1663756206738	8.030911	0.05623133	-3.417549
1663756206751	9.009874	0.66071814	-2.5040889
1663756206769	9.424132	1.1910275	-1.5535401
1663756206791	9.3308115	1.3600205	-1.3776677
1663756206820	9.133404	1.2987045	-2.021636
1663756206839	8.987143	1.2340983	-2.3784657
1663756206851	8.982357	1.1120644	-2.1352952
1663756206885	9.337991	0.85842514	-1.6854445
1663756206891	9.553345	0.14596218	-1.1790633
1663756206907	9.32124	-0.40468612	-1.0124631
1663756206925	9.03141	-0.55064833	-1.1072787
1663756206955	9.080762	-0.392722	-1.7835501
1663756206969	9.801301	0.41784665	-3.5180476
1663756206985	11.267503	1.8661026	-6.5847487
1663756207004	10.778171	3.3924243	-7.838289
1663756207021	9.309277	4.4542394	-2.6656044
1663756207045	10.281361	4.1344986	-0.25124636
1663756207058	9.205189	1.4784653	-3.423531
1663756207088	8.3994055	-0.48245287	-4.0244284
1663756207104	9.005089	-0.5733801	-4.5415773
1663756207123	8.063214	-0.11485548	-4.4745784
1663756207139	7.8966136	0.64037913	-4.4805603
1663756207163	7.945966	1.1934203	-5.1197433
1663756207180	8.284551	1.082154	-5.1556354
1663756207196	8.922537	0.9302098	-4.493721
1663756207219	9.104691	0.71216387	-3.6520455
1663756207235	8.952447	0.20817557	-2.9004002
1663756207257	8.848359	-0.4776672	-2.4670002
1663756207272	9.29133	-0.99960166	-2.1532412
1663756207292	9.597911	-1.0271192	-2.3748765
1663756207307	9.751051	-0.45134616	-2.696711
1663756207339	9.837193	0.3915256	-2.3952155
1663756207356	9.777372	1.0211371	-1.8266209
1663756207372	9.663713	1.1706885	-1.7093726
1663756207409	9.611072	1.0331012	-2.2097716
1663756207482	9.391829	0.7073782	-2.8322048
1663756207491	9.292527	0.4034897	-2.658426
1663756207503	9.473185	0.26949164	-1.2424731
1663756207516	9.760623	0.13399807	-0.52313083
1663756207539	9.676874	-0.11485548	-1.3549358
1663756207554	9.624231	-0.5051847	-2.3832514
1663756207564	10.345967	-0.72771716	-2.8166513
1663756207574	11.6686	-0.27756742	-2.6273193
1663756207590	12.422937	-0.40707895	-2.7278178
1663756207652	11.183754	-1.041476	-2.8022945
1663756207665	9.797711	-1.4665012	-3.49053
1663756207675	8.715557	-1.617249	-2.7424738
1663756207685	8.753842	-1.1587243	-1.9977078
1663756207699	9.008678	-0.2632105	-3.144468
1663756207766	9.177671	0.67148584	-4.317549
1663756207781	9.643374	1.576571	-5.6392846
1663756207793	9.516255	2.0518453	-5.8749776
1663756207804	8.962018	2.3198416	-4.8239303
1663756207815	8.7622175	2.219343	-3.8339
1663756207827	8.772985	1.6052849	-2.9530423
1663756207842	8.867501	1.1096715	-2.5112674
1663756207853	9.046066	0.8596215	-2.7939196
1663756207890	9.015857	0.73130643	-3.354139
1663756207905	8.642576	0.7827521	-3.44387
1663756207920	8.412566	1.0474582	-3.095415
1663756207937	8.700004	1.4138591	-2.7723842
1663756207973	8.95125	1.5466608	-2.5064816
1663756207986	9.163314	1.3731811	-2.1652055
1663756207996	9.192028	1.0223335	-1.806282
1663756208006	9.177671	0.7851449	-1.6639091
1663756208095	9.131011	0.70618176	-1.7787645
1663756208109	8.959625	0.7109674	-1.9977078
1663756208124	9.116654	0.70977104	-1.8457636
1663756208138	9.193225	0.46929234	-1.3513466
1663756208153	8.825627	-0.01794617	-1.3764713
1663756208165	8.436495	-0.13519448	-1.5846468
1663756208175	8.689237	0.05742774	-1.7548363
1663756208187	9.94487	0.55782676	-2.536392
1663756208200	12.346067	1.617249	-4.8933225
1663756208214	12.237194	2.7711878	-6.5895343
1663756208284	10.015458	3.8150566	-2.7855446
1663756208302	10.099207	3.2727833	-0.39601216
1663756208313	8.912965	1.2424731	-2.5040889
1663756208320	8.423334	0.014356935	-2.8549366
1663756208330	8.215158	0.02871387	-4.6839504
1663756208360	8.349156	0.42981076	-5.1149573
1663756208375	8.466405	0.87637126	-4.8287163
1663756208386	8.117053	1.0127622	-4.4949174
1663756208395	7.8128653	0.8249256	-4.08066
1663756208410	7.9543405	0.36161533	-3.8590248
1663756208423	8.536096	-0.106480606	-4.299603
1663756208432	9.3104725	-0.1591227	-4.564309
1663756208517	9.609875	0.23958136	-3.9167516
1663756208535	9.51147	0.54705906	-3.024827
1663756208552	9.456435	0.45852464	-2.457429
1663756208564	9.716355	0.16510476	-1.9666011
1663756208577	9.595518	0.10767702	-1.9701903
1663756208587	9.525827	0.21535404	-2.37368
1663756208600	9.382257	0.4226323	-2.6907291
1663756208612	9.473185	0.76719874	-2.609373
1663756208624	9.709177	0.92542416	-2.117349
1663756208662	9.611072	0.6619146	-1.8278174
1663756208676	9.360723	0.28145576	-1.9713868
1663756208689	9.365508	0.014356935	-1.9642082
1663756208704	9.529416	0.07058827	-2.1364915
1663756208718	9.715159	0.55304116	-1.5906289
1663756208765	9.693624	0.8596215	-0.44147578
1663756208778	9.471989	0.45613182	-1.1934203
1663756208791	9.068798	-0.059820566	-2.7556343
1663756208800	9.262616	-0.6678966	-2.9039893
1663756208812	10.864312	-0.6667002	-3.268895
1663756208824	12.737593	-0.31345975	-3.673581
1663756208843	12.391531	-0.70378894	-2.6392834
1663756208855	10.556536	-1.2137593	-3.118147
1663756208890	8.847162	-0.99601245	-3.9693937
1663756208904	8.459227	-0.88683987	-2.4239295
1663756208918	9.48156	0.0035892338	-2.0395823
1663756208933	10.324431	0.9170493	-2.568695
1663756208976	10.241879	1.0929217	-3.2509487
1663756208988	10.158131	0.7648059	-3.909573
1663756209002	9.303294	0.5099703	-4.217051
1663756209012	8.493025	0.4872385	-4.570291
1663756209093	8.222337	0.663111	-4.625326
1663756209106	8.185248	1.1826526	-4.2649074
1663756209118	8.233105	1.8565313	-3.6376886
1663756209135	8.453244	2.3234308	-3.05713
1663756209147	8.842377	2.2073789	-2.4825535
1663756209159	8.892626	1.570589	-2.4119651
1663756209175	8.835198	0.95413804	-2.556731
1663756209186	8.959625	0.7576275	-2.4502504
1663756209197	9.009874	0.77318084	-2.0479572
1663756209209	8.816056	0.68105716	-1.7691933
1663756209222	8.700004	0.5482555	-1.8708882
1663756209325	8.758628	0.5183452	-2.1664019
1663756209336	9.0015	0.7360921	-2.4035904
1663756209347	9.305687	0.994816	-2.2241287
1663756209359	9.552148	1.0462617	-1.7141583
1663756209369	9.734302	1.0187442	-1.2520444
1663756209376	9.495916	0.7926225	-0.97896355
1663756209381	9.109476	0.24556342	-1.0519446
1663756209387	8.889037	-0.21296121	-1.3501502
1663756209396	9.026625	-0.25722843	-1.6037893
1663756209404	9.357133	-0.14117654	-1.8840487
1663756209414	10.539785	0.44656053	-3.6963127
1663756209515	12.0685005	1.6639091	-6.0975103
1663756209526	11.041381	3.016452	-5.8247285
1663756209531	9.42174	3.9203408	-1.6854445
1663756209542	10.1904335	3.2249267	-0.6559325
1663756209550	9.507881	1.2484552	-3.0846474
1663756209559	9.171689	0.0741775	-4.17398
1663756209575	8.78136	0.42023948	-4.219444
1663756209584	7.8643107	0.98883396	-3.8255253
1663756209595	7.9304123	1.6268203	-3.6221352
1663756209654	7.9507513	1.7033906	-4.2481575
1663756209668	7.9567337	1.1084751	-4.3725843
1663756209680	8.1230345	0.392722	-4.526024
1663756209692	8.374281	-0.34486556	-4.9160542
1663756209727	8.713164	-0.6858428	-4.7952166
1663756209739	9.232706	-0.2009971	-4.342674
1663756209765	9.499506	0.39032918	-3.7441692
1663756209777	9.686445	0.57936215	-3.042773
1663756209788	10.058529	0.33050862	-1.8086748
1663756209797	9.838389	0.25034907	-1.3345969
1663756209837	9.382257	0.30538398	-1.8266209
1663756209849	9.081959	0.21415763	-2.4143581
1663756209923	8.978767	0.111266255	-2.8034909
1663756209934	9.003893	0.051445685	-2.7843482
1663756209947	9.133404	0.1698904	-2.3868406
1663756209962	9.29133	0.39511484	-2.1317058
1663756209978	9.570094	0.60329044	-1.8924236
1663756209989	9.964012	0.78753775	-1.4626129
1663756210000	10.20838	0.846461	-0.78394854
1663756210014	9.956834	0.39032918	-0.85812604
1663756210026	9.394221	-0.10289137	-2.3018954
1663756210098	9.444471	-0.43459642	-3.3050864
1663756210109	11.129915	-0.5769694	-3.01047
1663756210117	12.903894	-0.6774679	-2.4705894
1663756210126	12.523436	-1.7356937	-2.3246272
1663756210136	10.575678	-2.2384856	-2.6309085
1663756210151	8.942876	-1.9654047	-2.4765713
1663756210164	9.060423	-1.5311074	-2.009672
1663756210173	9.24467	-0.71694946	-3.6089747
1663756210185	9.108279	0.22851457	-4.981857
1663756210198	9.540184	1.3166506	-6.47109
1663756210326	9.387043	2.036292	-6.808777
1663756210346	8.401798	2.3868406	-5.988637
1663756210360	8.233105	2.7209384	-5.0276194
1663756210376	8.709576	2.6551359	-3.3409786
1663756210392	9.193225	2.1355941	-1.7644076
1663756210404	9.397811	1.5191432	-1.4901303
1663756210414	9.099904	0.92662054	-2.2827528
1663756210424	8.542078	0.37716866	-2.8776684
1663756210435	8.264212	0.19740787	-3.065505
1663756210447	8.170891	0.3269194	-3.0068808
1663756210461	8.454441	0.71336025	-2.5782664
1663756210476	8.926126	1.1300105	-1.9307088
1663756210515	9.024232	1.3489537	-1.3692927
1663756210529	9.06162	1.3357933	-1.5978073
1663756210543	9.21476	1.2951152	-2.0635104
1663756210557	9.293723	1.0737791	-2.2899313
1663756210573	9.4636135	0.6511469	-2.0443678
1663756210584	9.5868435	-0.01794617	-1.5164514
1663756210592	9.432507	-0.50159544	-1.3812568
1663756210603	9.249456	-0.5279165	-1.4243277
1663756210614	9.3104725	-0.19262223	-1.6866409
1663756210652	9.748658	0.16630118	-1.8684953
1663756210666	10.792527	0.63559353	-2.8489544
1663756210677	12.270694	1.0474582	-4.766503
1663756210691	10.916954	1.7835501	-6.1360946
1663756210729	8.892626	2.7185457	-4.179962
1663756210744	8.975179	2.902793	-2.0443678
1663756210756	9.712767	2.3928227	-2.5902305
1663756210770	8.975179	0.9493524	-4.232604
1663756210783	8.282157	0.20458634	-5.467899
1663756210792	7.9184484	0.27786654	-5.04078
1663756210836	7.0875406	0.5315057	-4.22064
1663756210847	6.8578296	1.0450653	-4.0818563
1663756210908	7.5029945	1.590928	-4.1847477
1663756210926	8.586345	1.724926	-4.189533
1663756210935	9.525827	1.7093726	-4.3331027
1663756210948	9.75823	1.4150555	-4.3007994
1663756210962	9.176475	0.5626124	-4.0148573
1663756210974	8.6090765	-0.4968098	-3.4809587
1663756210983	8.98475	-0.9912268	-2.4514468
1663756210992	9.580862	-0.7396813	-2.1544378
1663756211002	9.600304	0.086141616	-2.3449662
1663756211133	9.337991	0.73848486	-2.3222344
1663756211151	9.138189	0.88235337	-2.0802603
1663756211164	9.068798	0.62482584	-1.9785652
1663756211174	9.29492	0.35324043	-1.8505492
1663756211185	9.550952	-0.032303106	-1.7297117
1663756211196	9.735498	-0.45134616	-1.5858432
1663756211208	9.839586	-0.622433	-1.3501502
1663756211219	9.676874	-0.40468612	-0.8042875
1663756211228	9.686445	-0.03589234	-0.62123656
1663756211237	10.40818	0.49322057	-1.4697913
1663756211326	11.693725	0.9625129	-2.0024934
1663756211342	12.489936	0.70977104	-1.3417753
1663756211352	11.779866	-0.663111	-0.7468598
1663756211358	11.046166	-2.4299114	-2.2121646
1663756211371	9.479167	-4.1177487	-4.668397
1663756211385	7.891828	-3.9897327	-5.3674
1663756211396	9.242277	-1.9438694	-4.729414
1663756211407	10.410573	0.106480606	-4.1093736
1663756211420	10.839188	1.9190438	-5.1496534
1663756211434	10.222736	2.926721	-5.6536417
1663756211447	8.958429	3.2093735	-5.378168
1663756211461	8.812467	3.3637104	-4.853841
1663756211521	8.990732	2.992524	-3.441477
1663756211536	9.255438	2.3892334	-2.1966112
1663756211552	9.072387	1.7907287	-2.2025933
1663756211568	8.16132	1.0235299	-2.5603201
1663756211582	7.4192457	0.40947178	-3.0212376
1663756211593	7.5532436	0.2009971	-3.1959138
1663756211603	8.188837	0.38315073	-2.6153553
1663756211616	8.909376	0.79112697	-1.8278174
1663756211627	9.113065	0.88354975	-1.096511
1663756211664	9.019445	0.59970117	-0.91555375
1663756211673	8.53131	0.4106682	-1.7548363
1663756211731	8.241479	0.6044868	-2.5543382
1663756211750	8.389834	1.1515459	-2.5519454
1663756211760	8.52772	1.6447664	-2.0144575
1663756211775	8.745467	1.5011971	-1.4781662
1663756211788	9.127422	0.83688974	-1.1539388
1663756211797	9.274581	0.2213361	-0.7181459
1663756211809	9.712767	-0.046660043	-0.541077
1663756211822	11.598011	0.4776672	-2.2217357
1663756211850	14.187345	1.5023935	-6.626623
1663756211862	10.901401	2.5366912	-6.7011
1663756211872	9.35833	3.8557346	-1.3501502
1663756211881	9.393025	3.5324044	-2.0312073
1663756211904	8.018947	0.9445667	-4.4374895
1663756211916	8.136195	-0.26679972	-5.7984076
1663756211929	7.885846	-0.4645067	-5.624928
1663756211943	7.577172	0.2105684	-4.738985
1663756211953	8.023732	1.1659029	-4.438686
1663756211986	8.886644	1.495215	-4.104588
1663756211996	9.69482	1.3863416	-3.6915271
1663756212139	9.489935	0.71455663	-3.5096726
1663756212157	8.853145	-0.18544376	-3.6005998
1663756212172	8.787342	-0.8210373	-3.3026934
1663756212189	9.433703	-1.0139586	-2.7568307
1663756212203	9.824033	-0.7181459	-2.2492533
1663756212215	9.936495	-0.12203395	-1.8804595
1663756212228	9.760623	0.6439684	-1.515255
1663756212242	9.385847	1.015155	-1.4530416
1663756212255	9.021839	0.7962117	-1.9402801
1663756212269	8.753842	0.44536412	-2.617748
1663756212319	8.519346	0.1794617	-2.7314072
1663756212336	9.104691	0.31375888	-2.3425734
1663756212351	9.613464	0.45852464	-1.6710875
1663756212363	9.578469	0.5159524	-1.2281163
1663756212375	9.52822	0.38554356	-1.0666007
1663756212385	9.533006	-0.03589234	-1.1551352
1663756212394	9.75823	-0.26679972	-1.8026928
1663756212408	11.176576	-0.51475596	-2.9590242
1663756212421	12.550953	-0.974477	-3.2641091
1663756212439	12.521043	-0.91346	-1.7225332
1663756212452	11.175379	-1.8780667	-1.8254246
1663756212466	8.723932	-2.835794	-4.067499
1663756212557	8.684451	-1.913959	-4.1727834
1663756212573	9.733106	-0.6511469	-3.1253254
1663756212588	10.709676	0.5937191	-3.140879
1663756212601	10.627124	1.3082758	-4.354638
1663756212618	10.182058	1.4210376	-5.278866
1663756212633	9.223135	1.625624	-5.72423
1663756212644	8.574381	2.0255244	-5.43081
1663756212653	8.388638	2.341377	-4.0962133
1663756212666	8.674879	2.579762	-2.8393831
1663756212680	8.95484	2.4299114	-2.3389843
1663756212695	8.722735	1.8026928	-2.4622145
1663756212729	8.221141	0.9924232	-2.4765713
1663756212743	7.638189	0.43579283	-2.4825535
1663756212756	7.726723	0.34965122	-2.5220351
1663756212765	8.227122	0.5027919	-2.0934207
1663756212777	8.904591	0.68823564	-1.4123635
1663756212793	9.235099	0.88354975	-1.2257234
1663756212811	9.103494	0.948156	-1.5559329
1663756212823	8.86152	0.97567344	-1.6061822
1663756212845	8.680861	0.8883354	-1.4757733
1663756212859	8.805288	0.82731843	-1.2472588
1663756212906	8.982357	0.6667002	-0.85812604
1663756212918	9.230313	0.12921242	-0.9059825
1663756212934	10.612766	0.13519448	-2.9793632
1663756212946	12.68854	1.1467602	-6.411269
1663756212958	11.24836	2.4538395	-6.7238317
1663756212974	9.961619	3.6104703	-2.4382863
1663756212986	10.225129	3.2979078	-1.5200406
1663756213001	8.912965	1.2460624	-3.5060835
1663756213015	8.420941	0.12323037	-3.8303108
1663756213138	8.082356	0.06460621	-4.306782
1663756213152	8.017751	0.52911294	-3.8820555
1663756213161	7.9387875	0.9385847	-3.8099718
1663756213173	8.173284	0.79740816	-4.1464624
1663756213185	8.660522	0.2213361	-4.6695933
1663756213193	9.002696	-0.14476576	-4.6875396
1663756213205	9.15494	-0.18424734	-4.2661037
1663756213218	9.15135	-0.09212367	-3.5120654
1663756213235	9.416953	0.07178468	-2.76042
1663756213243	10.03819	0.28384858	-1.7380866
1663756213370	9.668499	0.5518447	-1.5930216
1663756213387	9.11785	0.6236294	-2.169991
1663756213397	8.71795	0.61764735	-2.5064816
1663756213411	8.597113	0.63918275	-2.8537402
1663756213422	8.696415	0.49920264	-2.6668007
1663756213431	8.904591	0.27068806	-2.1942184
1663756213439	9.548559	0.2431706	-1.7751753
1663756213449	9.853943	0.36041892	-1.3680964
1663756213463	9.882657	0.4441677	-0.6559325
1663756213474	9.925728	0.24436702	0.116351
1663756213488	9.949656	-0.19621146	-0.29790643
1663756213500	10.165309	-0.6451648	-2.2085752
1663756213558	11.599208	-1.2400804	-4.82752
1663756213573	13.569697	-0.36161533	-4.3618164
1663756213583	12.525828	-0.16151553	-0.750449
1663756213594	10.2682	-0.91226363	-0.35294133
1663756213606	9.493524	-1.6698911	-2.2265215
1663756213621	9.343972	-1.6758732	-2.7014968
1663756213635	9.633803	-0.9840483	-2.9745777
1663756213645	9.841979	-0.11964113	-3.5814574
1663756213653	10.324431	0.89431745	-5.0012984
1663756213665	9.731909	1.6304095	-5.1843495
1663756213674	8.349156	2.070988	-4.578666
1663756213689	7.9746795	2.321038	-4.2218366
1663756213760	8.1840515	1.8661026	-3.5682967
1663756213773	8.733503	1.2855439	-3.051148
1663756213784	8.855537	0.98524475	-2.7122645
1663756213794	8.453244	0.82612205	-2.4275186
1663756213807	8.282157	0.78035927	-2.09701
1663756213823	8.567203	0.80578303	-1.8278174
1663756213835	8.908179	0.93260264	-1.901995
1663756213845	9.015857	0.9732806	-1.8553349
1663756213854	9.005089	0.8859426	-1.9295124
1663756213906	9.182457	0.9732806	-1.8565313
1663756213916	9.190832	1.2149557	-1.739283
1663756213928	8.679665	1.2029916	-1.9701903
1663756213938	8.261818	0.7576275	-1.8445672
1663756213972	8.227122	-0.011964113	-1.4650056
1663756213985	8.714361	-0.25603202	-1.2281163
1663756213995	9.227921	-0.21415763	-0.9933205
1663756214007	9.597911	-0.041874398	-1.006481
1663756214156	10.159327	0.2431706	-1.4518452
1663756214172	12.409777	0.9589237	-4.3594236
1663756214186	12.823734	1.8708882	-7.1066833
1663756214198	9.316455	2.9602208	-5.341079
1663756214212	10.745868	4.174279	-2.6823542
1663756214226	10.450055	2.8716862	-2.0192432
1663756214239	8.638987	0.60687965	-3.484548
1663756214252	7.6980095	-0.2632105	-4.746164
1663756214265	7.133004	-0.39032918	-5.4092746
1663756214278	6.8925257	-0.047856454	-5.15085
1663756214291	7.3172517	0.80578303	-5.0383873
1663756214368	8.0345	1.3959129	-4.685147
1663756214383	9.099904	1.7177476	-4.29721
1663756214397	9.332008	1.5239289	-3.8590248
1663756214413	9.26142	0.8644072	-3.461816
1663756214425	9.47797	-0.07058827	-2.37368
1663756214439	9.938888	-0.6511469	-1.4099708
1663756214453	9.697213	-0.7193423	-1.7225332
1663756214466	9.256635	-0.40707895	-2.461018
1663756214488	8.988339	-0.008374879	-2.9913275
1663756214500	8.994321	0.41784665	-3.2018957
1663756214512	9.217153	0.74207413	-2.7074788
1663756214548	9.562916	0.8847462	-1.9857436
1663756214565	9.844372	0.7962117	-1.7572291
1663756214575	9.844372	0.5458627	-1.6519449
1663756214586	9.814461	0.21894327	-1.2209377
1663756214598	9.82164	-0.15672988	-1.0857433
1663756214608	9.643374	-0.49202415	-1.8601205
1663756214619	9.656535	-0.65712893	-2.6081767
1663756214634	10.392627	-0.37716866	-2.5387847
1663756214645	11.822937	0.0035892338	-2.4215364
1663756214657	11.800205	-0.669093	-2.4705894
1663756214665	10.335199	-1.602892	-3.0726833
1663756214675	8.953643	-2.0279171	-3.7441692
1663756214690	9.237492	-1.6387844	-3.5730824
1663756214763	9.379865	-1.096511	-3.2042887
1663756214779	9.485149	0.0071784677	-3.5156546
1663756214792	9.84796	0.99003035	-4.62413
1663756214804	10.404591	1.8397815	-6.1034923
1663756214818	9.482756	2.268396	-6.0197434
1663756214830	8.417352	2.6694927	-5.1795635
1663756214841	8.258229	2.9135606	-3.976572
1663756214856	8.381459	2.7053852	-3.0391839
1663756214871	8.556435	2.2911277	-2.516053
1663756214907	8.4858465	1.7679968	-2.4681966
1663756214915	8.319246	1.1479566	-2.638087
1663756214921	8.23789	0.61405814	-3.065505
1663756214930	8.397013	0.31016964	-3.0607193
1663756214973	9.107083	0.2324029	-2.6129622
1663756214983	9.498309	0.24556342	-1.9151554
1663756214989	9.3308115	0.25752753	-1.4494523
1663756214994	9.068798	0.41665024	-1.3573287
1663756215155	8.822038	0.799801	-1.4877375
1663756215173	9.0544405	1.1718849	-1.46022
1663756215184	9.2075815	1.1036894	-1.4279169
1663756215192	9.114262	0.6906284	-1.5236298
1663756215198	9.163314	0.7193423	-2.2301106
1663756215205	9.718748	1.1718849	-3.3000016
1663756215214	11.41855	1.779961	-5.1999025
1663756215222	10.808081	2.361716	-5.458328
1663756215228	9.709177	2.990131	-3.519244
1663756215236	10.1016	2.4586253	-3.132504
1663756215243	9.235099	1.2580265	-4.013661
1663756215368	8.696415	0.64277196	-3.7920256
1663756215381	8.927322	0.6451648	-3.394817
1663756215392	8.509774	0.5554339	-3.498905
1663756215403	7.824829	0.3269194	-3.8410785
1663756215414	7.528119	0.22253251	-4.5128636
1663756215424	7.676474	0.101694964	-5.3817573
1663756215436	8.222337	-0.049052864	-5.577071
1663756215447	8.7622175	0.21655045	-4.981857
1663756215459	9.064013	0.541077	-4.0005
1663756215471	9.101101	0.48245287	-3.1229327
1663756215540	9.402596	0.051445685	-2.3425734
1663756215557	9.9089775	-0.2117648	-1.759622
1663756215566	9.433703	-0.050249275	-2.2779672
1663756215577	9.03141	0.34606197	-2.9338996
1663756215585	9.079565	0.70378894	-3.1767712
1663756215593	9.218349	0.8177471	-2.8573294
1663756215600	9.486345	0.6798607	-2.2779672
1663756215609	9.577272	0.22612174	-1.879263
1663756215617	9.669696	-0.2548356	-1.9211375
1663756215627	9.819247	-0.49202415	-1.806282
1663756215639	9.65175	-0.3592225	-1.6591234
1663756215647	9.269794	0.18903299	-1.7201403
1663756215659	9.383454	0.63798636	-1.6049858
1663756215673	10.20838	0.5518447	-2.2241287
1663756215680	12.005091	0.54705906	-2.8345976
1663756215690	12.966407	-0.11365908	-2.548356
1663756215703	11.838789	-1.4940187	-2.6907291
1663756215754	9.97837	-2.3784657	-3.7621155
1663756215764	8.732307	-2.070988	-3.394817
1663756215773	8.873484	-1.1001002	-2.0958135
1663756215783	9.260223	-0.1160519	-2.3162522
1663756215815	9.357133	0.4118646	-3.470191
1663756215827	9.489935	0.7073782	-5.5133624
1663756215846	8.747861	0.9828519	-6.1444693
1663756215857	8.082356	1.489233	-5.66082
1663756215886	8.113463	1.948954	-4.698307
1663756215898	8.385049	2.1954148	-3.5012977
1663756215933	8.968	2.3485553	-2.7771697
1663756215943	9.27817	2.1463618	-2.5112674
1663756215953	9.364311	1.6842481	-2.548356
1663756215984	9.202796	1.1706885	-2.5830522
1663756215996	8.88784	0.8488538	-2.713461
1663756216021	8.67129	0.7265208	-2.7349963
1663756216032	8.767003	0.846461	-2.5926232
1663756216064	8.802896	1.0139586	-2.3521447
1663756216078	8.959625	1.2975081	-2.4215364
1663756216107	9.189635	1.4653047	-2.4047868
1663756216119	9.218349	1.2963116	-1.7919251
1663756216135	9.263813	0.8895318	-0.8916255
1663756216146	9.128618	0.53629136	-0.47856453
1663756216174	8.638987	-0.21774685	-1.4458631
1663756216182	8.306086	-1.1180464	-2.6895328
1663756216201	8.883055	-0.8210373	-3.0894332
1663756216227	10.243075	0.6547361	-4.907679
1663756216236	11.548959	2.231307	-6.102296
1663756216269	11.2603245	3.769593	-3.8748772
1663756216281	10.739885	3.9000018	-1.7943178
1663756216314	10.094421	1.8696918	-2.8932216
1663756216326	8.453244	0.24795625	-4.1237307
1663756216338	7.595118	0.4214359	-4.153641
1663756216351	7.739884	1.1312069	-3.821936
1663756216386	8.551649	1.317847	-3.0607193
1663756216408	8.521739	0.6092725	-3.6843486
1663756216421	8.392227	-0.276371	-4.5332026
1663756216444	8.520542	-0.9194421	-4.928018
1663756216453	8.530113	-1.21017	-5.10419
1663756216476	8.595916	-0.85812604	-4.706682
1663756216518	9.090333	0.041874398	-3.9490547
1663756216528	9.819247	0.7600203	-2.7349963
1663756216573	10.002297	1.0067801	-2.1711874
1663756216583	9.507881	0.73848486	-2.5268207
1663756216592	9.227921	0.5374878	-2.5459633
1663756216602	9.203992	0.39750767	-2.5220351
1663756216626	9.254242	0.2009971	-2.6739793
1663756216638	9.257831	0.06460621	-2.6775684
1663756216654	9.372686	0.15672988	-2.248057
1663756216669	9.5760765	0.4214359	-1.6854445
1663756216697	9.858728	0.69302124	-1.0363913
1663756216713	9.8348	0.6092725	-0.62841505
1663756216731	9.503095	0.49082774	-1.6603198
1663756216764	9.200403	0.7001997	-2.4143581
1663756216778	9.507881	0.9625129	-2.3844478
1663756216818	11.053345	0.78634137	-2.7326035
1663756216833	12.259926	-0.17347965	-2.6823542
1663756216842	12.546167	-1.0654043	-2.617748
1663756216856	11.538191	-2.4969103	-3.0643084
1663756216888	9.736694	-3.3601213	-5.0288157
1663756216900	8.662915	-1.6196418	-4.3618164
1663756216909	9.090333	0.37597227	-1.4578272
1663756216918	9.348758	1.2424731	-0.38404804
1663756216964	9.218349	0.3687938	-1.7344973
1663756216972	9.3511505	-1.0019945	-4.4446683
1663756216999	8.731111	-1.4207385	-6.735796
1663756217017	7.8344007	-0.64636123	-7.1425757
1663756217027	8.008179	0.68105716	-6.061618
1663756217064	8.856734	2.0350957	-4.4279184
1663756217077	9.46481	3.1710882	-3.0415766
1663756217087	9.467203	3.5324044	-2.638087
1663756217099	9.390633	2.7508488	-2.7218359
1663756217128	9.27817	1.5526428	-2.6201408
1663756217138	9.103494	0.99960166	-2.5052853
1663756217180	9.065208	0.85244304	-2.4969103
1663756217194	9.047262	0.78753775	-2.4945176
1663756217207	8.643773	0.6942177	-2.4670002
1663756217220	7.969894	0.70378894	-2.7122645
1663756217236	7.71117	0.7719844	-3.1085758
1663756217273	8.050054	0.79740816	-2.8980074
1663756217283	8.707183	0.7791629	-2.1424735
1663756217317	9.355937	0.7516454	-1.3908281
1663756217330	9.666106	0.5709873	-0.8389834
1663756217339	9.352347	0.17706887	-0.77677006
1663756217350	9.073584	0.029910283	-1.204188
1663756217387	9.2075815	0.13998012	-2.0515463
1663756217400	10.215558	0.37597227	-3.9406798
1663756217411	10.834402	0.9589237	-5.6057854
1663756217426	10.005887	2.2348964	-4.8035913
1663756217457	10.239487	3.2069805	-2.5387847
1663756217468	10.570892	2.8393831	-1.9677975
1663756217487	9.853943	1.5466608	-3.1217363
1663756217512	8.923733	0.6774679	-3.8530426
1663756217524	8.041678	0.73130643	-4.3211384
1663756217572	7.635796	1.1216356	-4.196712
1663756217583	8.108678	1.4066806	-3.984947
1663756217591	8.976375	1.338186	-3.6975093
1663756217604	9.136993	0.61884373	-3.5503507
1663756217613	8.753842	-0.34486556	-3.909573
1663756217633	8.29771	-0.9242278	-4.2864428
1663756217668	8.039286	-0.93978107	-4.5044885
1663756217680	8.426923	-0.046660043	-4.537988
1663756217695	9.269794	1.1395818	-3.7597225
1663756217708	10.090832	1.7727824	-3.1253254
1663756217727	10.225129	1.3719847	-2.992524
1663756217783	9.5760765	0.62961143	-3.3469608
1663756217799	9.103494	0.26590243	-3.5934215
1663756217810	8.855537	0.2431706	-3.659224
1663756217824	8.842377	0.4441677	-3.7070804
1663756217845	8.939286	0.6942177	-3.6400814
1663756217864	9.138189	0.93978107	-3.1432717
1663756217876	9.332008	1.0390832	-2.6309085
1663756217887	9.602696	0.8955139	-2.2815564
1663756217902	9.862318	0.6415756	-2.0479572
1663756217965	9.813265	0.4022933	-1.8457636
1663756217975	9.280562	0.34606197	-1.6854445
1663756217985	8.85793	0.66071814	-1.8050855
1663756217990	8.806484	0.94337034	-1.9761724
1663756217996	9.077172	1.1060823	-1.9618155
1663756218015	9.57488	1.0307083	-1.84696
1663756218051	10.261022	0.16031912	-2.1269202
1663756218063	10.572088	-1.1946167	-3.3517463
1663756218088	10.627124	-2.132005	-4.644469
1663756218098	10.470394	-2.2384856	-5.581857
1663756218112	10.002297	-0.99960166	-4.098606
1663756218144	10.198809	0.68345	-2.382055
1663756218155	10.2825575	2.2085752	-2.149652
1663756218188	9.560523	2.4263222	-3.211467
1663756218196	9.090333	1.6124634	-3.0643084
1663756218217	8.684451	0.6044868	-3.2210383
1663756218251	8.449655	-0.17347965	-4.1572304
1663756218259	8.860323	-0.48364928	-4.922036
1663756218289	9.420543	0.08853444	-4.8059845
1663756218298	9.346365	1.1084751	-4.0734816
1663756218314	9.158528	1.8684953	-3.1875389
1663756218326	8.999106	2.0985055	-2.684747
1663756218360	8.711968	1.6627127	-2.8130622
1663756218387	8.42453	0.9804591	-3.2461631
1663756218401	8.181659	0.5243273	-3.399603
1663756218411	8.050054	0.42981076	-3.0415766
1663756218430	8.2558365	0.6116653	-2.5040889
1663756218443	8.533703	0.7827521	-2.082653
1663756218461	8.627023	0.87158567	-1.9414765
1663756218495	9.090333	1.1264212	-2.1305094
1663756218502	9.719945	1.5358931	-1.5918252
1663756218527	10.019048	1.3070793	-1.3704891
1663756218540	10.090832	0.34486556	-3.6568313
1663756218584	9.395418	0.4728816	-5.736194
1663756218594	8.933304	1.5837495	-5.0479584
1663756218609	9.225528	2.632404	-3.0152557
1663756218633	9.594023	2.2492533	-2.9398818
1663756218643	9.746265	0.79860455	-3.228217
1663756218665	9.226724	-0.4657031	-3.6364923
1663756218675	8.817252	-1.1575279	-3.6723845
1663756218706	8.877073	-0.8593224	-3.6005998
1663756218718	9.06162	-0.12921242	-3.6424742
1663756218731	9.132208	0.39391842	-3.8748772
1663756218764	9.203992	0.71216387	-3.7716868
1663756218777	9.188439	0.887139	-3.2964122
1663756218808	8.975179	0.770788	-3.0882368
1663756218818	8.829216	0.663111	-3.1217363
1663756218828	9.089137	0.8356933	-3.3409786
1663756218860	9.578469	1.1120644	-3.522833
1663756218873	9.802497	1.096511	-3.289234
1663756218897	9.564112	0.67148584	-3.2138598
1663756218910	9.38465	0.20697916	-3.1767712
1663756218948	9.284152	-0.14117654	-3.161218
1663756218960	9.202796	-0.2536392	-3.0678978
1663756218970	9.367901	-0.10767702	-2.9051857
1663756218992	9.916156	0.0059820567	-3.054737
1663756218999	9.611072	0.15074782	-3.510869
1663756219024	9.208778	1.055833	-3.5252259
1663756219054	9.703195	1.5861423	-2.5627131
1663756219064	9.642178	1.2340983	-2.030011
1663756219088	9.298509	0.101694964	-2.786741
1663756219101	8.976375	-0.88325065	-3.9287157
1663756219113	8.631808	-1.1455638	-4.3438706
1663756219164	8.444869	-0.26081768	-3.8350966
1663756219172	8.832806	0.9553344	-3.0930223
1663756219185	9.27817	1.6914265	-2.7628129
1663756219196	9.512667	1.7727824	-2.8286154
1663756219213	9.365508	1.183849	-3.0678978
1663756219253	9.089137	0.5554339	-3.3780673
1663756219269	9.059227	0.2213361	-3.4271202
1663756219289	9.203992	0.22851457	-3.3684962
1663756219297	9.276974	0.44057846	-3.3684962
1663756219319	9.281759	0.72293156	-3.3601213
1663756219329	9.2075815	0.8596215	-3.3338
1663756219363	8.934501	1.0773684	-3.3326037
1663756219378	8.539685	2.4912274	-5.665606
1663756219389	7.4647093	-0.51236314	-7.335497
1663756219402	9.606286	-1.3286148	-2.0024934
