Timestamp 	 X 	 Y 	 Z 
1663927563029	9.2997055	-0.13878371	-3.8844485
1663927563032	9.359526	-0.07178468	-3.4342988
1663927563034	9.55813	0.009571291	-2.2660031
1663927563050	9.67807	-0.069391854	-1.4303098
1663927563080	9.67807	-0.069391854	-1.4303098
1663927563159	9.82164	-0.40947178	-1.588236
1663927563170	9.824033	-0.4034897	-1.6280167
1663927563201	9.800104	-0.3819543	-1.6339988
1663927563204	9.731909	-0.32422748	-1.7237296
1663927563207	9.58804	-0.30508488	-1.7979071
1663927563266	9.573684	-0.27517462	-1.7177476
1663927563278	9.606286	-0.30029923	-1.588236
1663927563287	9.629018	-0.36520454	-1.6049858
1663927563294	9.627821	-0.39032918	-1.6387844
1663927563322	9.699606	-0.42023948	-1.6483557
1663927563341	9.760623	-0.42981076	-1.6495521
1663927563383	9.75823	-0.4142574	-1.6097715
1663927563386	9.777372	-0.33529428	-1.5535401
1663927563389	9.734302	-0.24047868	-1.5487545
1663927563393	9.679267	-0.17706887	-1.602593
1663927563498	9.670892	-0.1471586	-1.6818552
1663927563510	9.680463	-0.14356937	-1.6974086
1663927563519	9.721141	-0.2117648	-1.6710875
1663927563529	9.735498	-0.27876383	-1.6746768
1663927563548	9.696016	-0.3062813	-1.6519449
1663927563555	9.806087	-0.26799613	-1.5451652
1663927563562	10.130314	-0.19621146	-1.2855439
1663927563571	10.338788	-0.0849452	-1.1910275
1663927563581	10.081261	-0.046660043	-1.1670992
1663927563588	9.747462	0.011964113	-1.3537394
1663927563599	9.32124	-0.025124637	-1.6121643
1663927563700	9.03141	-0.1698904	-1.9498514
1663927563708	8.8854475	-0.2727818	-2.091028
1663927563716	9.093923	-0.34486556	-2.0455642
1663927563725	9.444471	-0.37238303	-1.8086748
1663927563742	9.783355	-0.34127632	-1.561915
1663927563752	9.975977	-0.28953153	-1.2999009
1663927563786	9.969995	-0.27158538	-0.9981061
1663927563797	9.82164	-0.26679972	-0.92153585
1663927563805	9.629018	-0.27996024	-1.1096715
1663927563815	9.589237	-0.276371	-1.4039887
1663927563826	9.536594	-0.29671	-1.6818552
1663927563837	9.4839525	-0.27756742	-1.7979071
1663927563849	9.4636135	-0.2656033	-1.7668004
1663927563872	9.578469	-0.25842485	-1.5858432
1663927563952	9.786943	-0.18185452	-1.2939188
1663927563963	10.027422	-0.10049855	-0.92512506
1663927563973	10.173684	-0.01794617	-0.6619146
1663927563989	10.026226	-0.06580263	-0.86171526
1663927563996	9.731909	-0.2213361	-1.2568301
1663927564006	9.500702	-0.32542387	-1.6133606
1663927564014	9.489935	-0.34965122	-1.6974086
1663927564050	9.521041	-0.45613182	-1.5092729
1663927564057	9.550952	-0.55064833	-1.238884
1663927564067	9.61825	-0.57936215	-1.0977074
1663927564094	9.655338	-0.5518447	-1.1587243
1663927564168	9.697213	-0.535095	-1.2257234
1663927564174	9.770194	-0.4621139	-1.2281163
1663927564181	9.910174	-0.40947178	-1.1395818
1663927564190	9.930513	-0.41904306	-1.0594223
1663927564197	9.801301	-0.42023948	-1.0785648
1663927564203	9.723534	-0.42023948	-1.1060823
1663927564297	9.718748	-0.42981076	-1.16351
1663927564306	9.764212	-0.39511484	-1.2173486
1663927564315	9.815658	-0.34247273	-1.1934203
1663927564322	9.850353	-0.31944183	-1.1443675
1663927564385	9.806087	-0.33888352	-1.0582259
1663927564393	9.767801	-0.4010969	-1.0917253
1663927564399	9.728319	-0.4334	-1.1503495
1663927564406	9.673285	-0.474078	-1.2077773
1663927564419	9.639785	-0.47048876	-1.2197413
1663927564435	9.688838	-0.44656053	-1.2053844
1663927564499	9.693624	-0.3711866	-1.1479566
1663927564507	9.747462	-0.2548356	-1.1264212
1663927564513	9.709177	-0.1794617	-1.2352947
1663927564521	9.570094	-0.27756742	-1.4027922
1663927564528	9.572487	-0.2620141	-1.4626129
1663927564548	9.611072	-0.2656033	-1.387239
1663927564556	9.550952	-0.31465617	-1.3704891
1663927564567	9.554541	-0.29072794	-1.4087744
1663927564576	9.567701	-0.317049	-1.4494523
1663927564591	9.675677	-0.32542387	-1.378864
1663927564600	9.837193	-0.27996024	-1.1371889
1663927564701	9.997512	-0.24765715	-0.9239286
1663927564712	9.916156	-0.27038896	-0.83778703
1663927564721	9.673285	-0.32063824	-1.0543375
1663927564731	9.438489	-0.31345975	-1.4003994
1663927564746	9.365508	-0.37357944	-1.6734804
1663927564753	9.522238	-0.34965122	-1.7237296
1663927564786	9.701999	-0.33290145	-1.4518452
1663927564796	9.815658	-0.30029923	-1.1790633
1663927564806	9.846765	-0.3472584	-1.0570294
1663927564815	9.835997	-0.4118646	-1.0737791
1663927564839	9.837193	-0.45613182	-1.0749756
1663927564850	9.833604	-0.5279165	-1.1156535
1663927564902	9.784551	-0.5183452	-1.1970096
1663927564915	9.747462	-0.49202415	-1.2556337
1663927564925	9.690035	-0.42741793	-1.2927225
1663927564945	9.696016	-0.39391842	-1.3238292
1663927564989	9.685248	-0.37238303	-1.3752748
1663927565000	9.656535	-0.38913277	-1.3669
1663927565010	9.615857	-0.4118646	-1.3692927
1663927565020	9.663713	-0.4441677	-1.3513466
1663927565060	9.722338	-0.4848457	-1.3417753
1663927565070	9.777372	-0.51116675	-1.2699906
1663927565079	9.820443	-0.5315057	-1.1826526
1663927565090	9.830014	-0.520738	-1.1790633
1663927565099	9.790533	-0.51116675	-1.244866
1663927565172	9.709177	-0.4334	-1.2951152
1663927565185	9.629018	-0.39032918	-1.3609179
1663927565195	9.5868435	-0.3699902	-1.4231312
1663927565205	9.578469	-0.33529428	-1.4422739
1663927565216	9.567701	-0.33529428	-1.4985052
1663927565225	9.607482	-0.36161533	-1.5188441
1663927565301	9.68166	-0.3999005	-1.4374882
1663927565313	9.761819	-0.4764708	-1.3214363
1663927565324	9.814461	-0.53270215	-1.2113664
1663927565334	9.835997	-0.5518447	-1.1790633
1663927565374	9.779765	-0.5195416	-1.1407782
1663927565382	9.749855	-0.5027919	-1.1276177
1663927565393	9.723534	-0.4549354	-1.1551352
1663927565401	9.69482	-0.44656053	-1.2293127
1663927565407	9.673285	-0.4764708	-1.3549358
1663927565412	9.685248	-0.44775695	-1.358525
1663927565498	9.65175	-0.44177487	-1.3489537
1663927565506	9.673285	-0.48963133	-1.3154542
1663927565514	9.725926	-0.51236314	-1.2795619
1663927565521	9.757033	-0.5518447	-1.2472588
1663927565528	9.723534	-0.5386842	-1.2197413
1663927565542	9.735498	-0.5063811	-1.1814562
1663927565549	9.795319	-0.41545382	-1.1192428
1663927565556	9.780962	-0.44775695	-1.1240284
1663927565588	9.7450695	-0.453739	-1.2783655
1663927565598	9.748658	-0.38913277	-1.3286148
1663927565609	9.716355	-0.36161533	-1.3489537
1663927565700	9.687641	-0.3711866	-1.3992031
1663927565711	9.674481	-0.392722	-1.480559
1663927565721	9.607482	-0.39511484	-1.521237
1663927565731	9.564112	-0.3819543	-1.4829519
1663927565737	9.6015	-0.40468612	-1.4279169
1663927565749	9.68166	-0.4106682	-1.358525
1663927565787	9.77498	-0.38554356	-1.2580265
1663927565798	9.830014	-0.33170503	-1.1587243
1663927565807	9.82164	-0.33888352	-1.1395818
1663927565816	9.795319	-0.3484548	-1.1682956
1663927565837	9.725926	-0.39511484	-1.2424731
1663927565848	9.660124	-0.42981076	-1.2987045
1663927565904	9.643374	-0.44895336	-1.3393825
1663927565913	9.669696	-0.45852464	-1.3190435
1663927565920	9.701999	-0.4429713	-1.2843475
1663927565952	9.742677	-0.42981076	-1.1934203
1663927565989	9.733106	-0.39511484	-1.1288141
1663927565999	9.736694	-0.3807579	-1.1312069
1663927566010	9.715159	-0.34965122	-1.1778669
1663927566019	9.674481	-0.33170503	-1.2520444
1663927566050	9.672089	-0.3290131	-1.2999009
1663927566061	9.686445	-0.3290131	-1.3166506
1663927566071	9.719945	-0.33050862	-1.2628121
1663927566123	9.785748	-0.33170503	-1.1682956
1663927566135	9.827621	-0.317049	-1.0857433
1663927566142	9.809675	-0.3182454	-1.0387841
1663927566161	9.819247	-0.30987054	-1.0594223
1663927566186	9.806087	-0.3062813	-1.1012967
1663927566198	9.7450695	-0.2943172	-1.1467602
1663927566208	9.64457	-0.28115666	-1.2532408
1663927566300	9.5760765	-0.27996024	-1.3477573
1663927566312	9.533006	-0.27038896	-1.3896317
1663927566323	9.537791	-0.26799613	-1.4123635
1663927566333	9.543773	-0.29312077	-1.4446666
1663927566342	9.640982	-0.32542387	-1.3824533
1663927566352	9.747462	-0.35682967	-1.2293127
1663927566373	9.837193	-0.3999005	-1.1012967
1663927566380	9.876675	-0.43100718	-1.0244272
1663927566390	9.849157	-0.43818563	-1.0148559
1663927566399	9.783355	-0.42741793	-1.0881361
1663927566406	9.688838	-0.41545382	-1.2460624
1663927566536	9.603892	-0.36640096	-1.3573287
1663927566545	9.5665045	-0.29192436	-1.3645071
1663927566553	9.547362	-0.276371	-1.3573287
1663927566560	9.579665	-0.2620141	-1.358525
1663927566565	9.672089	-0.27158538	-1.3022938
1663927566571	9.785748	-0.2835495	-1.2281163
1663927566580	9.880263	-0.28594232	-1.1479566
1663927566586	9.894621	-0.26799613	-1.0594223
1663927566593	9.85155	-0.2739782	-0.98973125
1663927566600	9.796515	-0.2321038	-1.0112667
1663927566752	9.75823	-0.2105684	-1.1036894
1663927566761	9.703195	-0.22253251	-1.1970096
1663927566770	9.716355	-0.27876383	-1.2209377
1663927566780	9.737891	-0.3484548	-1.1994023
1663927566790	9.747462	-0.39631125	-1.1587243
1663927566801	9.733106	-0.4106682	-1.1036894
1663927566811	9.684052	-0.44895336	-1.1084751
1663927566820	9.6529455	-0.42741793	-1.1324034
1663927566829	9.661321	-0.43100718	-1.1335998
1663927566840	9.664909	-0.42382872	-1.1192428
1663927566850	9.680463	-0.4884349	-1.090529
1663927566859	9.755837	-0.5099703	-1.0172487
1663927566870	9.782158	-0.5494519	-0.99930257
1663927566943	9.764212	-0.5554339	-1.0124631
1663927566953	9.698409	-0.520738	-1.0953146
1663927566964	9.583255	-0.4776672	-1.1886346
1663927566973	9.501899	-0.4441677	-1.2771691
1663927566999	9.500702	-0.43698925	-1.3274183
1663927567009	9.621839	-0.4668995	-1.2783655
1663927567020	9.901799	-0.52911294	-1.1264212
1663927567029	10.076475	-0.5805586	-0.92153585
1663927567050	10.088439	-0.55782676	-0.7791629
1663927567061	9.960423	-0.49202415	-0.7576275
1663927567117	9.746265	-0.41665024	-1.0016954
1663927567127	9.602696	-0.3711866	-1.2867404
1663927567136	9.537791	-0.3819543	-1.5188441
1663927567142	9.469596	-0.39391842	-1.6292131
1663927567147	9.415757	-0.37836507	-1.6037893
1663927567186	9.455238	-0.37477586	-1.4841483
1663927567200	9.5760765	-0.4118646	-1.3477573
1663927567212	9.803694	-0.43698925	-1.1694921
1663927567225	9.958031	-0.41904306	-0.9909277
1663927567300	9.985548	-0.3915256	-0.8425727
1663927567313	9.916156	-0.3819543	-0.8461619
1663927567324	9.727123	-0.37597227	-1.000499
1663927567334	9.47797	-0.32183465	-1.311865
1663927567345	9.446864	-0.29910284	-1.474577
1663927567369	9.525827	-0.36520454	-1.4614165
1663927567378	9.830014	-0.47048876	-1.2939188
1663927567387	10.17129	-0.52911294	-1.0088738
1663927567397	10.277771	-0.5279165	-0.7612167
1663927567404	10.142278	-0.42023948	-0.5709873
1663927567547	9.81805	-0.3062813	-0.7899306
1663927567559	9.55813	-0.2739782	-1.21017
1663927567572	9.442079	-0.33170503	-1.535594
1663927567582	9.340384	-0.4142574	-1.7919251
1663927567593	9.270991	-0.46929234	-1.8577276
1663927567603	9.304491	-0.54705906	-1.7141583
1663927567614	9.565309	-0.54705906	-1.4590236
1663927567625	9.932906	-0.5458627	-1.0845468
1663927567637	10.14826	-0.51475596	-0.74207413
1663927567645	10.185648	-0.45972106	-0.52313083
1663927567727	10.034601	-0.39870408	-0.56500524
1663927567738	9.763016	-0.3484548	-0.89282197
1663927567748	9.605089	-0.3074777	-1.2819548
1663927567757	9.582058	-0.34127632	-1.5020944
1663927567765	9.554541	-0.40947178	-1.614557
1663927567778	9.500702	-0.46091747	-1.5822539
1663927567786	9.426525	-0.49441698	-1.5320047
1663927567794	9.410972	-0.49920264	-1.4721842
1663927567802	9.6122675	-0.49202415	-1.2544373
1663927567810	9.912567	-0.5075775	-0.94307125
1663927567814	10.095618	-0.5063811	-0.7935198
1663927567819	10.103992	-0.44057846	-0.7540382
1663927567921	9.960423	-0.34486556	-0.8030911
1663927567926	9.797711	-0.31345975	-1.0232308
1663927567929	9.64816	-0.31226337	-1.317847
1663927567934	9.547362	-0.3364907	-1.5296118
1663927567937	9.455238	-0.34965122	-1.623231
1663927567942	9.369097	-0.39032918	-1.657927
1663927568013	9.345169	-0.42382872	-1.6157535
1663927568020	9.52822	-0.3819543	-1.4255241
1663927568025	9.857532	-0.37597227	-1.1371889
1663927568030	10.023833	-0.4010969	-0.9167502
1663927568043	10.051351	-0.38315073	-0.84855473
1663927568047	10.00828	-0.32422748	-0.8605189
1663927568150	9.924531	-0.29072794	-0.9825528
1663927568154	9.776176	-0.29072794	-1.1670992
1663927568158	9.682856	-0.32422748	-1.372882
1663927568162	9.6122675	-0.3400799	-1.5164514
1663927568214	9.561719	-0.36041892	-1.5463617
1663927568220	9.49472	-0.36759737	-1.5332011
1663927568226	9.467203	-0.39870408	-1.4961123
1663927568234	9.582058	-0.42622152	-1.3992031
1663927568241	9.773783	-0.40707895	-1.2113664
1663927568293	9.895817	-0.39750767	-1.0447662
1663927568302	9.924531	-0.37357944	-0.96460664
1663927568308	9.918549	-0.34606197	-0.9813564
1663927568315	9.844372	-0.2955136	-1.0630114
1663927568325	9.760623	-0.2620141	-1.21017
1663927568364	9.668499	-0.2428715	-1.358525
1663927568414	9.590433	-0.25722843	-1.4530416
1663927568422	9.530613	-0.30867413	-1.5128621
1663927568427	9.522238	-0.3687938	-1.5475581
1663927568433	9.554541	-0.40468612	-1.4901303
1663927568528	9.675677	-0.45014977	-1.3597214
1663927568535	9.81805	-0.4549354	-1.2113664
1663927568543	9.886246	-0.43579283	-1.082154
1663927568550	9.8886385	-0.40827537	-1.047159
1663927568555	9.853943	-0.36400816	-1.0654043
1663927568561	9.808479	-0.3278167	-1.1706885
1663927568566	9.727123	-0.27158538	-1.2975081
1663927568616	9.639785	-0.25244278	-1.4099708
1663927568624	9.561719	-0.25004998	-1.5391831
1663927568631	9.506684	-0.30388847	-1.5643078
1663927568636	9.488738	-0.36281174	-1.5367904
1663927568729	9.488738	-0.42741793	-1.4327025
1663927568735	9.624231	-0.45134616	-1.2424731
1663927568742	9.790533	-0.4776672	-1.1060823
1663927568748	9.952048	-0.5195416	-0.9514461
1663927568754	9.966406	-0.5243273	-0.8425727
1663927568759	9.893424	-0.5458627	-0.78394854
1663927568798	9.808479	-0.57457656	-0.88683987
1663927568804	9.645767	-0.58654064	-1.1467602
1663927568813	9.444471	-0.5769694	-1.4554343
1663927568818	9.347562	-0.5183452	-1.5738791
1663927568971	9.32124	-0.5075775	-1.5678971
1663927568977	9.334401	-0.52911294	-1.5391831
1663927568983	9.491131	-0.49800622	-1.4374882
1663927568988	9.747462	-0.4668995	-1.2065809
1663927568994	10.100404	-0.4657031	-0.86530447
1663927568999	10.105189	-0.46091747	-0.87966144
1663927569018	10.00828	-0.42023948	-0.95383894
1663927569023	9.77498	-0.35443684	-1.0929217
1663927569026	9.525827	-0.29790643	-1.4327025
1663927569030	9.353543	-0.21535404	-1.8038892
1663927569045	9.189635	-0.27517462	-2.068296
1663927569153	8.939286	-0.5243273	-2.2456641
1663927569158	9.021839	-0.7851449	-2.1053848
1663927569164	9.445667	-0.95772725	-1.6639091
1663927569169	9.725926	-1.0175478	-1.1120644
1663927569174	9.99153	-0.9936196	-0.63798636
1663927569179	10.276575	-0.8967103	-0.46899325
1663927569214	10.517054	-0.7899306	-0.5315057
1663927569221	10.502697	-0.8282157	-0.64037913
1663927569226	10.288539	-0.994816	-0.8365906
1663927569294	10.045368	-1.1551352	-1.1790633
1663927569300	9.770194	-1.1192428	-1.5655042
1663927569306	9.642178	-0.90029955	-1.8242282
1663927569312	9.527023	-0.56141603	-2.0240288
1663927569365	9.450453	-0.14596218	-2.239682
1663927569370	9.29492	0.20817557	-2.3258235
1663927569376	9.0341015	0.58893347	-2.0336
1663927569382	8.830413	0.948156	-1.4207385
1663927569414	8.8854475	1.1467602	-0.74566334
1663927569420	9.251849	1.061815	-0.20937198
1663927569426	9.814461	0.7636095	-1.1551352
1663927569547	10.563714	0.5697909	-1.5379868
1663927569553	10.7279215	0.47527438	-1.1850454
1663927569558	9.875478	0.30538398	-1.047159
1663927569564	9.140582	-0.11246266	-1.0785648
1663927569569	9.042477	-0.2739782	-1.0363913
1663927569575	9.298509	-0.19501504	-0.9909277
1663927569616	9.492328	-0.013160525	-0.69541407
1663927569624	9.676874	0.29940194	-0.2739782
1663927569630	9.748658	0.61884373	0.112761766
1663927569637	9.814461	0.948156	0.062213387
1663927569769	10.0681	1.2053844	0.2670988
1663927569777	10.481161	1.1084751	0.60807604
1663927569783	10.5900345	0.7396813	0.9026923
1663927569789	10.349556	0.26111677	1.4054842
1663927569795	10.186844	-0.03589234	1.306182
1663927569801	10.080065	-0.043070808	0.6622137
1663927569806	10.417751	0.106480606	-0.78035927
1663927569812	11.545369	0.62841505	-3.292823
1663927569820	11.763116	1.6160526	-5.1029935
1663927569826	11.7667055	1.9788643	-4.0387855
1663927569962	12.124731	1.8948164	-2.251646
1663927569969	12.084053	1.2675978	-2.068296
1663927569975	10.683355	0.61046886	-2.0359929
1663927569980	8.793324	0.23958136	-2.3425734
1663927569986	7.5640116	-0.07178468	-2.6416762
1663927569993	6.465108	-0.7899306	-2.5531418
1663927570000	5.9706907	-1.6806588	-2.1978076
1663927570006	6.5835524	-2.2612174	-1.7620147
1663927570026	7.9100733	-2.4358935	-1.631606
1663927570032	9.3104725	-2.3712873	-1.5954145
1663927570038	9.721141	-2.6024938	-1.637588
1663927570046	9.879067	-2.3521447	-1.2424731
1663927570154	9.952048	-1.6878372	-0.49292147
1663927570160	10.057333	-1.041476	0.31256247
1663927570167	10.259826	-0.48364928	0.86919284
1663927570173	10.391431	0.15433706	0.9661021
1663927570180	10.132707	0.77677006	0.3281158
1663927570186	9.893424	0.92542416	-0.4761717
1663927570214	9.828818	0.7962117	-0.59611195
1663927570221	10.214361	0.76719874	-0.5386842
1663927570227	10.622338	0.37716866	-0.15194423
1663927570294	10.596017	-0.7360921	0.6753742
1663927570300	11.424532	-1.5681962	0.19411774
1663927570305	14.242379	-1.4808581	-1.3142579
1663927570310	13.6606245	-2.3353949	-3.7896328
1663927570365	11.080863	-3.118147	-5.9192452
1663927570371	9.64816	-2.2971098	-5.9300127
1663927570376	8.552845	-0.8593224	-4.90409
1663927570382	6.771389	-0.008374879	-3.63051
1663927570414	5.9970117	1.265205	-3.8087754
1663927570420	6.296414	1.9067806	-3.938287
1663927570425	7.9280195	2.0386848	-3.6484563
1663927570501	9.397811	1.8146569	-2.8250263
1663927570507	10.372288	1.3851452	-1.8565313
1663927570513	10.31486	1.0522437	-0.54466623
1663927570518	9.364311	0.8847462	0.84765744
1663927570545	8.853145	1.0378869	1.5801603
1663927570550	9.272188	1.5586249	0.96729857
1663927570578	10.00828	1.8026928	-0.5303093
1663927570617	10.639088	1.6974086	-1.7787645
1663927570623	10.888241	1.2903296	-2.43709
1663927570629	10.612766	0.9302098	-2.079064
1663927570724	10.165309	0.74207413	-0.9825528
1663927570730	9.633803	0.34606197	0.05383851
1663927570735	9.274581	-0.078963146	0.91585284
1663927570740	9.035298	-0.72293156	1.4617156
1663927570770	8.965608	-1.204188	1.1754742
1663927570777	9.48156	-1.0845468	0.6873383
1663927570783	10.511071	-0.3807579	0.2335993
1663927570787	11.302498	0.22971097	-0.12921242
1663927570799	12.996317	0.5135596	-2.184647
1663927570817	15.151951	2.3605196	-6.4962144
1663927570945	13.096816	4.071089	-7.373782
1663927570950	9.91137	3.423531	-5.0587263
1663927570956	7.780562	2.103291	-3.2772696
1663927570962	6.70439	0.54705906	-2.102992
1663927570969	6.700801	-0.8748758	-1.8768703
1663927570975	7.304091	-1.509572	-2.0168505
1663927570980	8.479864	-1.8888344	-2.0048864
1663927570984	10.016655	-2.4538395	-1.724926
1663927571017	10.955239	-2.9865417	-1.5343975
1663927571027	10.216755	-3.461816	-0.9275179
1663927571034	9.347562	-3.1363924	-0.1471586
1663927571048	8.842377	-2.1499512	0.5386842
1663927571159	8.45803	-1.2257234	0.75673014
1663927571169	8.121839	-0.54346985	0.29940194
1663927571177	8.124231	-0.16749759	-0.57936215
1663927571185	8.808877	-0.096909314	-1.0172487
1663927571198	9.446864	-0.19860429	-0.8030911
1663927571206	10.3017	-0.25962126	-0.54346985
1663927571215	11.178968	-0.11964113	-0.11724831
1663927571224	11.647064	0.24556342	0.5159524
1663927571230	11.255539	0.84047896	1.0247263
1663927571283	10.642677	1.3238292	1.2822539
1663927571291	10.503893	1.2999009	0.82013994
1663927571297	10.642677	0.82612205	0.44057846
1663927571305	10.750653	-0.19142582	0.051445685
1663927571387	12.263515	-1.2891332	-2.2564318
1663927571396	12.860824	-3.1543384	-4.208676
1663927571404	10.460822	-4.2711883	-4.395316
1663927571411	8.738289	-3.7253258	-3.9119658
1663927571418	8.279764	-2.0614166	-2.815455
1663927571424	8.0404825	-0.689432	-2.2229323
1663927571436	7.5352974	-0.046660043	-2.3712873
1663927571550	7.5843506	0.35204405	-2.8896325
1663927571559	8.722735	0.8129615	-3.01047
1663927571567	10.016655	1.332204	-2.5399811
1663927571574	10.410573	1.9115661	-1.806282
1663927571581	9.913763	2.4936204	-0.78753775
1663927571587	9.589237	2.6491537	-0.6643074
1663927571595	9.233903	2.1762722	-0.57457656
1663927571618	9.182457	1.745265	-0.6439684
1663927571627	8.942876	1.0677971	-0.6966105
1663927571634	9.000303	0.40707895	-0.54466623
1663927571774	9.759426	0.12203395	-0.09930214
1663927571785	10.328021	-0.27038896	0.6622137
1663927571796	10.600802	-0.9732806	1.0235299
1663927571804	10.372288	-1.6196418	1.8113668
1663927571812	10.135099	-1.8397815	2.1332014
1663927571818	9.943673	-1.2173486	1.8544376
1663927571824	9.754641	-0.2883351	1.0546366
1663927571831	9.664909	0.16749759	0.008374879
1663927571838	10.718349	0.27906293	-1.1001002
1663927571845	13.486846	0.8572287	-3.2952158
1663927571949	15.064613	2.1942184	-5.596214
1663927571956	13.026227	2.847758	-5.2405806
1663927571963	10.451251	1.9178474	-3.2940195
1663927571971	8.800503	0.86201435	-2.3401806
1663927571977	7.2011995	-0.52313083	-2.288735
1663927571986	5.809175	-1.879263	-2.7568307
1663927572002	6.0281186	-2.7640092	-3.0499516
1663927572010	7.5735826	-2.6012974	-2.8692935
1663927572016	9.985548	-2.3688943	-2.3808584
1663927572024	11.327622	-2.4909284	-1.6866409
1663927572034	10.7889385	-2.498107	-0.70618176
1663927572050	9.633803	-2.1463618	0.35204405
1663927572082	8.836395	-1.3776677	1.1790633
1663927572092	8.5887375	-0.51236314	1.0319048
1663927572158	8.282157	0.020338992	0.1486541
1663927572170	8.024929	0.22971097	-0.83060855
1663927572196	8.194819	0.29102704	-1.4291133
1663927572206	8.765806	0.12203395	-1.1467602
1663927572214	9.606286	-0.03708875	-0.3792624
1663927572222	10.646266	-0.041874398	0.32333016
1663927572230	11.548959	-0.02871387	0.99601245
1663927572296	11.763116	0.0059820567	1.2200404
1663927572306	10.927722	-0.11006984	1.1096715
1663927572315	9.895817	-0.35563326	0.7423732
1663927572322	9.809675	-0.31465617	-0.04426722
1663927572380	10.280165	-0.5183452	-0.24646074
1663927572388	11.290534	-1.250848	-0.90119684
1663927572396	14.305789	-2.8848467	-2.7580273
1663927572403	13.590036	-4.6779685	-4.551149
1663927572418	9.934102	-3.8820555	-2.9111679
1663927572429	8.883055	-1.9474585	-1.5296118
1663927572439	8.450851	-0.15553348	-1.1659029
1663927572504	7.947162	0.8919246	-1.8601205
1663927572513	7.5939217	1.5239289	-2.7412775
1663927572521	8.006983	1.9573289	-3.7190447
1663927572528	9.182457	2.1332014	-4.3582273
1663927572548	10.545768	2.1104696	-3.7764723
1663927572557	10.945668	2.0638096	-2.359323
1663927572582	10.383056	1.6363916	-1.0977074
1663927572613	9.3104725	1.0450653	-0.1160519
1663927572622	8.48465	0.5937191	0.25393832
1663927572630	8.079964	0.36041892	-0.05383851
1663927572776	8.315657	0.43818563	-0.6678966
1663927572789	8.98475	0.6678966	-0.45702913
1663927572799	9.552148	0.5602196	-0.08135597
1663927572807	10.172487	0.111266255	0.45852464
1663927572814	10.778171	-0.40468612	0.7423732
1663927572822	10.633105	-0.68464637	1.3049856
1663927572831	9.746265	-0.79471624	2.0434706
1663927572837	9.329616	-0.64636123	1.6639091
1663927572845	9.488738	0.050249275	0.80578303
1663927572853	9.625428	0.68105716	0.17018951
1663927572967	10.138689	0.8739785	0.015553347
1663927572975	11.157433	0.79501534	-0.38524446
1663927572983	13.403097	0.86201435	-2.3449662
1663927572991	15.27907	2.0410776	-5.5372906
1663927572998	13.982459	3.293122	-6.309574
1663927573004	10.616356	2.201397	-3.3792639
1663927573012	9.037691	0.60329044	-2.469393
1663927573018	7.672885	-0.8210373	-1.8541385
1663927573024	6.1477594	-2.0673988	-2.1628125
1663927573033	5.968298	-2.9398818	-2.213361
1663927573041	7.1581287	-3.202195	-1.7931215
1663927573048	9.025428	-3.2943187	-1.8409779
1663927573159	10.328021	-3.4211383	-1.8589242
1663927573171	10.151849	-3.1962128	-1.3405789
1663927573181	9.336794	-2.2229323	0.0035892338
1663927573189	8.684451	-1.230509	1.0175478
1663927573199	8.337193	-0.4022933	1.1072787
1663927573209	8.158927	0.02751746	0.58893347
1663927573215	8.022536	0.22492532	-0.19860429
1663927573228	8.302496	0.4034897	-1.1742777
1663927573235	8.819645	0.5566304	-1.4697913
1663927573283	9.688838	0.8488538	-0.81625164
1663927573293	10.79492	1.1324034	0.08763713
1663927573300	11.748759	1.1718849	0.4728816
1663927573308	11.729616	0.8883354	0.7531409
1663927573378	10.890634	0.42023948	1.0043873
1663927573388	10.550553	-0.4621139	0.9768698
1663927573398	10.814063	-1.1096715	0.4334
1663927573409	11.60519	-1.6914265	0.20249261
1663927573420	12.98196	-2.679064	-0.85214394
1663927573430	14.698511	-4.738985	-4.01725
1663927573548	11.706884	-5.992525	-5.782854
1663927573556	8.542078	-4.2302113	-4.430311
1663927573564	7.7446694	-1.2927225	-2.5555346
1663927573571	7.963912	0.91346	-2.329413
1663927573578	8.016554	2.0350957	-2.8549366
1663927573588	8.308478	2.5055845	-3.3960135
1663927573597	9.536594	2.876472	-3.7968113
1663927573617	10.756635	3.2153554	-3.2880373
1663927573627	10.963614	3.4486556	-2.111367
1663927573639	10.173684	3.0176485	-1.1623136
1663927573650	9.011071	2.2695923	-0.67387867
1663927573724	8.185248	1.5047864	-0.80787677
1663927573734	7.9220376	0.84406817	-0.669093
1663927573743	7.9447694	0.28384858	-0.9933205
1663927573751	8.090732	-0.18185452	-1.0160524
1663927573773	8.926126	-0.5662017	-0.35653058
1663927573780	9.845568	-0.91106725	0.61046886
1663927573798	10.156934	-1.5610176	1.0677971
1663927573808	9.989138	-1.8960128	1.294218
1663927573815	9.863514	-1.6160526	2.0434706
1663927573822	10.123136	-1.0797613	1.8771694
1663927573968	10.205987	-0.3915256	1.212862
1663927573979	10.329217	0.37956148	0.092422776
1663927573989	10.9325075	0.9194421	-0.5422734
1663927573998	11.82533	1.0043873	-0.6343971
1663927574006	13.334902	0.9720842	-2.1894326
1663927574013	14.943775	2.0889342	-5.5217376
1663927574023	13.046566	3.2883365	-6.222236
1663927574034	9.89821	2.2827528	-4.322335
1663927574042	8.088339	0.93260264	-2.9733813
1663927574052	7.031309	-0.3472584	-2.6141586
1663927574064	6.5285172	-1.393221	-2.9219356
1663927574075	6.7115684	-2.1774685	-2.7412775
1663927574159	7.94118	-2.5785656	-2.292324
1663927574167	10.105189	-2.774777	-1.7883358
1663927574179	11.050952	-3.1686954	-1.0507482
1663927574189	10.341181	-3.0272198	-0.03589234
1663927574199	9.305687	-2.495714	0.9816555
1663927574209	8.503793	-1.6184454	1.5586249
1663927574218	7.98784	-0.93978107	1.0797613
1663927574226	7.684849	-0.45613182	-0.111266255
1663927574234	7.656135	-0.083748795	-1.326222
1663927574299	8.210373	0.17228323	-1.9773688
1663927574311	8.990732	0.16869399	-1.6268203
1663927574321	9.849157	0.14117654	-0.5721837
1663927574331	10.836795	0.3472584	0.39032918
1663927574378	11.569298	0.6678966	1.041476
1663927574386	11.828918	0.95772725	1.7356937
1663927574409	11.699706	0.8452646	1.9058832
1663927574417	11.049756	-0.32303107	0.581755
1663927574424	10.3340025	-1.5000007	-0.02632105
1663927574439	10.322039	-1.8912272	0.3149553
1663927574558	11.272288	-1.9761724	-0.19142582
1663927574568	13.837693	-2.5845475	-2.5052853
1663927574579	12.899109	-4.412365	-5.05753
1663927574586	9.875478	-3.8820555	-5.63091
1663927574592	7.6573315	-1.8924236	-4.4889355
1663927574599	8.193623	-0.05623133	-3.519244
1663927574610	8.909376	0.9768698	-3.4199417
1663927574616	8.958429	1.1994023	-3.464209
1663927574624	9.571291	1.3683954	-3.065505
1663927574631	10.412966	1.6555341	-1.9307088
1663927574635	10.159327	1.8649062	-0.73369926
1663927574777	9.265009	2.1822543	-0.05623133
1663927574787	8.7215395	2.2229323	-0.3385844
1663927574795	8.338388	1.9944177	-1.1120644
1663927574803	8.314461	1.6184454	-1.3202399
1663927574810	8.210373	0.89431745	-1.7943178
1663927574818	7.8690963	0.106480606	-1.6531414
1663927574828	8.324032	-0.32303107	-0.4881358
1663927574834	9.393025	-0.7516454	0.66101724
1663927574840	10.160523	-1.244866	1.6160526
1663927574845	10.605588	-1.6184454	1.4700904
1663927574969	10.458429	-1.3800604	2.0111675
1663927574979	10.442876	-1.0127622	2.210968
1663927574988	10.67498	-0.474078	1.6160526
1663927574997	11.098808	0.21535404	0.65264237
1663927575007	11.467603	0.7360921	-0.2213361
1663927575016	11.877074	1.0390832	-0.25603202
1663927575028	11.666206	0.71694946	-0.2117648
1663927575037	12.383156	0.18783657	-2.2863421
1663927575049	13.144672	1.2329018	-5.7876396
1663927575060	11.532208	2.3258235	-6.181558
1663927575070	8.496614	1.5191432	-4.354638
1663927575080	6.954739	-0.051445685	-3.1803603
1663927575161	6.7426753	-1.3226327	-2.6344976
1663927575173	7.913663	-1.6782659	-2.5674987
1663927575182	9.407382	-2.0279171	-2.664408
1663927575190	10.882258	-2.367698	-2.4095724
1663927575199	11.267503	-2.3653052	-1.9582262
1663927575208	10.098011	-2.5519454	-1.0028918
1663927575215	8.67129	-2.5809584	-0.16869399
1663927575224	7.969894	-2.193022	0.32213375
1663927575232	7.4922266	-1.4641083	0.67776704
1663927575298	7.5364943	-0.7217351	0.77347994
1663927575310	7.672885	-0.28594232	0.23718855
1663927575321	8.362317	0.0	-0.40079778
1663927575331	9.080762	0.13280165	-0.40438703
1663927575372	9.786943	0.19980069	-0.16630118
1663927575380	10.253843	0.49082774	-0.21655045
1663927575410	10.450055	0.9768698	-0.25603202
1663927575417	10.53141	1.338186	-0.104087785
1663927575424	10.343575	0.8596215	-0.076570325
1663927575437	10.304092	0.01794617	-0.45224348
1663927575547	10.7351	-0.56380886	-0.2955136
1663927575556	11.387443	-0.689432	0.51116675
1663927575564	11.729616	-0.7013961	1.7321045
1663927575571	12.806985	-0.9912268	0.5937191
1663927575578	14.084454	-2.8992038	-2.3545375
1663927575585	11.034203	-4.6432724	-4.7306104
1663927575591	8.499007	-3.781557	-4.779663
1663927575612	7.4072814	-2.1188445	-3.5910287
1663927575620	7.900203	-0.86291164	-3.228217
1663927575626	8.504989	0.19142582	-3.3960135
1663927575632	8.807681	0.91465646	-3.4127634
1663927575746	10.075279	1.7368901	-3.1348968
1663927575752	11.313266	2.3665016	-2.652444
1663927575760	11.070095	2.6336005	-1.6842481
1663927575768	9.843175	2.6742785	-0.57457656
1663927575800	8.750254	2.504388	-0.3900301
1663927575812	7.7757764	1.8110676	-0.80787677
1663927575819	7.361818	1.3190435	-0.8748758
1663927575827	7.2753773	0.7938189	-0.9873384
1663927575833	7.611868	0.1698904	-0.9921241
1663927575841	8.479864	-0.35682967	-0.62841505
1663927575968	9.425328	-0.6511469	0.14386846
1663927575976	9.986745	-1.2221341	0.86081797
1663927575987	10.316056	-1.7057835	0.99960166
1663927575997	10.383056	-1.7213368	1.6746768
1663927576009	10.667802	-1.4243277	1.3827524
1663927576019	11.2017	-0.42741793	0.3915256
1663927576030	11.857932	0.70618176	-0.22731815
1663927576042	12.614363	1.2999009	-0.47976094
1663927576051	13.82214	1.2436695	-0.6942177
1663927576063	14.7870455	1.7273189	-2.9398818
1663927576073	13.187743	2.478067	-4.469793
1663927576083	10.113564	1.9776679	-3.9167516
1663927576162	8.12782	0.8979067	-4.019643
1663927576174	7.0265236	-0.28713873	-4.49731
1663927576185	6.4423757	-1.0570294	-4.7174497
1663927576194	6.908079	-1.6734804	-4.234997
1663927576215	8.211569	-1.9438694	-3.3672996
1663927576225	9.833604	-2.306681	-2.4598217
1663927576233	10.816456	-2.7831519	-2.2073789
1663927576244	9.806087	-3.0619156	-1.0809577
1663927576254	8.784949	-2.7592237	0.44775695
1663927576282	8.084749	-2.0793629	1.5490535
1663927576293	7.7087774	-1.061815	1.7225332
1663927576302	7.672885	-0.37238303	0.3711866
1663927576310	7.794919	0.032303106	-1.1467602
1663927576374	8.39821	0.26829523	-1.9031913
1663927576387	9.27817	0.5171488	-1.637588
1663927576415	10.4261265	0.90149593	-0.71455663
1663927576423	11.268699	1.1048858	0.041874398
1663927576437	11.5932255	1.1419746	0.67417777
1663927576445	11.856735	1.1144571	0.9912268
1663927576503	11.483156	0.5159524	0.7292127
1663927576514	10.762617	-0.44895336	0.6550352
1663927576524	10.472787	-1.1443675	0.8679964
1663927576534	11.012667	-1.7261224	0.31974092
1663927576548	14.369199	-3.2321053	-3.69392
1663927576557	12.987942	-5.5184474	-6.201897
1663927576567	8.606684	-4.6564326	-5.323133
1663927576616	7.190432	-2.926721	-4.558327
1663927576626	8.117053	-1.326222	-4.4518466
1663927576636	8.585149	0.1363909	-4.178766
1663927576646	9.059227	1.1001002	-3.946662
1663927576736	9.517452	1.5502499	-4.0902314
1663927576745	10.226326	1.9322042	-3.1229327
1663927576751	10.365109	2.530709	-1.1216356
1663927576758	9.440882	3.2596226	0.37597227
1663927576801	8.540881	3.4187453	0.85244304
1663927576811	7.8906317	2.679064	-0.014356935
1663927576819	8.172088	2.0147567	-1.0857433
1663927576828	8.542078	1.198206	-1.6292131
1663927576836	9.232706	0.53629136	-1.346561
1663927576846	10.156934	0.111266255	-0.6643074
1663927576974	10.386645	-0.33888352	0.39032918
1663927576986	9.649357	-1.2568301	0.59611195
1663927576997	8.563613	-2.2301106	-0.20817557
1663927577005	8.490632	-2.2743778	-0.5374878
1663927577014	9.297313	-1.2831511	0.0
1663927577023	10.700105	0.18664017	0.117547415
1663927577031	12.206087	1.4521443	0.16420746
1663927577041	12.736397	1.89362	0.4764708
1663927577049	13.060924	1.2903296	1.1324034
1663927577058	12.978371	-0.5590232	-1.1240284
1663927577069	12.750753	-0.602094	-4.0100718
1663927577080	11.4496565	0.20817557	-4.813163
1663927577163	9.425328	-0.12323037	-5.2070813
1663927577173	7.705188	-0.7683952	-5.408078
1663927577183	6.296414	-1.3070793	-5.77089
1663927577194	5.9431734	-1.7321045	-5.9838514
1663927577216	7.650153	-1.6710875	-5.689534
1663927577228	9.883853	-1.8014964	-4.3259244
1663927577237	11.170593	-2.0291135	-2.4023938
1663927577244	10.663016	-2.2971098	0.36759737
1663927577255	10.125528	-2.2002003	3.2093735
1663927577283	9.571291	-1.5287145	4.747659
1663927577293	8.983554	-0.78873414	2.9401808
1663927577303	8.235497	-0.46809593	-0.33379877
1663927577314	7.595118	-0.27876383	-2.801098
1663927577366	7.4850483	-0.021535404	-3.7848473
1663927577376	8.310871	0.5135596	-3.045166
1663927577417	10.155738	1.0426725	-1.1300105
1663927577426	11.839986	0.9589237	0.8895318
1663927577440	12.511472	0.7372885	2.5941188
1663927577446	11.92852	0.20817557	2.522334
1663927577453	10.843973	-0.770788	0.39870408
1663927577503	9.864711	-1.4470595	-0.9873384
1663927577515	9.426525	-1.5215361	-1.0088738
1663927577525	10.087243	-1.3058829	-0.23569304
1663927577550	12.152249	-1.5239289	-2.013261
1663927577561	13.025031	-3.2237303	-4.549952
1663927577570	10.232307	-3.5994034	-4.0555353
1663927577617	9.071191	-1.5957136	-3.705884
1663927577628	9.05803	-0.36400816	-3.185146
1663927577635	8.581559	0.38315073	-2.951846
1663927577644	8.358727	0.74446696	-3.1253254
1663927577738	9.29492	1.2209377	-3.7848473
1663927577749	9.897014	1.6040884	-3.5012977
1663927577755	10.007083	2.2983062	-2.4837499
1663927577762	9.662517	2.8429725	-1.3022938
1663927577799	9.268599	2.9997022	-0.64875406
1663927577806	8.906983	2.6276183	-0.5697909
1663927577812	8.649755	1.9067806	-0.4139583
1663927577819	8.700004	1.1132607	-0.4235296
1663927577825	8.392227	0.20817557	-0.63200426
1663927577833	8.71795	-0.53988063	-0.35533416
1663927577975	9.730712	-0.83778703	0.4022933
1663927577987	10.252646	-1.5658033	1.4294125
1663927577998	10.288539	-2.5220351	1.7706888
1663927578005	9.942477	-2.6407788	2.4684956
1663927578012	9.776176	-1.9043877	2.6682963
1663927578017	9.670892	-0.6655038	2.225325
1663927578024	10.707283	0.0526421	0.6681957
1663927578029	13.19851	0.47048876	-3.1576285
1663927578035	15.084952	2.1487548	-6.5261245
1663927578041	14.576179	4.0088754	-7.0839515
1663927578058	13.101602	3.5838501	-4.5714874
1663927578065	10.809278	1.8361923	-2.8992038
1663927578163	8.615059	0.1268196	-3.1277182
1663927578173	6.524928	-1.3573287	-3.4881372
1663927578182	5.1197433	-2.6012974	-3.0391839
1663927578188	6.136992	-3.1193435	-2.0180469
1663927578217	8.069196	-3.1998022	-1.1383854
1663927578228	9.719945	-3.1830523	-0.63559353
1663927578238	10.198809	-3.3457642	-1.0328021
1663927578246	9.786943	-3.260819	-0.9765707
1663927578255	9.224331	-2.2767708	-0.39960137
1663927578293	8.694022	-1.1240284	-0.11964113
1663927578298	8.39462	-0.29312077	-0.2739782
1663927578303	8.365906	0.29820552	-0.6236294
1663927578361	8.606684	0.4621139	-1.1886346
1663927578365	9.083155	0.45852464	-1.50688
1663927578417	9.626625	0.4441677	-0.9239286
1663927578424	10.027422	0.285045	-0.38883367
1663927578436	10.421341	0.049052864	-0.086141616
1663927578445	10.604392	-0.4621139	0.03589234
1663927578451	10.6307125	-0.7325028	0.3281158
1663927578455	10.854741	-0.6439684	0.76271224
1663927578460	11.059327	-0.29910284	1.2212368
1663927578551	10.92174	-0.20458634	1.7225332
1663927578560	10.6307125	-0.33050862	1.5239289
1663927578567	10.357931	-0.9314062	1.2200404
1663927578575	11.639886	-1.6184454	-0.6678966
1663927578619	13.29542	-3.3170505	-3.4223347
1663927578629	11.26152	-4.473382	-4.959125
1663927578639	9.692428	-3.4163525	-4.9734817
1663927578649	8.935697	-1.2520444	-3.3613176
1663927578659	8.563613	0.12323037	-2.638087
1663927578770	8.196015	0.79112697	-3.2700913
1663927578783	7.745866	1.1874382	-3.3182468
1663927578791	8.42812	1.4868401	-2.9004002
1663927578797	10.11476	1.6160526	-2.2265215
1663927578804	10.84158	1.5981064	-1.6710875
1663927578811	10.249058	1.489233	-1.0833504
1663927578817	9.183653	1.3202399	-0.9406784
1663927578825	8.307282	0.9601201	-1.6304095
1663927578831	8.068	0.7588239	-1.7093726
1663927578838	8.240283	0.6056832	-1.480559
1663927578948	8.662915	0.2754737	-1.2173486
1663927578959	9.359526	-0.08135597	-1.0555339
1663927578968	10.168898	-0.12801601	-0.4869394
1663927578976	10.707283	-0.28713873	0.047856454
1663927578984	10.896615	-0.4322036	0.58534425
1663927578992	10.659427	-0.46331027	1.361217
1663927579019	10.164112	-0.111266255	1.9561325
1663927579030	9.874282	0.101694964	1.6567305
1663927579042	9.49472	0.24556342	0.9708878
1663927579052	9.402596	0.4010969	0.4429713
1663927579057	10.3017	0.13040884	-0.5841478
1663927579065	12.274282	-0.43938205	-2.9386854
1663927579164	12.28505	-0.12323037	-4.551149
1663927579177	11.822937	0.9529416	-3.8434713
1663927579184	11.296515	0.56141603	-2.8501508
1663927579192	10.707283	0.15314065	-1.6013966
1663927579215	10.029816	0.022731815	-1.1647065
1663927579226	8.863913	0.029910283	-2.243271
1663927579238	7.656135	-0.26679972	-3.394817
1663927579248	6.7725854	-0.7516454	-3.7298124
1663927579289	6.78096	-1.2005987	-3.2832518
1663927579299	7.8140616	-1.2664014	-2.4765713
1663927579307	9.0951185	-1.3621143	-1.6339988
1663927579315	10.1446705	-1.7428722	-1.1934203
1663927579365	10.70848	-2.1906292	-1.1862419
1663927579374	10.491929	-2.4323041	-1.1312069
1663927579415	10.033404	-2.3389843	-0.7253244
1663927579428	9.740284	-1.8864416	-0.28953153
1663927579443	9.446864	-1.3740784	-0.34217364
1663927579448	8.993125	-0.90388876	-0.79950184
1663927579453	8.62463	-0.6164509	-1.2592229
1663927579492	8.510971	-0.5937191	-1.5116657
1663927579503	8.915359	-0.49800622	-1.2771691
1663927579554	9.646963	-0.38793638	-0.7049854
1663927579565	10.444073	-0.29790643	-0.058624156
1663927579576	10.973186	-0.2428715	0.43579283
1663927579584	10.927722	-0.11964113	0.7615158
1663927579617	10.485947	0.13758731	0.9182457
1663927579627	10.089636	0.37836507	0.7160522
1663927579635	9.686445	0.2117648	0.30299118
1663927579644	9.583255	-0.41306102	-0.21894327
1663927579694	10.329217	-1.317847	-1.4374882
1663927579707	12.246765	-2.1595225	-3.0906296
1663927579770	12.665809	-3.2775688	-3.87727
1663927579782	10.930115	-3.054737	-2.696711
1663927579791	9.920941	-1.8242282	-0.811466
1663927579802	9.317652	-1.090529	0.09720842
1663927579811	8.209176	-0.94337034	-0.8222337
1663927579821	7.2562346	-0.68225354	-2.1472592
1663927579830	6.9188466	-0.020338992	-3.2377882
1663927579838	7.2586274	0.62721866	-3.464209
1663927579845	8.483454	0.8117651	-3.2389846
1663927579895	10.031012	0.95054877	-2.8848467
1663927579907	11.617154	1.6304095	-2.082653
1663927579971	12.189338	2.3018954	-1.5475581
1663927579982	11.128719	2.1798615	-1.6818552
1663927579992	9.538987	1.5885352	-1.4626129
1663927580002	8.746664	0.974477	-1.4733806
1663927580021	8.93809	0.5925227	-1.3489537
1663927580033	9.272188	0.13998012	-1.0555339
1663927580042	9.470792	-0.36759737	-0.71336025
1663927580052	9.730712	-0.76719874	-0.5709873
1663927580064	10.11835	-0.9720842	-0.019142581
1663927580073	10.350753	-1.2209377	0.14985052
1663927580165	10.060922	-1.509572	0.090029955
1663927580177	9.733106	-1.5813566	-0.039481573
1663927580188	9.560523	-1.2855439	0.03708875
1663927580198	9.81805	-0.9601201	0.11515459
1663927580217	10.809278	-0.63798636	-0.77677006
1663927580225	11.712867	-0.39391842	-2.7098715
1663927580232	10.672587	0.14237295	-4.5762734
1663927580240	9.466006	1.1060823	-4.7581277
1663927580281	9.046066	1.6088741	-3.7680974
1663927580292	8.917751	1.5358931	-2.827419
1663927580302	8.802896	1.1132607	-2.1918256
1663927580308	8.7418785	0.5135596	-2.0455642
1663927580367	8.856734	-0.078963146	-2.1041884
1663927580378	9.245867	-0.6559325	-2.1460629
1663927580417	9.658928	-1.3453646	-2.0934207
1663927580424	9.784551	-1.873281	-1.9869401
1663927580440	9.670892	-2.062613	-1.7141583
1663927580445	9.553345	-1.7895322	-1.6002002
1663927580451	9.339187	-1.4231312	-1.8708882
1663927580493	9.333204	-1.1563315	-2.1317058
1663927580505	9.499506	-1.0462617	-1.9666011
1663927580552	9.667302	-1.0462617	-1.6061822
1663927580564	9.846765	-1.1180464	-1.2592229
1663927580573	9.902996	-1.1742777	-1.0666007
1663927580581	9.826426	-1.1599208	-1.0387841
1663927580618	9.766604	-1.0737791	-1.0495518
1663927580626	9.637392	-1.07019	-1.3800604
1663927580635	9.372686	-1.1611172	-1.8314066
1663927580644	9.1669035	-1.1515459	-2.1711874
1663927580695	9.138189	-1.1312069	-2.4526432
1663927580706	9.270991	-1.049851	-2.5710878
1663927580717	9.445667	-0.8533404	-2.4227328
1663927580771	9.669696	-0.58534425	-1.9713868
1663927580783	9.913763	-0.5183452	-1.474577
1663927580792	10.188041	-0.68105716	-1.1910275
1663927580801	10.145867	-0.927817	-1.2795619
1663927580809	9.84796	-1.250848	-1.5798612
1663927580817	9.61825	-1.4434702	-1.785943
1663927580827	9.488738	-1.5275182	-1.9941186
1663927580898	9.427721	-1.483251	-2.231307
1663927580910	9.488738	-1.3453646	-2.2468605
1663927580916	9.688838	-1.2137593	-2.0862422
1663927580974	9.826426	-1.1802598	-1.867299
1663927580986	9.861121	-1.2017952	-1.779961
1663927580996	9.654142	-1.2484552	-1.7691933
1663927581017	9.460024	-1.338186	-1.7321045
1663927581028	9.349955	-1.4243277	-1.7739788
1663927581038	9.334401	-1.4315062	-1.8397815
1663927581049	9.306884	-1.4123635	-1.9271195
1663927581055	9.24467	-1.5179468	-2.013261
1663927581062	9.115458	-1.6902301	-2.193022
1663927581088	9.021839	-1.6890336	-2.184647
1663927581167	9.032906	-1.4350954	-2.1340988
1663927581179	9.188439	-1.0797613	-2.021636
1663927581190	9.7043915	-0.8042875	-1.6722839
1663927581216	10.241879	-0.83778703	-1.3022938
1663927581227	10.50509	-1.0713863	-1.244866
1663927581237	10.23829	-1.4434702	-1.5702899
1663927581248	9.853943	-1.7153547	-1.9402801
1663927581258	9.457631	-1.9354944	-2.2360928
1663927581291	9.136993	-1.9797616	-2.2767708
1663927581304	8.993125	-1.7500507	-2.1834507
1663927581312	9.015857	-1.4123635	-1.9929222
1663927581320	9.190832	-1.076172	-1.879263
1663927581368	9.402596	-0.76719874	-1.8553349
1663927581377	9.436096	-0.6092725	-1.8361923
1663927581417	9.5353985	-0.48963133	-1.7739788
1663927581425	9.721141	-0.37357944	-1.6686947
1663927581442	9.919745	-0.29192436	-1.5822539
1663927581447	10.086046	-0.38554356	-1.5774683
1663927581493	10.065707	-0.7923234	-1.2496517
1663927581509	10.300504	-0.51116675	-2.819044
1663927581522	10.078868	-2.2181466	-1.8888344
1663927581550	9.887443	-1.8122641	-0.9526425
1663927581559	9.7654085	-1.6663018	-0.9287143
1663927581570	9.901799	-1.6734804	-1.090529
1663927581579	9.482756	-1.5430715	-1.751247
1663927581618	9.381062	-1.3501502	-1.8517456
1663927581629	9.55813	-0.97806627	-1.7440686
1663927581636	9.69482	-0.6092725	-1.6304095
1663927581645	9.7450695	-0.3687938	-1.5774683
1663927581708	9.676874	-0.3400799	-1.6013966
1663927581716	9.530613	-0.4322036	-1.704587
1663927581727	9.360723	-0.5422734	-1.8505492
1663927581735	9.236296	-0.6128617	-1.9199411
1663927581770	9.316455	-0.59611195	-1.8086748
1663927581779	9.51147	-0.53629136	-1.6184454
1663927581797	9.687641	-0.4645067	-1.46022
1663927581806	9.797711	-0.4142574	-1.3657036
1663927581816	9.809675	-0.41904306	-1.3453646
1663927581823	9.743873	-0.42861435	-1.4063815
1663927581886	9.65175	-0.4645067	-1.5367904
1663927581896	9.5760765	-0.5075775	-1.6411772
1663927581905	9.491131	-0.5949155	-1.7632111
1663927581915	9.410972	-0.67028946	-1.8254246
1663927581949	9.346365	-0.7217351	-1.7955143
1663927581961	9.35474	-0.74566334	-1.7488543
1663927582017	9.550952	-0.7157531	-1.6806588
1663927582029	9.808479	-0.72412795	-1.5762719
1663927582036	9.99153	-0.68345	-1.4578272
1663927582044	10.077672	-0.48245287	-1.6280167
1663927582053	9.672089	-0.63918275	-1.7967107
1663927582060	9.684052	-0.7851449	-1.4614165
1663927582119	9.552148	-0.7815557	-1.6758732
1663927582131	9.561719	-0.7480562	-1.8122641
1663927582156	9.549755	-0.7001997	-1.8445672
1663927582165	9.57488	-0.65712893	-1.8182461
1663927582217	9.579665	-0.5566304	-1.7763717
1663927582229	9.600304	-0.4776672	-1.7488543
1663927582240	9.662517	-0.43579283	-1.6854445
1663927582249	9.734302	-0.5027919	-1.500898
1663927582258	9.803694	-0.55782676	-1.4087744
1663927582296	9.807282	-0.6726823	-1.4171492
1663927582305	9.777372	-0.7827521	-1.4769697
1663927582316	9.696016	-0.80548394	-1.5296118
1663927582325	9.630214	-0.77318084	-1.5367904
1663927582370	9.568898	-0.7181459	-1.5224334
1663927582382	9.52822	-0.6966105	-1.4937196
1663927582417	9.55813	-0.7432705	-1.5343975
1663927582425	9.58804	-0.81625164	-1.5571294
1663927582442	9.619446	-0.8222337	-1.5810575
1663927582446	9.44806	-0.5171488	-1.6746768
