Timestamp 	 X 	 Y 	 Z 
1663079630197	9.832407	0.88235337	2.111666
1663079630202	9.71157	0.92183495	0.0035892338
1663079630207	9.824033	1.6818552	-1.4757733
1663079630243	9.488738	2.3138595	-3.1073792
1663079630245	9.195618	2.6276183	-4.0328035
1663079630249	8.782557	2.0745773	-4.206283
1663079630252	8.972786	1.9669002	-2.658426
1663079630255	9.437292	2.0207388	-0.86889374
1663079630312	9.696016	1.8756739	-0.39361933
1663079630406	9.637392	1.7560327	-0.9825528
1663079630411	9.432507	1.7691933	-1.7141583
1663079630413	9.2793665	1.8194425	-1.9725832
1663079630418	9.287741	1.8840487	-1.8206389
1663079630421	9.396614	1.9645073	-1.6710875
1663079630425	9.4432745	1.9908284	-1.6244274
1663079630428	9.457631	2.0003998	-1.6002002
1663079630435	9.408579	2.0063818	-1.6495521
1663079630439	9.337991	2.0267208	-1.7811574
1663079630446	9.287741	2.0685952	-1.8517456
1663079630488	9.323633	2.0889342	-1.7536399
1663079630527	9.379865	2.1020947	-1.6998014
1663079630535	9.461221	2.1128623	-1.759622
1663079630643	9.449257	2.0985055	-1.8146569
1663079630658	9.337991	2.1284158	-1.8302102
1663079630668	9.247063	2.231307	-1.8230318
1663079630679	9.290133	2.3138595	-1.751247
1663079630689	9.372686	2.3282163	-1.6950158
1663079630699	9.375079	2.2468605	-1.759622
1663079630711	9.378669	2.2576282	-1.7883358
1663079630720	9.377472	2.37368	-1.6507485
1663079630776	9.316455	2.4107687	-1.5032908
1663079630788	9.209974	2.3557339	-1.5236298
1663079630800	9.186047	2.2660031	-1.5320047
1663079630810	9.178867	2.0841484	-1.2053844
1663079630819	9.192028	1.8888344	-0.9275179
1663079630847	9.359526	1.7895322	-0.54346985
1663079630859	9.590433	1.7679968	-0.36729828
1663079630867	9.693624	1.6627127	-0.33260235
1663079630876	9.985548	1.9645073	-0.48933223
1663079630885	10.275378	2.2971098	-0.4749753
1663079630893	10.066904	1.617249	-0.2656033
1663079630923	10.014262	0.8536395	-0.90478605
1663079630971	9.877871	0.86560357	-1.5092729
1663079630983	9.357133	1.355235	-1.1383854
1663079630990	8.801699	1.8912272	-0.9179466
1663079631051	8.777771	1.8337995	-1.5655042
1663079631064	8.853145	0.8679964	-2.7496524
1663079631073	9.150154	0.03589234	-3.5012977
1663079631081	9.455238	0.17826529	-4.2828536
1663079631093	9.813265	0.87158567	-3.9346976
1663079631103	10.493126	1.98365	-2.507678
1663079631161	10.64148	2.7029922	-1.3190435
1663079631176	10.515858	2.8082764	-0.97178507
1663079631187	10.286146	2.1547368	-0.7648059
1663079631193	9.987941	0.92183495	-0.62482584
1663079631265	9.537791	-0.28115666	-0.7516454
1663079631271	8.928518	-0.89312106	-0.87966144
1663079631278	8.838788	-0.8006983	-0.85214394
1663079631285	8.959625	-0.43459642	-1.0881361
1663079631292	8.868698	-0.051445685	-1.541576
1663079631303	9.297313	0.5805586	-1.8074784
1663079631408	9.813265	1.474876	-1.8613169
1663079631419	10.076475	2.4852455	-1.3800604
1663079631427	10.072886	2.7376883	-0.7755736
1663079631434	9.837193	2.2791636	-1.8254246
1663079631443	10.126724	1.9007984	-4.34746
1663079631455	9.764212	1.50359	-5.469095
1663079631466	9.434899	1.8696918	-4.786842
1663079631478	9.38824	2.990131	-3.5407794
1663079631489	9.103494	3.7851462	-0.36011982
1663079631500	9.550952	4.2017965	1.8735801
1663079631508	10.47518	3.5383866	1.1766706
1663079631650	10.427323	2.1391835	-1.6914265
1663079631669	9.474381	1.5442679	-3.0116663
1663079631683	9.115458	2.396412	-2.0180469
1663079631697	8.851949	3.1028929	-0.78634137
1663079631710	8.491829	3.3840494	-0.95742816
1663079631721	8.190034	3.214159	-1.5128621
1663079631734	8.00459	2.719742	-1.6447664
1663079631745	8.196015	2.2348964	-1.2628121
1663079631759	8.649755	1.4150555	-0.94666046
1663079631773	8.811271	0.42981076	-0.2943172
1663079631784	9.757033	0.3472584	0.87158567
1663079631795	11.006685	0.31136605	1.5693926
1663079631805	11.399407	0.20338993	0.14506488
1663079631817	10.585249	0.49920264	-2.487339
1663079631825	9.32483	1.1599208	-4.1703906
1663079631859	8.324032	2.2779672	-4.6289153
1663079631870	8.479864	3.6846478	-4.0351963
1663079631879	9.543773	4.6396832	-3.461816
1663079631890	10.308878	3.67388	-3.8027935
1663079631900	10.3136635	1.867299	-3.9155552
1663079631907	10.126724	0.9876375	-2.9123642
1663079631915	10.180862	0.53270215	-1.4291133
1663079632050	9.855139	0.069391854	-1.061815
1663079632063	9.337991	-0.069391854	-2.0144575
1663079632075	8.95484	0.14596218	-2.5914268
1663079632086	8.593523	0.6762715	-2.516053
1663079632096	8.351549	1.2975081	-2.2779672
1663079632104	8.391031	1.623231	-2.5411777
1663079632113	8.983554	1.9202402	-2.9578278
1663079632123	9.515059	2.0075781	-3.0092735
1663079632133	8.983554	1.6328024	-2.7361927
1663079632159	9.515059	1.9669002	-2.908775
1663079632169	10.92174	2.923132	-1.4817554
1663079632175	11.615957	2.5833511	0.44536412
1663079632186	11.097612	1.2699906	-0.7588239
1663079632250	9.998709	0.82971126	-4.5631127
1663079632262	9.282955	1.076172	-5.1496534
1663079632271	9.46481	1.8900307	-2.2444677
1663079632278	9.578469	2.9949167	-0.98853487
1663079632288	9.434899	3.4151561	-0.34337005
1663079632299	9.230313	3.2967114	0.25752753
1663079632307	9.065208	2.9662027	0.17617157
1663079632408	8.700004	2.4346972	-0.85094756
1663079632420	8.542078	2.009971	-2.1065812
1663079632430	8.62822	1.98365	-2.6285157
1663079632439	8.836395	2.2576282	-2.4861426
1663079632451	9.007482	2.7436702	-2.1798615
1663079632462	9.111869	3.0008986	-1.358525
1663079632476	9.300901	2.9338996	-0.73369926
1663079632488	9.23151	2.504388	-0.77796644
1663079632499	9.044869	2.0063818	-1.1862419
1663079632646	8.947661	1.8326031	-1.4231312
1663079632650	8.964411	1.9680966	-1.2221341
1663079632654	8.929715	2.2420747	-0.75643104
1663079632658	8.944072	2.4622145	-0.6978069
1663079632663	9.243474	2.6802604	-1.1192428
1663079632668	9.926924	3.1028929	-1.6674982
1663079632673	10.653444	3.6774693	-2.0587249
1663079632678	10.924132	3.9143589	-2.3653052
1663079632685	9.792926	3.5407794	-2.1628125
1663079632692	8.959625	2.8836503	-1.7608184
1663079632700	8.581559	2.103291	-1.8385851
1663079632775	8.643773	1.5155541	-1.9570298
1663079632786	9.064013	1.4365909	-1.8098712
1663079632796	9.497113	1.5658033	-1.751247
1663079632803	9.657731	1.7787645	-1.5966109
1663079632812	9.583255	1.9704895	-1.4985052
1663079632848	9.510274	2.0602202	-1.7344973
1663079632857	9.567701	2.0231316	-1.8337995
1663079632864	9.645767	1.8397815	-1.6411772
1663079632871	9.6122675	1.6184454	-1.3968102
1663079632904	9.6122675	1.5059828	-1.2604194
1663079632915	9.673285	1.4246268	-1.1814562
1663079632927	9.716355	1.3959129	-1.2221341
1663079633050	9.789336	1.5622141	-1.2616158
1663079633065	9.798908	1.7380866	-1.1503495
1663079633079	9.786943	1.8445672	-0.8844471
1663079633091	9.590433	1.779961	-0.7468598
1663079633102	9.326026	1.5502499	-0.9909277
1663079633109	9.219545	1.2927225	-1.1946167
1663079633117	9.250652	1.1335998	-1.1060823
1663079633127	9.630214	1.1407782	-1.0387841
1663079633132	9.645767	1.0534402	-0.64636123
1663079633160	9.6015	0.85244304	-0.70259255
1663079633170	9.530613	0.91465646	-1.2209377
1663079633176	9.431311	1.4162519	-1.5571294
1663079633185	9.408579	1.8445672	-1.0124631
1663079633251	9.58804	1.657927	-0.44626144
1663079633264	9.640982	1.1144571	-0.68464637
1663079633275	9.7450695	0.7576275	-1.1623136
1663079633284	9.850353	0.8679964	-1.1970096
1663079633293	9.849157	1.1491531	-0.6678966
1663079633303	9.7450695	1.361217	-0.5590232
1663079633409	9.512667	1.4030914	-0.94785684
1663079633421	9.35833	1.4270196	-1.3992031
1663079633431	9.41456	1.4712868	-1.41356
1663079633444	9.499506	1.4377873	-1.2424731
1663079633456	9.556933	1.4222339	-1.2173486
1663079633464	9.504292	1.5921243	-1.3848461
1663079633472	9.38465	1.8816559	-1.4111671
1663079633483	9.323633	1.9944177	-1.3944174
1663079633495	9.309277	1.9417756	-2.0276182
1663079633511	9.263813	1.98365	-2.333002
1663079633521	9.256635	2.2564318	-1.9043877
1663079633651	9.232706	2.2648067	-0.89282197
1663079633663	9.290133	2.0051854	-0.2440679
1663079633677	9.346365	1.9031913	-0.939482
1663079633686	9.475577	1.913959	-1.4039887
1663079633696	9.6015	1.8972093	-1.0582259
1663079633705	9.670892	1.8852451	-0.7719844
1663079633716	9.680463	1.9525433	-0.9107681
1663079633724	9.77498	2.0374885	-0.97896355
1663079633730	9.812068	2.036292	-0.99690974
1663079633736	9.693624	1.9621146	-1.2604194
1663079633774	9.5353985	1.9031913	-1.6157535
1663079633787	9.440882	1.8541385	-1.9271195
1663079633797	9.326026	1.6830516	-1.9187447
1663079633806	9.141779	1.4054842	-2.0946171
1663079633817	8.996714	1.096511	-2.4047868
1663079633850	8.972786	1.0462617	-2.7975087
1663079633863	9.023035	1.2269198	-2.7436702
1663079633877	9.08794	1.2269198	-2.2205393
1663079633887	9.090333	1.11685	-2.0838494
1663079633896	9.086744	0.8703892	-2.4275186
1663079633906	9.223135	0.8596215	-2.8776684
1663079633916	9.326026	1.2568301	-2.6775684
1663079634054	9.7247305	1.969293	-1.8194425
1663079634069	10.246665	2.4394827	-0.7157531
1663079634081	10.729117	2.461018	0.103190474
1663079634092	10.87508	2.1559331	0.10199407
1663079634104	10.760224	1.442573	-0.45702913
1663079634115	10.456037	0.8703892	-1.198206
1663079634125	9.979566	0.83688974	-1.9223338
1663079634136	9.489935	1.0510473	-2.5986054
1663079634147	9.18485	1.3875381	-2.9410782
1663079634159	9.055637	1.6208383	-2.949453
1663079634167	9.046066	1.7033906	-2.8549366
1663079634173	9.0951185	1.6531414	-2.9004002
1663079634181	9.012267	1.625624	-3.1277182
1663079634249	8.890233	1.7237296	-3.3314073
1663079634265	8.630612	1.8349959	-3.6089747
1663079634278	8.48465	1.907977	-3.8629131
1663079634289	8.759825	1.751247	-3.9071803
1663079634299	9.733106	1.2436695	-4.3534417
1663079634309	9.693624	0.5303093	-6.177969
1663079634407	8.549256	0.040677983	-6.474679
1663079634416	8.711968	0.68345	-4.6169515
1663079634423	10.048958	1.9453648	-1.0845468
1663079634428	11.003096	3.2572298	1.7009978
1663079634431	11.141879	3.484548	1.6902301
1663079634434	10.8918295	2.4346972	0.5051847
1663079634438	10.328021	0.8739785	-0.4103691
1663079634446	9.801301	-0.05742774	-1.1012967
1663079634454	9.624231	-0.0526421	-0.6559325
1663079634481	9.427721	0.45732823	-0.10887343
1663079634493	9.007482	1.2699906	-0.86530447
1663079634649	8.89143	2.3258235	-1.5894325
1663079634663	9.0341015	3.2572298	-2.3581266
1663079634676	9.011071	3.9287157	-2.4825535
1663079634685	8.661719	4.108177	-2.0611176
1663079634694	8.677272	3.9323049	-2.4801607
1663079634705	8.625827	3.3338	-3.164807
1663079634717	8.554042	2.8046873	-3.1600213
1663079634727	8.5779705	2.5582266	-3.2341988
1663079634738	8.489435	2.3377876	-3.7070804
1663079634748	8.601898	2.333002	-3.8590248
1663079634775	8.928518	2.65035	-4.151248
1663079634787	10.063314	3.2536407	-4.2924247
1663079634798	11.399407	3.417549	-3.5994034
1663079634807	10.194023	2.3186452	-2.461018
1663079634817	8.33121	1.3947165	-2.1687946
1663079634847	8.1230345	1.07019	-2.1472592
1663079634859	8.843574	0.9529416	-2.0288146
1663079634864	9.315259	0.5877371	-2.1592233
1663079634872	9.499506	0.52911294	-3.0415766
1663079634884	9.383454	0.93260264	-3.6568313
1663079634891	9.397811	1.483251	-3.0726833
1663079634912	10.002297	1.9669002	-1.317847
1663079635051	10.381859	1.9716859	-0.016749758
1663079635060	10.216755	1.4904294	-0.10049855
1663079635068	9.894621	0.94337034	-0.50039905
1663079635075	9.705587	0.74566334	-0.9586246
1663079635084	9.725926	0.80937225	-1.5284154
1663079635090	9.712767	0.9840483	-1.9450657
1663079635098	9.766604	1.1730813	-2.1065812
1663079635105	9.803694	1.090529	-1.9450657
1663079635112	9.802497	0.7648059	-1.6782659
1663079635120	9.752248	0.3711866	-1.657927
1663079635157	9.573684	0.43698925	-1.6387844
1663079635166	9.488738	0.71455663	-1.7524434
1663079635173	9.533006	0.9349955	-1.6471593
1663079635248	9.568898	1.1180464	-1.8589242
1663079635259	9.298509	1.1742777	-2.3641088
1663079635265	9.29133	1.1670992	-2.629712
1663079635270	9.61466	1.3154542	-2.7616165
1663079635278	10.27179	1.1874382	-2.2875385
1663079635283	10.375877	0.39032918	-2.1942184
1663079635305	8.402995	-0.02871387	-4.2780676
1663079635408	7.3869424	0.46331027	-5.1006007
1663079635419	8.340781	1.576571	-3.4809587
1663079635427	9.267402	3.330211	-1.9354944
1663079635434	10.194023	4.756034	-0.4127619
1663079635441	10.754242	4.4135613	0.50398827
1663079635447	10.387841	2.896811	-1.4925231
1663079635454	9.792926	1.204188	-2.3856442
1663079635462	9.567701	0.6798607	-1.3944174
1663079635482	9.597911	1.2113664	0.02871387
1663079635493	9.549755	2.0350957	0.47168517
1663079635651	9.302098	2.3569303	0.20608185
1663079635666	9.180064	2.2157538	-0.6942177
1663079635682	9.048459	2.1834507	-1.4410775
1663079635695	8.936893	2.367698	-1.50688
1663079635704	8.668898	2.5701907	-1.5284154
1663079635711	8.710772	2.864508	-1.7979071
1663079635718	8.85793	2.992524	-2.2528424
1663079635729	8.893823	2.9327033	-2.2408783
1663079635738	9.000303	2.8369904	-2.1245275
1663079635746	9.169296	2.8130622	-2.3078775
1663079635755	10.222736	3.0933216	-2.5088747
1663079635789	11.643475	3.417549	-2.3377876
1663079635800	10.3340025	2.8657043	-2.2791636
1663079635808	8.539685	2.3688943	-2.1966112
1663079635821	8.494222	2.5319054	-1.2173486
1663079635853	9.052048	2.5845475	-0.817448
1663079635866	9.251849	2.0398812	-1.6734804
1663079635877	9.408579	1.6567305	-2.0958135
1663079635887	9.656535	1.6076777	-1.739283
1663079635899	9.755837	1.751247	-1.3142579
1663079635914	9.686445	1.922633	-1.2711871
1663079635924	9.489935	2.0015962	-1.3393825
1663079636049	9.312865	1.901995	-1.5858432
1663079636063	9.203992	1.6136597	-1.7955143
1663079636073	9.287741	1.4449657	-1.7464614
1663079636083	9.501899	1.3947165	-1.3992031
1663079636094	9.565309	1.4030914	-1.2125629
1663079636104	9.426525	1.4736797	-1.2257234
1663079636116	9.345169	1.6100706	-1.3573287
1663079636126	9.332008	1.704587	-1.4913267
1663079636134	9.365508	1.7201403	-1.541576
1663079636143	9.455238	1.7093726	-1.4518452
1663079636178	9.5665045	1.6962122	-1.2269198
1663079636190	9.619446	1.6160526	-0.959821
1663079636199	9.64457	1.5023935	-0.91555375
1663079636251	9.585648	1.4365909	-1.0881361
1663079636263	9.538987	1.5011971	-1.244866
1663079636273	9.549755	1.6339988	-1.2735798
1663079636280	9.519845	1.7632111	-1.2472588
1663079636292	9.534202	1.8218354	-1.1347961
1663079636302	9.568898	1.7560327	-1.0280164
1663079636314	9.583255	1.6519449	-0.97537434
1663079636411	9.59163	1.5418751	-0.9669995
1663079636424	9.6122675	1.5167505	-0.9454641
1663079636434	9.633803	1.5610176	-0.91555375
1663079636445	9.629018	1.5993029	-0.94426763
1663079636457	9.630214	1.631606	-0.9933205
1663079636465	9.660124	1.6447664	-0.9634102
1663079636474	9.656535	1.6806588	-0.90119684
1663079636484	9.626625	1.7488543	-0.9167502
1663079636493	9.561719	1.7955143	-0.919143
1663079636499	9.517452	1.7703897	-1.0654043
1663079636508	9.567701	1.7237296	-1.1934203
1663079636649	9.582058	1.7009978	-1.1192428
1663079636660	9.565309	1.6770695	-0.98016
1663079636668	9.582058	1.698605	-0.9622138
1663079636677	9.589237	1.7237296	-0.9346963
1663079636689	9.582058	1.6710875	-1.0630114
1663079636696	9.534202	1.6471593	-1.1766706
1663079636705	9.554541	1.6531414	-1.2137593
1663079636713	9.583255	1.6734804	-1.1012967
1663079636722	9.565309	1.6483557	-1.0375878
1663079636728	9.554541	1.6411772	-1.1216356
1663079636776	9.533006	1.6339988	-1.1742777
1663079636787	9.52822	1.6866409	-1.2017952
1663079636796	9.530613	1.6842481	-1.2029916
1663079636805	9.515059	1.6351951	-1.2077773
1663079636851	9.54138	1.6076777	-1.1826526
1663079636864	9.590433	1.625624	-1.1264212
1663079636874	9.556933	1.6830516	-1.1850454
1663079636888	9.534202	1.7201403	-1.1647065
1663079636896	9.536594	1.7129619	-1.1012967
1663079636904	9.5665045	1.6794624	-1.1288141
1663079636912	9.594321	1.7117655	-1.1706885
1663079637050	9.607482	1.7261224	-1.1240284
1663079637063	9.580862	1.7141583	-1.1766706
1663079637075	9.54497	1.7297117	-1.2089736
1663079637085	9.553345	1.7201403	-1.1539388
1663079637096	9.573684	1.7237296	-1.0845468
1663079637104	9.562916	1.7021942	-1.0809577
1663079637113	9.582058	1.7129619	-1.0845468
1663079637123	9.58804	1.7009978	-1.07019
1663079637133	9.570094	1.7021942	-1.0630114
1663079637145	9.564112	1.7009978	-1.0304092
1663079637173	9.572487	1.6854445	-1.0304092
1663079637186	9.585648	1.6938193	-1.0184451
1663079637198	9.584451	1.7105691	-0.97537434
1663079637248	9.5760765	1.6962122	-0.94426763
1663079637258	9.572487	1.6639091	-0.9526425
1663079637266	9.5760765	1.6698911	-0.94307125
1663079637274	9.59163	1.6507485	-0.9095717
1663079637287	9.61466	1.6758732	-0.89282197
1663079637298	9.624231	1.6746768	-0.8569296
1663079637306	9.59163	1.6351951	-0.84735835
1663079637325	9.580862	1.6304095	-0.88683987
1663079637410	9.570094	1.6651055	-0.93708915
1663079637423	9.57488	1.6818552	-0.9526425
1663079637433	9.571291	1.7141583	-0.93349993
1663079637443	9.568898	1.6902301	-0.898804
1663079637454	9.57488	1.6818552	-0.9000004
1663079637465	9.572487	1.6663018	-0.9059825
1663079637475	9.559326	1.6543378	-0.8772686
1663079637484	9.568898	1.6842481	-0.9059825
1663079637524	9.59163	1.6998014	-0.9071789
1663079637537	9.5868435	1.704587	-0.8748758
1663079637652	9.579665	1.7081763	-0.8449655
1663079637664	9.57488	1.6878372	-0.8461619
1663079637672	9.57488	1.6746768	-0.8138588
1663079637681	9.5665045	1.6806588	-0.8449655
1663079637689	9.570094	1.6962122	-0.8569296
1663079637697	9.584451	1.7273189	-0.84735835
1663079637705	9.595518	1.7356937	-0.85094756
1663079637717	9.603892	1.7273189	-0.86530447
1663079637726	9.572487	1.7213368	-0.86291164
1663079637736	9.5760765	1.7225332	-0.89760756
1663079637742	9.559326	1.7344973	-0.9203394
1663079637772	9.568898	1.7488543	-0.9167502
1663079637776	9.571291	1.7608184	-0.90119684
1663079637780	9.5665045	1.7464614	-0.8700901
1663079637851	9.578469	1.7404794	-0.8892327
1663079637863	9.605089	1.7416757	-0.8772686
1663079637872	9.584451	1.7344973	-0.89042914
1663079637881	9.562916	1.745265	-0.92632145
1663079637890	9.564112	1.7321045	-0.9382856
1663079637911	9.549755	1.7488543	-0.9406784
1663079637918	9.533006	1.7404794	-0.9562318
1663079638051	9.552148	1.7560327	-0.9514461
1663079638068	9.565309	1.759622	-0.9490533
1663079638083	9.579665	1.7739788	-0.9406784
1663079638094	9.582058	1.7632111	-0.9669995
1663079638103	9.583255	1.7608184	-0.93589276
1663079638112	9.560523	1.7632111	-0.919143
1663079638123	9.548559	1.7679968	-0.92273223
1663079638133	9.577272	1.7584256	-0.9406784
1663079638142	9.582058	1.751247	-0.9562318
1663079638150	9.596714	1.7476579	-0.9083753
1663079638159	9.595518	1.7679968	-0.8952148
1663079638168	9.590433	1.7620147	-0.93708915
1663079638175	9.58804	1.7548363	-1.0316057
1663079638252	9.573684	1.7548363	-1.0869397
1663079638264	9.549755	1.7608184	-1.0689936
1663079638272	9.554541	1.7668004	-1.0737791
1663079638284	9.550952	1.7703897	-1.0411769
1663079638293	9.590433	1.7368901	-1.0363913
1663079638300	9.590433	1.7129619	-1.0519446
1663079638309	9.543773	1.6806588	-1.0507482
1663079638328	9.54138	1.6830516	-1.0594223
1663079638336	9.534202	1.6950158	-1.0160524
1663079638408	9.567701	1.6866409	-0.99690974
1663079638420	9.6015	1.6818552	-0.9933205
1663079638427	9.619446	1.6471593	-0.97178507
1663079638434	9.61466	1.6328024	-0.97537434
1663079638448	9.584451	1.625624	-1.0124631
1663079638456	9.583255	1.6423737	-1.0654043
1663079638485	9.597911	1.6770695	-1.0594223
1663079638496	9.590433	1.6890336	-1.0689936
1663079638526	9.562916	1.7177476	-1.1072787
1663079638537	9.548559	1.7093726	-1.1192428
1663079638649	9.530613	1.7117655	-1.1216356
1663079638661	9.552148	1.7416757	-1.1419746
1663079638670	9.565309	1.7368901	-1.102493
1663079638678	9.5665045	1.7165512	-1.102493
1663079638686	9.54138	1.7297117	-1.1252248
1663079638693	9.533006	1.7763717	-1.1132607
1663079638701	9.553345	1.7644076	-1.0881361
1663079638711	9.570094	1.7691933	-1.1252248
1663079638738	9.580862	1.7715861	-1.102493
1663079638749	9.58804	1.7691933	-1.0531411
1663079638777	9.57488	1.7584256	-1.0304092
1663079638789	9.548559	1.7356937	-1.0737791
1663079638799	9.543773	1.7368901	-1.1180464
1663079638851	9.568898	1.7488543	-1.1096715
1663079638865	9.573684	1.7560327	-1.0797613
1663079638872	9.589237	1.765604	-1.0570294
1663079638884	9.584451	1.765604	-1.1012967
1663079638899	9.556933	1.7572291	-1.1156535
1663079638909	9.562916	1.7476579	-1.090529
1663079638924	9.559326	1.7416757	-1.0893325
1663079638935	9.552148	1.7273189	-1.1204392
1663079639051	9.560523	1.7273189	-1.1084751
1663079639065	9.567701	1.7536399	-1.0737791
1663079639073	9.572487	1.7536399	-1.1060823
1663079639085	9.580862	1.7632111	-1.1180464
1663079639099	9.565309	1.7380866	-1.0881361
1663079639109	9.54138	1.7548363	-1.0869397
1663079639119	9.552148	1.7225332	-1.0713863
1663079639130	9.580862	1.7273189	-1.0725827
1663079639142	9.585648	1.7273189	-1.0630114
1663079639150	9.59163	1.7273189	-1.0857433
1663079639162	9.577272	1.7428722	-1.07019
1663079639176	9.561719	1.7333009	-1.0495518
1663079639250	9.561719	1.724926	-1.0797613
1663079639262	9.571291	1.7153547	-1.0833504
1663079639270	9.585648	1.7201403	-1.082154
1663079639281	9.568898	1.7380866	-1.0594223
1663079639291	9.556933	1.7404794	-1.0543375
1663079639299	9.570094	1.724926	-1.076172
1663079639342	9.567701	1.7201403	-1.0459626
1663079639356	9.562916	1.7141583	-1.076172
1663079639364	9.559326	1.7177476	-1.082154
1663079639409	9.565309	1.7380866	-1.0495518
1663079639424	9.567701	1.7488543	-1.0495518
1663079639439	9.559326	1.7524434	-1.0447662
1663079639448	9.553345	1.7404794	-1.0435698
1663079639455	9.577272	1.7584256	-1.0316057
1663079639467	9.584451	1.745265	-0.9729815
1663079639489	9.579665	1.7285153	-0.95742816
1663079639544	9.552148	1.7057835	-0.9741779
1663079639560	9.564112	1.724926	-0.95383894
1663079639572	9.580862	1.7380866	-0.9107681
1663079639651	9.5868435	1.7297117	-0.9203394
1663079639665	9.589237	1.7177476	-0.9071789
1663079639672	9.5868435	1.7129619	-0.9071789
1663079639682	9.5868435	1.7141583	-0.93230355
1663079639692	9.564112	1.724926	-0.9382856
1663079639704	9.556933	1.7165512	-0.9622138
1663079639717	9.579665	1.7201403	-0.9610174
1663079639725	9.570094	1.730908	-0.9514461
1663079639732	9.58804	1.751247	-0.9705887
1663079639753	9.570094	1.751247	-0.94666046
1663079639766	9.572487	1.751247	-0.96819586
1663079639777	9.565309	1.7225332	-0.9490533
1663079639785	9.562916	1.7129619	-0.94785684
1663079639848	9.578469	1.7177476	-0.92512506
1663079639859	9.596714	1.751247	-0.9634102
1663079639867	9.571291	1.759622	-0.94666046
1663079639874	9.560523	1.7404794	-0.9622138
1663079639880	9.571291	1.7261224	-0.9514461
1663079639891	9.568898	1.7368901	-0.9693923
1663079639910	9.573684	1.739283	-0.95742816
1663079639941	9.583255	1.7273189	-0.9454641
1663079640047	9.567701	1.7380866	-0.965803
1663079640059	9.571291	1.7344973	-0.96819586
1663079640068	9.600304	1.7691933	-0.94307125
1663079640077	9.582058	1.7608184	-0.93708915
1663079640087	9.578469	1.7428722	-0.965803
1663079640095	9.570094	1.7333009	-0.9418748
1663079640103	9.568898	1.7368901	-0.959821
1663079640110	9.583255	1.751247	-0.9418748
1663079640139	9.580862	1.7177476	-0.90358967
1663079640150	9.593125	1.7165512	-0.91435736
1663079640159	9.599107	1.724926	-0.89042914
1663079640170	9.583255	1.6926229	-0.898804
1663079640248	9.57488	1.7261224	-0.89401835
1663079640258	9.577272	1.7321045	-0.9059825
1663079640275	9.579665	1.7165512	-0.9167502
1663079640284	9.573684	1.7237296	-0.9071789
1663079640297	9.5665045	1.7333009	-0.9059825
1663079640306	9.571291	1.7428722	-0.9275179
1663079640341	9.593125	1.7476579	-0.9203394
1663079640349	9.608679	1.7428722	-0.8569296
1663079640356	9.585648	1.6998014	-0.8952148
1663079640361	9.571291	1.6998014	-0.9167502
1663079640405	9.565309	1.7261224	-0.8892327
1663079640410	9.6122675	1.7560327	-0.878465
1663079640414	9.611072	1.7153547	-0.86291164
1663079640446	9.6122675	1.698605	-0.8856435
1663079640454	9.590433	1.6890336	-0.86171526
1663079640484	9.580862	1.7033906	-0.89042914
1663079640543	9.5760765	1.7476579	-0.8676973
1663079640550	9.594321	1.7428722	-0.8880363
1663079640554	9.583255	1.7273189	-0.91435736
1663079640564	9.570094	1.730908	-0.9083753
1663079640651	9.578469	1.7368901	-0.9131609
1663079640663	9.589237	1.7464614	-0.88205427
1663079640673	9.590433	1.7368901	-0.8449655
1663079640682	9.580862	1.7081763	-0.86171526
1663079640692	9.5868435	1.6974086	-0.8605189
1663079640701	9.593125	1.7069799	-0.85812604
1663079640711	9.583255	1.7129619	-0.8748758
1663079640749	9.584451	1.7333009	-0.8497511
1663079640760	9.567701	1.7344973	-0.84137625
1663079640771	9.573684	1.718944	-0.8365906
1663079640781	9.585648	1.7081763	-0.82701933
1663079640792	9.578469	1.7333009	-0.80548394
1663079640851	9.594321	1.7273189	-0.8222337
1663079640865	9.571291	1.7021942	-0.8341978
1663079640876	9.5665045	1.6950158	-0.83778703
1663079640886	9.590433	1.6878372	-0.8030911
1663079640897	9.5868435	1.6495521	-0.8569296
1663079640906	9.5760765	1.6435701	-0.87607217
1663079640915	9.54138	1.6603198	-0.9023932
1663079640961	9.54138	1.6794624	-0.9107681
1663079640975	9.54138	1.6627127	-0.9107681
1663079641051	9.525827	1.6567305	-0.8772686
1663079641065	9.505488	1.6698911	-0.93589276
1663079641076	9.468399	1.6938193	-0.94426763
1663079641085	9.439685	1.6734804	-0.98614204
1663079641095	9.546165	1.6483557	-0.939482
1663079641104	9.630214	1.6806588	-0.86889374
1663079641113	9.593125	1.718944	-0.8389834
1663079641156	9.58804	1.6040884	-0.76600236
1663079641167	9.572487	1.3815559	-0.7851449
1663079641177	9.668499	1.3310076	-1.3537394
1663079641251	9.7043915	1.4318053	-1.1958131
1663079641263	9.642178	1.5837495	-0.9586246
1663079641274	9.504292	1.7237296	-0.8700901
1663079641282	9.41815	1.7440686	-1.0328021
1663079641296	9.505488	1.6591234	-1.1922239
1663079641305	9.584451	1.442573	-1.1790633
1663079641313	9.5868435	1.2209377	-1.0040882
1663079641363	9.504292	1.0929217	-0.9514461
1663079641372	9.399008	1.0462617	-1.0713863
1663079641381	9.389436	1.0666007	-1.1730813
1663079641395	9.404989	1.1623136	-1.1790633
1663079641410	9.547362	1.3214363	-0.9406784
1663079641417	9.674481	1.4270196	-0.535095
1663079641427	9.776176	1.4557334	-0.3912265
1663079641447	9.969995	1.4784653	-0.30987054
1663079641455	9.905389	1.448555	-0.40438703
1663079641477	9.38465	1.4916258	-0.9550353
1663079641493	9.01466	1.7895322	-1.4554343
1663079641557	9.096315	2.1451654	-1.7225332
1663079641570	9.630214	2.1044874	-1.8242282
1663079641579	9.879067	1.8397815	-1.4207385
1663079641652	9.687641	1.9812572	-1.2173486
1663079641665	8.932108	2.2384856	-1.0016954
1663079641674	8.7682	2.5689943	-0.1902294
1663079641682	9.789336	3.165106	0.581755
1663079641692	10.532607	2.9973094	1.1949158
1663079641702	11.135898	2.3868406	0.56380886
1663079641712	10.685748	2.1224337	-0.70977104
1663079641766	9.41815	2.5271199	-0.16390835
1663079641777	8.935697	3.2452657	0.6837491
1663079641787	8.29771	3.226123	0.4872385
1663079641794	8.261818	2.8310082	-0.31345975
1663079641804	8.09791	2.2145574	-0.8844471
1663079641849	8.029715	1.9704895	-0.5721837
1663079641863	8.414959	2.1296122	0.36161533
1663079641874	8.558827	2.062613	1.0127622
1663079641884	8.713164	2.0338993	0.91585284
1663079641894	8.783752	2.0398812	0.78424764
1663079641902	9.142975	2.3545375	0.80937225
1663079641914	9.680463	2.6862426	1.259522
1663079641960	10.092029	2.7903304	1.9214365
1663079641974	10.601999	3.0056844	2.1690936
1663079642050	10.262218	2.8860433	2.0494525
1663079642062	9.9293165	2.969792	1.9058832
1663079642074	9.315259	3.0586255	1.6351951
1663079642085	9.65175	3.1040893	2.2181466
1663079642098	10.546964	2.7101707	3.2033913
1663079642107	12.371192	1.9908284	1.3624134
1663079642161	11.778669	3.2943187	-3.5084763
1663079642178	9.069994	5.4000025	-6.3514485
1663079642187	10.930115	6.73101	-2.0180469
1663079642194	10.749456	4.7512484	-0.30029923
1663079642208	11.054542	3.6762729	-3.685545
1663079642250	9.84796	2.7233312	-3.8087754
1663079642263	9.202796	1.6555341	-3.8724844
1663079642276	9.363115	0.9589237	-3.4342988
1663079642287	9.772587	0.56500524	-2.8465617
1663079642296	9.873085	0.4776672	-2.876472
1663079642303	9.171689	0.41904306	-2.43709
1663079642366	9.263813	1.1300105	-1.9055841
1663079642391	9.582058	1.5047864	-1.2209377
1663079642401	9.394221	1.2807583	-1.3046865
1663079642408	8.989535	0.8177471	-1.8840487
1663079642416	8.915359	0.7755736	-1.9295124
1663079642429	8.780164	0.53988063	-1.2005987
1663079642436	8.723932	0.55064833	-0.6475576
1663079642455	9.140582	0.91585284	0.3077768
1663079642466	9.206385	1.0857433	1.049851
1663079642480	8.513364	0.66071814	0.6116653
1663079642491	7.839186	0.23120649	-0.80548394
1663079642576	7.498209	0.3999005	-1.9534405
1663079642587	7.3028946	1.1084751	-1.6133606
1663079642596	8.410173	1.8014964	-0.6415756
1663079642606	9.932906	1.8888344	0.67417777
1663079642649	10.200005	0.8356933	1.2008978
1663079642662	11.17179	0.2970091	1.0031909
1663079642673	12.354443	1.1419746	1.1659029
1663079642685	13.167404	2.8956144	-0.4139583
1663079642698	15.74567	3.6260235	-1.3501502
1663079642706	15.08256	1.7727824	0.20488544
1663079642769	12.207284	-0.9086744	-5.543273
1663079642784	10.7024975	-2.3581266	-10.677672
1663079642796	9.693624	-1.372882	-9.247063
1663079642805	8.966804	0.63918275	-4.7569313
1663079642815	9.079565	2.7364917	-2.349752
1663079642845	9.400204	3.3433714	-0.5769694
1663079642858	8.216354	2.1798615	-0.4881358
1663079642865	6.942775	0.98883396	-2.1448665
1663079642875	6.2461643	0.68105716	-2.6225336
1663079642886	6.305985	0.9924232	-2.969792
1663079642898	7.125826	2.0662024	-2.2995026
1663079642907	7.3522468	2.5151558	-1.378864
1663079642971	7.565208	2.2061825	-0.40797627
1663079642984	8.134998	1.5610176	-0.4223332
1663079642991	8.263015	0.9816555	-1.0666007
1663079643048	8.270193	0.64875406	-0.7289136
1663079643064	9.075976	1.5023935	0.5099703
1663079643074	10.044172	2.4059832	1.8640088
1663079643083	11.388639	3.4307094	2.6886353
1663079643093	11.443674	3.0116663	3.4067812
1663079643160	10.347163	2.2731814	3.8605201
1663079643173	8.802896	1.9609182	4.2759743
1663079643183	8.465208	1.3839488	3.2823544
1663079643192	11.607583	1.576571	2.0458634
1663079643201	17.513966	1.4270196	-2.4011974
1663079643249	9.442079	1.2592229	-15.037096
1663079643262	8.375478	3.950251	-10.870295
1663079643274	13.13869	5.5519466	-2.7424738
1663079643286	13.6809635	6.6017976	-2.650051
1663079643299	12.3149605	4.939085	-3.8916268
1663079643309	10.1904335	2.193022	-4.6289153
1663079643384	9.280562	0.20578274	-5.7433724
1663079643402	9.605089	-0.14955142	-5.853442
1663079643412	9.227921	0.44057846	-4.1021953
1663079643423	7.79133	1.0977074	-1.5296118
1663079643434	7.031309	1.1934203	0.21804596
1663079643443	6.527321	0.974477	0.74835527
1663079643459	6.612266	0.5087739	0.19292133
1663079643470	6.8171515	0.046660043	-0.59730834
1663079643482	7.1784678	-0.09451649	-0.57816577
1663079643496	7.474281	0.5458627	-0.3397808
1663079643579	7.947162	1.5358931	-0.357727
1663079643594	8.023732	1.8948164	-0.43070808
1663079643606	8.261818	1.9609182	-0.67148584
1663079643614	9.270991	2.1008983	-0.40438703
1663079643628	10.84158	2.1248264	0.44656053
1663079643648	12.026626	1.7165512	1.2008978
1663079643657	12.613167	0.38554356	1.7778672
1663079643673	12.4935255	-0.2644069	1.881955
1663079643685	11.387443	0.93978107	1.3372887
1663079643694	10.792527	2.4756742	-1.1862419
1663079643705	12.216855	3.2081769	-2.7795627
1663079643777	13.094422	1.3803595	1.9872392
1663079643790	10.877473	-0.36759737	-3.0858438
1663079643802	12.895519	-2.6312077	-9.446864
1663079643814	13.206885	-5.0742793	-10.750653
1663079643829	11.405389	-1.2675978	-7.919645
1663079643849	12.136696	3.3110683	-2.117349
1663079643857	11.481959	5.3904314	1.611267
1663079643866	9.042477	4.371687	1.1611172
1663079643875	6.596713	2.1798615	-1.0483555
1663079643884	5.280062	0.6798607	-2.4095724
1663079643910	5.357829	0.34965122	-3.431906
1663079643922	6.022136	1.1910275	-3.5587256
1663079643981	5.8546386	1.730908	-2.4466612
1663079643994	6.3394847	1.9513469	-1.89362
1663079644003	6.8781686	2.1020947	-0.6367899
1663079644026	7.5664043	1.8684953	0.031106694
1663079644034	7.8320074	1.8098712	0.02871387
1663079644042	8.309675	2.1511476	-0.09332009
1663079644049	9.548559	2.646761	0.6873383
1663079644058	11.03181	2.4418755	2.024328
1663079644077	12.093625	2.7269206	2.0889342
1663079644096	11.139486	2.9745777	2.9341989
1663079644111	9.855139	4.1500516	3.246462
1663079644138	9.317652	4.658826	2.8899314
1663079644151	9.852746	3.5587256	1.4270196
1663079644172	14.846867	2.740081	0.22642085
1663079644199	18.09572	2.862115	-1.6435701
1663079644214	6.326324	1.0570294	-8.842377
1663079644229	6.378966	0.4884349	-8.381759
1663079644252	14.423038	3.1698918	-1.6133606
1663079644273	13.29542	3.484548	-3.4223347
1663079644292	10.225129	1.2496517	-5.33749
1663079644306	9.534202	0.078963146	-5.725426
1663079644324	9.855139	0.0059820567	-6.018547
1663079644344	10.11835	0.39631125	-5.270491
1663079644361	9.786943	1.1180464	-3.0403802
1663079644398	8.755039	1.8254246	-0.7612167
1663079644404	8.223534	1.6292131	0.93738824
1663079644422	7.699206	0.6643074	1.5239289
1663079644440	7.5317082	-0.15553348	1.1431711
1663079644458	7.6537423	-0.7576275	0.02751746
1663079644481	7.210771	-1.1240284	-0.6475576
1663079644509	6.983453	-0.69302124	-1.2412767
1663079644523	7.2765737	0.36041892	-2.329413
1663079644539	7.568797	1.2329018	-2.396412
1663079644558	8.346764	1.9680966	-2.361716
1663079644572	9.495916	2.646761	-0.6343971
1663079644606	10.601999	2.748456	1.7730815
1663079644657	11.391032	2.0135603	3.1256247
1663079644669	12.291033	0.42023948	2.8381867
1663079644677	12.207284	-0.81984085	0.77347994
1663079644690	12.067304	-0.059820566	-1.4518452
1663079644776	12.796217	1.5215361	-2.2791636
1663079644788	13.497614	1.495215	0.092422776
1663079644794	10.252646	0.6559325	-3.5084763
1663079644803	12.72204	-0.17587246	-9.169296
1663079644815	13.245171	-0.62123656	-9.365508
1663079644861	11.536994	1.907977	-6.1791654
1663079644874	10.686944	4.1225343	-2.9015965
1663079644884	10.957632	4.354937	-0.24526432
1663079644892	8.683254	2.2384856	0.39750767
1663079644915	6.5955167	0.770788	-1.7668004
1663079644925	5.7110696	0.3281158	-2.8956144
1663079644936	5.7840505	0.4142574	-3.3194432
1663079644982	6.17767	1.1862419	-3.7920256
1663079644998	6.367002	2.1595225	-3.1875389
1663079645009	6.4663043	2.9745777	-1.9917258
1663079645016	6.9906316	2.9135606	-1.4075779
1663079645078	7.6752777	2.4948168	-1.0737791
1663079645088	8.221141	2.0051854	-0.8042875
1663079645096	8.560024	1.724926	-0.56859446
1663079645105	9.06162	1.9441684	-0.06580263
1663079645114	10.022636	2.5809584	0.7495517
1663079645158	11.733206	3.1052856	2.5331018
1663079645170	13.255939	3.4773695	3.5614173
1663079645180	11.724831	2.8956144	3.9670007
1663079645190	10.168898	2.6611178	4.281956
1663079645200	10.406984	2.3138595	3.5530424
1663079645295	15.035899	3.2045877	2.3512473
1663079645308	16.344475	3.260819	-4.575077
1663079645315	6.075975	2.1822543	-14.590835
1663079645325	9.522238	2.6970103	-7.3642106
1663079645335	13.318151	4.540381	-3.6400814
1663079645344	12.0685005	3.1567314	-3.6113675
1663079645380	10.751849	1.1180464	-4.1225343
1663079645399	9.489935	-0.1268196	-4.6636114
1663079645408	8.920144	-0.392722	-3.8087754
1663079645419	8.750254	0.29222345	-2.9422746
1663079645429	8.788539	0.97926265	-1.1778669
1663079645440	8.121839	1.0007981	0.3185445
1663079645485	7.402496	0.8237292	0.5494519
1663079645499	7.243074	0.34366915	-0.07178468
1663079645507	7.1569324	0.07537391	-0.89401835
1663079645515	7.2083783	-0.05623133	-1.1228321
1663079645582	7.372586	0.033499517	-0.7408777
1663079645600	8.173284	0.95054877	-0.7755736
1663079645610	8.545667	1.7943178	-0.7013961
1663079645619	8.579166	1.9067806	-0.49292147
1663079645629	8.911769	1.948954	-0.79710907
1663079645659	9.296116	1.9238294	-0.7959126
1663079645670	9.946067	2.0291135	-0.6643074
1663079645679	11.466406	1.7464614	-0.09451649
1663079645688	11.523834	0.5602196	1.442573
1663079645698	10.843973	-0.2321038	1.3588241
1663079645776	10.698908	0.39032918	1.0007981
1663079645787	10.463215	2.5139594	0.112761766
1663079645795	11.379068	4.645665	-1.9007984
1663079645805	14.09881	4.2711883	1.6471593
1663079645817	13.237992	-0.5841478	1.5239289
1663079645828	11.365908	-3.202195	-9.902996
1663079645878	11.144273	-4.2975097	-13.616357
1663079645889	13.081263	-2.6922245	-8.788539
1663079645897	13.179368	1.5071791	-4.319942
1663079645910	12.503097	5.162814	-1.0713863
1663079645920	11.312069	5.8800626	2.4122643
1663079645929	9.353543	4.269992	3.1746774
1663079645972	7.0636125	1.6914265	0.6236294
1663079645983	5.8689957	-0.35084763	-2.2504497
1663079645992	5.4439707	-1.0773684	-4.3929234
1663079646011	5.701498	-0.4214359	-4.0698924
1663079646088	6.2940207	0.94337034	-2.3521447
1663079646103	6.2844496	1.989632	-1.5942181
1663079646114	6.6972113	2.3856442	-0.91555375
1663079646123	7.556833	2.469393	-0.25004998
1663079646160	7.9627156	2.1906292	0.22402802
1663079646172	8.217551	1.8182461	0.22761725
1663079646183	8.957232	1.7356937	0.2431706
1663079646193	9.998709	1.6423737	0.8919246
1663079646202	11.241181	2.0817556	0.948156
1663079646213	11.718849	2.8752756	1.1060823
1663079646228	10.648659	3.0550363	2.2779672
1663079646290	10.563714	4.028018	1.9776679
1663079646303	10.17129	3.4390843	3.6188452
1663079646315	9.739087	1.4018949	3.3960135
1663079646327	10.6103735	-0.3182454	1.3097713
1663079646338	14.201701	0.31375888	0.7507481
1663079646380	14.234005	1.9680966	-5.3973107
1663079646395	9.235099	2.5007987	-11.243874
1663079646406	10.469197	5.3342	-7.850253
1663079646415	11.4699955	5.8824553	-2.1077776
1663079646423	11.392229	4.5487556	-3.403192
1663079646486	10.2107725	1.963311	-2.9458637
1663079646498	9.631411	0.18065812	-3.8724844
1663079646508	9.353543	-0.878465	-4.4805603
1663079646515	9.201599	-0.20817557	-4.1105704
1663079646524	9.365508	1.2065809	-2.1269202
1663079646583	8.877073	2.3916261	0.14147563
1663079646599	8.085946	2.7125635	1.0450653
1663079646608	7.7494555	2.333002	0.50039905
1663079646618	7.52453	1.6328024	-0.56500524
1663079646629	7.648957	0.8668	-1.1240284
1663079646636	7.913663	0.2862414	-1.4853446
1663079646660	7.790133	-0.1160519	-1.6208383
1663079646671	7.82124	0.24675983	-1.6914265
1663079646679	8.388638	1.1551352	-0.6978069
1663079646687	8.554042	1.4150555	0.50039905
1663079646773	8.692825	1.3839488	0.46809593
1663079646786	9.203992	1.3815559	0.1582254
1663079646797	9.69482	1.3058829	0.53629136
1663079646805	10.011869	0.99960166	0.42741793
1663079646815	10.423734	0.3484548	-0.2213361
1663079646827	11.080863	0.7001997	-1.2723835
1663079646860	11.4018	2.0422742	-0.8676973
1663079646870	11.416157	3.8581274	-0.46779683
1663079646879	12.420544	4.996513	-0.74207413
1663079646889	14.491233	3.7145581	2.8633113
1663079646898	12.160624	-1.4267205	0.6729814
1663079646917	10.507483	-4.7988057	-8.503793
1663079646980	11.034203	-5.445466	-13.24876
1663079646991	11.680564	-2.376073	-8.899805
1663079647006	11.920145	2.5821548	-3.179164
1663079647013	11.52503	6.1971116	0.61884373
1663079647022	10.588839	6.356234	3.5673995
1663079647086	8.956036	3.7265222	1.9094725
1663079647091	7.075577	0.84765744	-1.3513466
1663079647095	6.0807605	-0.5087739	-3.3278182
1663079647160	6.2318077	-0.43459642	-3.1815567
1663079647172	6.7666035	0.23838496	-2.1834507
1663079647184	6.9559355	1.3441681	-2.079064
1663079647196	6.5835524	1.9621146	-1.89362
1663079647204	6.946364	2.3186452	-1.4291133
1663079647211	7.5759754	2.4239295	-0.74207413
1663079647216	8.032107	2.3138595	-1.0124631
1663079647305	8.518149	2.4681966	-0.68345
1663079647318	8.898608	2.4972095	-0.33738798
1663079647326	9.534202	2.2743778	0.0634098
1663079647338	10.513465	1.765604	0.87278205
1663079647379	11.535798	1.9872392	1.035494
1663079647396	11.466406	2.542673	2.0817556
1663079647407	11.110773	3.5419757	2.9150562
1663079647420	10.688141	4.339384	2.9557343
1663079647430	9.768997	3.8006997	3.0514472
1663079647442	8.994321	1.5669997	2.3404796
1663079647451	11.812169	-0.0526421	1.5239289
1663079647485	14.79901	0.20578274	-2.9829526
1663079647499	11.855539	2.0015962	-11.302498
1663079647509	8.056036	4.973781	-12.043375
1663079647521	10.326824	7.636095	-2.7038896
1663079647582	12.974782	6.546763	1.3013964
1663079647596	11.029417	2.754438	-3.124129
1663079647606	9.776176	-0.1471586	-4.880162
1663079647616	9.326026	-1.4410775	-5.4176497
1663079647628	9.237492	-1.11685	-5.2046885
1663079647638	9.180064	0.43579283	-3.8641095
1663079647658	9.157332	1.8074784	-1.317847
1663079647669	8.676076	2.3389843	0.9170493
1663079647679	7.9950185	2.0877378	1.3480564
1663079647688	7.585547	1.1910275	-0.5949155
1663079647777	7.6537423	0.56500524	-1.3956138
1663079647791	7.9304123	0.23479572	-1.4985052
1663079647802	8.187641	0.33529428	-1.3848461
1663079647811	8.100303	0.49202415	-1.0507482
1663079647822	8.556435	1.0031909	-0.14476576
1663079647835	9.038888	1.582553	0.5769694
1663079647847	8.774181	1.3947165	0.82971126
1663079647888	8.4197445	1.0199406	-0.30508488
1663079647899	8.514561	1.0857433	-1.4817554
1663079647908	8.719147	1.2927225	-1.1359925
1663079647918	9.691231	1.4724833	-0.32303107
1663079647924	11.217254	1.2257234	0.6406783
1663079647981	11.828918	1.1766706	0.8811569
1663079647997	12.159428	1.7751753	1.4401802
1663079648007	11.504691	2.7053852	1.4796617
1663079648034	11.764313	3.5180476	-1.1706885
1663079648045	13.750356	2.070988	0.6418747
1663079648082	10.781759	-2.5495524	0.16061822
1663079648093	9.522238	-4.159623	-8.786145
1663079648104	10.7590275	-4.0962133	-10.700404
1663079648162	12.678969	-1.5155541	-7.434799
1663079648178	13.483256	2.8405795	-4.0794635
1663079648188	13.452149	6.3454666	-0.24765715
1663079648197	12.48515	6.4366927	2.0817556
1663079648208	9.570094	3.5611184	0.7818548
1663079648219	6.9535427	0.92303133	-1.4374882
1663079648232	5.467899	-0.55782676	-2.7038896
1663079648241	5.3530436	-0.5183452	-3.144468
1663079648292	5.4116673	0.2623132	-2.6249263
1663079648303	5.9060845	1.1084751	-1.751247
1663079648314	5.9503517	1.5263218	-1.4697913
1663079648324	6.8422766	2.0111675	-1.0232308
1663079648381	7.8930244	1.8661026	-0.26799613
1663079648401	8.644969	2.085345	-0.047856454
1663079648411	9.274581	2.5965116	0.7004988
1663079648422	9.993923	2.7580273	0.83688974
1663079648435	10.770992	2.3246272	1.0869397
1663079648444	11.503495	2.5666013	0.67776704
1663079648473	11.275878	2.8657043	1.2571292
1663079648487	10.227522	3.1974092	2.032703
1663079648493	9.480363	3.4761732	2.082952
1663079648579	9.226724	2.7317061	2.292324
1663079648587	9.062816	0.9840483	2.201397
1663079648595	9.917353	-1.3609179	0.87637126
1663079648604	12.911073	-0.95054877	-0.6798607
1663079648616	14.504394	1.7093726	-5.7373905
1663079648629	10.077672	4.1982074	-10.854741
1663079648639	9.727123	7.446763	-7.629814
1663079648645	11.969198	8.423633	1.4413766
1663079648664	11.642279	4.5678983	-1.4123635
1663079648687	10.304092	0.08135597	-3.80399
1663079648776	9.643374	-2.4418755	-5.512166
1663079648788	9.150154	-3.2297122	-6.195915
1663079648795	9.083155	-1.7213368	-4.575077
1663079648805	9.438489	0.91465646	-2.1472592
1663079648816	10.188041	3.2392836	1.049851
1663079648826	9.241081	3.8126638	2.7640092
1663079648834	8.072785	2.7472596	1.2810575
1663079648846	7.682456	1.3393825	-0.54466623
1663079648866	7.766205	0.076570325	-2.082653
1663079648873	7.827222	-0.63559353	-3.1456645
1663079648891	7.6453676	-0.95772725	-2.9566314
1663079648915	7.772187	-0.51236314	-1.7033906
1663079648981	8.408977	0.80817586	-0.3397808
1663079648996	8.698808	1.9178474	0.5925227
1663079649006	8.526525	2.164308	0.5877371
1663079649015	8.417352	2.036292	-0.3062813
1663079649034	8.933304	2.1427727	-0.98973125
1663079649046	9.523434	2.111666	-0.34576288
1663079649055	10.245468	1.250848	0.8009974
1663079649088	10.961222	0.453739	0.6164509
1663079649095	11.379068	-0.13040884	0.05503492
1663079649161	11.742777	-0.45613182	-0.19621146
1663079649179	11.2017	1.1347961	0.05742774
1663079649189	11.103595	3.5551362	-0.357727
1663079649200	12.2120695	3.6320057	0.25872394
1663079649211	13.340883	0.19142582	2.6431718
1663079649221	9.742677	-2.908775	-4.1727834
1663079649234	9.70798	-3.978965	-11.927323
1663079649246	13.059727	-2.801098	-12.596416
1663079649293	14.351253	0.7815557	-6.8458657
1663079649305	13.530215	4.638487	-1.3920245
1663079649314	11.529816	6.2880387	2.3428724
1663079649323	10.011869	4.8158545	2.8202405
1663079649382	7.929216	2.158326	0.12831512
1663079649401	6.410073	0.104087785	-2.672783
1663079649411	5.742176	-0.6308079	-4.293621
1663079649421	5.994619	0.148355	-3.612564
1663079649431	6.785746	1.3983058	-2.013261
1663079649443	6.6349983	1.7069799	-1.4111671
1663079649454	7.190432	2.4430718	-1.198206
1663079649477	7.9100733	2.786741	-0.13998012
1663079649583	8.418549	2.7532415	-0.40677986
1663079649598	8.227122	2.3282163	-0.93230355
1663079649607	8.326425	2.1128623	-1.1096715
1663079649613	8.988339	1.9680966	-0.40917268
1663079649621	10.124331	1.9154545	1.2667005
1663079649630	11.472388	2.1906292	2.419443
1663079649639	11.288141	1.9405792	3.9693937
1663079649649	10.231112	2.4622145	3.3481572
1663079649657	9.311669	2.8800611	2.1690936
1663079649666	9.174082	2.6419754	1.6160526
1663079649687	10.732707	1.4150555	0.27906293
1663079649778	15.318551	0.9720842	-0.9610174
1663079649791	14.045869	1.6076777	-4.5822554
1663079649798	7.8523464	1.7380866	-8.949157
1663079649809	11.104791	2.8800611	-2.8992038
1663079649820	13.346866	4.470989	-0.90358967
1663079649831	11.687742	3.8724844	-3.3230324
1663079649850	10.329217	1.4114662	-4.6600223
1663079649860	9.568898	-0.0035892338	-5.3219366
1663079649869	9.304491	0.21774685	-4.938786
1663079649879	8.933304	0.9349955	-2.7098715
1663079649890	8.92493	1.8098712	-0.32063824
1663079649909	8.686844	2.3222344	0.61764735
1663079649981	8.213962	1.9716859	-0.5829514
1663079649997	7.5436726	1.11685	-1.7440686
1663079650008	7.463513	0.13519448	-2.021636
1663079650018	7.6740813	-0.32542387	-1.6292131
1663079650054	7.894221	-0.36400816	-1.3345969
1663079650066	8.524132	-0.16271193	-0.9514461
1663079650075	9.099904	0.36400816	-0.5554339
1663079650097	9.377472	0.9517452	0.09840483
1663079650108	9.525827	1.5047864	0.4668995
1663079650160	9.144172	1.7105691	0.5386842
1663079650178	8.872287	1.8278174	0.13429718
1663079650191	8.941679	2.009971	-0.19980069
1663079650202	9.19801	1.8302102	0.59970117
1663079650211	9.476774	0.58654064	1.0630114
1663079650223	9.102298	-0.32662028	-0.25244278
1663079650257	9.662517	0.6152545	-1.7141583
1663079650269	11.196915	2.5139594	-1.3010973
1663079650278	13.0310135	4.322634	-0.57457656
1663079650285	14.461323	4.3609195	1.3827524
1663079650383	12.295818	1.7237296	0.44775695
1663079650400	12.228819	-1.2125629	-3.0188448
1663079650407	11.062917	-2.8657043	-6.6819572
1663079650418	9.499506	-1.5346966	-7.166504
1663079650427	9.159725	1.1180464	-4.790431
1663079650436	10.349556	3.728915	-2.1747768
1663079650447	10.703694	4.6564326	-0.42831525
1663079650457	10.308878	3.5419757	-0.70977104
1663079650469	8.494222	1.4318053	-2.149652
1663079650481	7.240681	0.29102704	-3.0212376
1663079650491	7.0935225	0.33290145	-2.5495524
1663079650581	7.2705917	0.77318084	-2.0288146
1663079650596	8.083553	1.3863416	-2.2755744
1663079650608	8.496614	1.7751753	-1.8541385
1663079650617	8.554042	2.0135603	-1.6722839
1663079650627	8.513364	2.143969	-1.2269198
1663079650649	8.862716	2.2899313	-0.6870392
1663079650659	9.164511	2.4071796	-0.53270215
1663079650667	9.203992	2.0590239	-0.8772686
1663079650671	9.326026	1.7991035	-1.0100702
1663079650686	9.85155	1.9657038	-0.2955136
1663079650778	10.592427	2.361716	0.8452646
1663079650790	11.394622	2.8513472	1.2702898
1663079650799	10.846366	2.5522444	2.868097
1663079650808	9.717552	2.2827528	3.266801
1663079650819	8.771789	1.6758732	2.481656
1663079650829	7.9304123	1.3166506	1.489233
1663079650864	8.2761755	1.3971093	0.20727827
1663079650877	10.003494	2.1068804	-0.08255238
1663079650887	8.841181	0.622433	-2.3437698
1663079650895	10.252646	0.76719874	-8.156534
1663079650905	13.093226	4.6731825	-7.760223
1663079650915	12.931412	5.985347	-2.2181466
1663079650981	11.294123	2.8776684	-1.3393825
1663079650998	9.892228	1.0462617	-2.8920252
1663079651009	8.595916	-0.09930214	-3.289234
1663079651015	8.133802	0.0849452	-3.7477584
