Timestamp 	 X 	 Y 	 Z 
1663079594527	8.152945	1.3671991	2.2827528
1663079594531	9.699606	2.4131618	0.11874382
1663079594574	9.7450695	1.6758732	-2.481357
1663079594581	9.699606	2.260021	0.5590232
1663079594586	9.606286	2.070988	-0.034695927
1663079594634	9.172886	1.8002999	-0.86291164
1663079594638	9.24467	1.7715861	-1.1264212
1663079594644	9.613464	1.9250258	-0.7217351
1663079594660	9.919745	1.8912272	-0.5901299
1663079594664	9.919745	1.8912272	-0.5901299
1663079594745	9.536594	1.8385851	-0.69302124
1663079594754	9.178867	1.9573289	-0.8150552
1663079594762	9.068798	1.9716859	-1.0280164
1663079594768	9.285348	1.8505492	-0.8150552
1663079594858	9.657731	1.8014964	-0.28594232
1663079594870	9.883853	1.7344973	-0.16031912
1663079594878	9.863514	1.8649062	0.22761725
1663079594885	9.505488	2.0494525	0.19292133
1663079594891	9.293723	1.9597218	-0.3385844
1663079594927	9.337991	1.9597218	-0.5243273
1663079594936	9.4839525	1.899602	-0.51475596
1663079594962	9.670892	1.7321045	-0.28953153
1663079594969	9.757033	1.6292131	-0.11365908
1663079594975	9.721141	1.6459628	0.1271187
1663079595069	9.630214	1.8134605	-0.17706887
1663079595078	9.4229355	1.9007984	-0.4211368
1663079595087	9.440882	2.0793629	-0.3469593
1663079595095	9.419347	2.132005	-0.19740787
1663079595103	9.5353985	2.0733807	-0.020338992
1663079595110	9.608679	2.0374885	-0.061016977
1663079595158	9.578469	1.9190438	0.26111677
1663079595167	9.631411	1.8361923	-0.04546363
1663079595173	9.606286	1.8349959	-0.12921242
1663079595181	9.608679	1.9238294	-0.13998012
1663079595273	9.609875	1.9657038	-0.009571291
1663079595281	9.609875	1.9549361	-0.104087785
1663079595290	9.517452	1.8613169	-0.17826529
1663079595298	9.41815	1.6950158	-0.4235296
1663079595304	9.498309	1.6531414	-0.33020952
1663079595310	9.51147	1.745265	-0.076570325
1663079595364	9.658928	1.9067806	0.10079765
1663079595380	9.663713	2.0434706	0.12352947
1663079595388	9.662517	2.1332014	0.047856454
1663079595394	9.571291	2.0422742	-0.17108682
1663079595399	9.568898	1.9465612	-0.1794617
1663079595407	9.5760765	1.9453648	-0.15433706
1663079595412	9.5665045	1.907977	-0.05383851
1663079595476	9.495916	1.8960128	-0.1794617
1663079595487	9.517452	1.8972093	-0.23808585
1663079595495	9.608679	1.9345971	-0.4881358
1663079595501	9.61825	1.8266209	-0.5721837
1663079595529	9.642178	1.9214365	-0.3397808
1663079595538	9.568898	1.9621146	-0.3684947
1663079595563	9.504292	2.0590239	-0.2321038
1663079595572	9.474381	2.1894326	-0.30029923
1663079595639	9.590433	2.0925233	-0.5195416
1663079595647	9.631411	2.0817556	-0.50039905
1663079595653	9.487542	2.0554347	-0.8425727
1663079595661	9.403793	2.1702902	-0.7815557
1663079595667	9.469596	2.2061825	-0.58654064
1663079595680	9.470792	2.0614166	-0.6547361
1663079595749	9.611072	2.1128623	-0.33738798
1663079595756	9.623035	2.115255	-0.55304116
1663079595761	9.662517	2.1224337	-0.6260222
1663079595766	9.634999	2.0638096	-0.62123656
1663079595770	9.59163	2.0685952	-0.62721866
1663079595859	9.54497	2.0171494	-0.73848486
1663079595865	9.537791	2.0434706	-0.6116653
1663079595872	9.509077	2.0901306	-0.53629136
1663079595878	9.460024	2.0781665	-0.70977104
1663079595893	9.475577	2.120041	-0.6475576
1663079595907	9.487542	2.099702	-0.6786643
1663079595919	9.482756	2.1224337	-0.9957133
1663079595961	9.516255	2.0781665	-0.9406784
1663079595968	9.538987	2.1451654	-0.4354937
1663079595973	9.547362	2.1762722	-0.32303107
1663079596081	9.473185	1.9920249	-0.520738
1663079596088	9.599107	2.0602202	-0.37447673
1663079596097	9.615857	2.0697916	-0.40558344
1663079596104	9.615857	2.111666	-0.6667002
1663079596111	9.561719	2.1750758	-0.8030911
1663079596120	9.5665045	2.2947168	-0.5482555
1663079596157	9.57488	2.2767708	-0.5135596
1663079596167	9.47797	2.0877378	-0.6511469
1663079596178	9.379865	1.9860427	-0.7899306
1663079596186	9.323633	1.9704895	-0.78394854
1663079596192	9.266206	1.7105691	-1.2855439
1663079596292	9.296116	1.7751753	-0.4642076
1663079596300	9.867104	2.5486553	0.3149553
1663079596307	9.728319	2.3952155	-0.34097722
1663079596312	9.682856	2.306681	-0.44506502
1663079596319	9.629018	2.1355941	-0.4534399
1663079596324	9.340384	1.9103698	-1.2915261
1663079596362	9.353543	2.0207388	-1.2759727
1663079596370	9.564112	2.2372892	-0.014356935
1663079596376	9.699606	2.2743778	0.33529428
1663079596382	9.609875	2.0015962	-0.48454657
1663079596407	9.542577	2.0063818	-0.7743772
1663079596413	9.440882	2.097309	-1.0292128
1663079596474	9.412168	2.1284158	-0.9514461
1663079596482	9.470792	2.1379871	-0.70259255
1663079596488	9.513863	2.099702	-0.6343971
1663079596492	9.525827	2.024328	-0.71336025
1663079596529	9.510274	2.0075781	-0.80189466
1663079596540	9.507881	2.0590239	-0.8353942
1663079596563	9.491131	2.103291	-0.8712866
1663079596574	9.493524	2.103291	-0.8916255
1663079596643	9.503095	2.0590239	-0.81984085
1663079596655	9.518648	2.0374885	-0.78873414
1663079596662	9.543773	2.03031	-0.7396813
1663079596674	9.49472	2.0027926	-0.79950184
1663079596684	9.45165	2.0015962	-0.92273223
1663079596694	9.433703	2.0195422	-1.0256236
1663079596748	9.449257	2.0638096	-1.0570294
1663079596763	9.4839525	2.1272194	-0.98973125
1663079596772	9.492328	2.1499512	-0.9729815
1663079596779	9.461221	2.160719	-1.0052847
1663079596788	9.455238	2.1332014	-1.0606186
1663079596883	9.457631	2.1332014	-1.1958131
1663079596898	9.454042	2.1535404	-1.2137593
1663079596909	9.457631	2.1595225	-1.1347961
1663079596918	9.500702	2.1559331	-1.0555339
1663079596928	9.516255	2.0685952	-1.0016954
1663079596938	9.515059	1.9369899	-1.0220344
1663079596947	9.489935	1.9298115	-1.0941181
1663079596978	9.47797	2.0267208	-1.0435698
1663079596989	9.479167	2.1068804	-0.98614204
1663079596998	9.51147	2.115255	-0.9454641
1663079597095	9.5760765	2.012364	-0.96460664
1663079597108	9.590433	1.8816559	-1.0076774
1663079597118	9.573684	1.89362	-0.9909277
1663079597128	9.512667	1.9968106	-0.9023932
1663079597139	9.476774	2.0183458	-0.9346963
1663079597148	9.474381	2.0422742	-1.0148559
1663079597158	9.543773	2.0434706	-1.0208379
1663079597168	9.577272	2.0542383	-1.0881361
1663079597178	9.6015	2.0458634	-1.198206
1663079597186	9.553345	2.0398812	-1.1527423
1663079597278	9.455238	1.9369899	-1.1503495
1663079597295	9.383454	1.8888344	-1.1862419
1663079597305	9.413364	1.8816559	-1.2005987
1663079597312	9.527023	1.9453648	-1.0495518
1663079597322	9.650553	1.9740787	-0.98614204
1663079597332	9.712767	1.8864416	-1.0316057
1663079597342	9.740284	1.7811574	-1.0459626
1663079597376	9.719945	1.6160526	-1.1659029
1663079597388	9.664909	1.3959129	-1.2987045
1663079597399	9.597911	1.2580265	-1.4327025
1663079597408	9.529416	1.1874382	-1.6073786
1663079597417	9.49472	1.082154	-1.5367904
1663079597429	9.434899	0.9601201	-1.3645071
1663079597478	9.377472	0.8129615	-1.2987045
1663079597492	9.4229355	0.63918275	-1.1958131
1663079597502	9.460024	0.49082774	-0.9275179
1663079597510	9.531809	0.5769694	-0.8593224
1663079597555	9.712767	0.8644072	-1.0304092
1663079597564	9.859925	1.2484552	-1.1060823
1663079597574	10.039387	1.6782659	-0.5709873
1663079597581	10.090832	1.6950158	-0.13878371
1663079597585	9.965209	1.2293127	-0.30149564
1663079597597	9.84796	0.62961143	-0.5769694
1663079597613	9.693624	0.2551347	-0.9825528
1663079597629	9.552148	0.2009971	-1.1120644
1663079597651	9.64457	0.40827537	-0.7109674
1663079597669	9.825229	0.72771716	-0.46660042
1663079597688	9.938888	0.9062816	-0.36490545
1663079597708	9.77498	1.015155	-0.52193445
1663079597726	9.553345	1.1862419	-0.7719844
1663079597744	9.5557375	1.4306089	-0.79710907
1663079597764	9.660124	1.5753746	-0.63200426
1663079597785	9.904192	1.6830516	-0.8425727
1663079597804	10.103992	1.7237296	-1.1682956
1663079597821	10.082458	1.434198	-0.9945169
1663079597841	9.967602	1.2412767	-0.6667002
1663079597860	10.392627	0.9182457	-0.2105684
1663079597893	11.097612	0.48125646	-0.6906284
1663079597911	11.012667	-0.07178468	-1.5726827
1663079597928	10.47159	-0.2656033	-2.2372892
1663079597936	9.7654085	0.51236314	-1.8349959
1663079597963	9.105886	1.5717853	-1.3070793
1663079597983	8.76461	2.2325034	-1.4219348
1663079597997	8.640183	2.5151558	-1.5403795
1663079598014	8.59472	2.5271199	-1.608575
1663079598031	8.605488	2.341377	-1.6061822
1663079598051	8.792128	2.053042	-1.8433708
1663079598079	8.902198	1.806282	-1.9450657
1663079598102	8.889037	1.724926	-1.759622
1663079598122	9.169296	1.9645073	-1.3992031
1663079598155	9.669696	2.2241287	-0.77796644
1663079598165	10.276575	2.3485553	-0.25842485
1663079598179	10.415359	2.2325034	-0.38404804
1663079598195	10.228719	2.2289143	-0.47018966
1663079598205	9.930513	2.408376	-0.59730834
1663079598227	9.6015	2.606083	-0.7791629
1663079598248	9.251849	2.7436702	-1.0256236
1663079598266	8.8746805	2.8310082	-1.1264212
1663079598287	8.65454	2.7795627	-1.1371889
1663079598309	8.599505	2.5582266	-1.0256236
1663079598331	8.837591	2.341377	-0.8916255
1663079598346	9.0436735	2.2073789	-0.9239286
1663079598362	9.144172	2.3018954	-0.75284183
1663079598383	9.35474	2.5091736	-0.6678966
1663079598400	9.691231	2.6742785	-0.8916255
1663079598419	9.600304	2.618047	-0.43429732
1663079598438	9.232706	2.3892334	0.3807579
1663079598461	9.471989	2.003989	1.5263218
1663079598481	9.515059	1.0366904	0.5494519
1663079598498	10.052547	0.974477	-1.535594
1663079598522	10.717154	1.6938193	-2.5926232
1663079598537	9.986745	2.457429	-3.2126634
1663079598554	9.333204	3.950251	-2.0359929
1663079598575	9.633803	4.1898327	0.93260264
1663079598591	9.826426	2.367698	-0.05383851
1663079598610	9.625428	0.6774679	-1.5308083
1663079598637	9.327223	0.096909314	-2.219343
1663079598649	9.211171	0.4848457	-1.8278174
1663079598672	9.247063	1.2293127	-1.3226327
1663079598692	9.391829	1.751247	-0.9729815
1663079598708	9.419347	1.704587	-1.1407782
1663079598724	9.446864	1.4294125	-1.7967107
1663079598753	9.536594	1.1563315	-2.2576282
1663079598766	9.516255	1.2329018	-2.117349
1663079598783	9.649357	1.6639091	-1.515255
1663079598803	9.880263	1.9680966	-0.6619146
1663079598831	10.019048	1.7991035	-0.30867413
1663079598845	9.985548	1.183849	-0.81625164
1663079598862	9.935299	0.71336025	-1.1659029
1663079598879	9.844372	0.5554339	-1.1874382
1663079598898	9.786943	0.7791629	-1.082154
1663079598923	9.664909	1.16351	-0.811466
1663079598948	9.658928	1.5418751	-0.51236314
1663079598963	9.667302	1.7404794	-0.29072794
1663079598979	9.679267	1.7404794	-0.44147578
1663079598996	9.796515	1.6304095	-0.6511469
1663079599036	9.78814	1.4712868	-0.58534425
1663079599047	9.531809	1.3501502	-0.47138608
1663079599053	9.378669	1.4006985	-0.5135596
1663079599088	9.424132	1.5346966	-0.79830545
1663079599097	9.597911	1.730908	-0.8533404
1663079599108	9.791729	1.3815559	-0.25722843
1663079599161	9.51147	0.35204405	-1.2149557
1663079599170	9.430114	-0.45852464	-2.568695
1663079599182	9.376275	-0.17826529	-2.9446673
1663079599191	9.347562	1.0977074	-2.201397
1663079599218	9.605089	2.518745	-1.6459628
1663079599228	9.625428	3.0729825	-0.9945169
1663079599252	9.311669	2.9829526	-1.3621143
1663079599267	9.032906	2.6156542	-1.901995
1663079599299	8.903394	2.1176481	-1.8517456
1663079599318	8.9775715	1.6447664	-1.4937196
1663079599324	9.189635	1.4533406	-1.1659029
1663079599350	9.595518	1.623231	-0.79710907
1663079599367	10.058529	2.056631	-0.104087785
1663079599399	10.359127	2.597708	0.18335004
1663079599413	10.198809	2.6766713	-0.019142581
1663079599424	9.875478	2.5127628	-0.55304116
1663079599455	9.682856	2.4804597	-0.9287143
1663079599462	9.52822	2.565405	-0.8545368
1663079599480	9.38465	2.6611178	-0.7935198
1663079599518	9.221938	2.646761	-0.750449
1663079599539	9.120243	2.6802604	-0.72771716
1663079599545	9.227921	2.6778677	-0.94426763
1663079599568	10.349556	2.9997022	-1.3250256
1663079599579	9.88146	2.5354948	-1.4267205
1663079599624	8.514561	2.5067809	-1.4877375
1663079599634	8.979964	2.7269206	-0.37088752
1663079599648	9.461221	2.3054845	0.023928227
1663079599653	9.413364	1.4976078	-0.70378894
1663079599668	9.480363	1.3767704	-1.5906289
1663079599688	9.597911	1.8780667	-1.6962122
1663079599723	9.572487	2.449054	-1.4554343
1663079599732	9.4432745	2.882454	-1.0833504
1663079599769	9.30808	2.8908288	-0.9179466
1663079599776	9.332008	2.5283163	-0.7851449
1663079599786	9.360723	1.8684953	-0.7851449
1663079599804	9.256635	1.3357933	-0.94785684
1663079599839	9.239884	1.2604194	-1.0184451
1663079599847	9.395418	1.7356937	-0.96819586
1663079599861	9.589237	2.2648067	-0.9669995
1663079599899	9.523434	2.4972095	-0.939482
1663079599908	9.546165	2.539084	-0.8641081
1663079599936	9.51147	2.396412	-0.77318084
1663079599943	9.410972	2.1870399	-0.80189466
1663079599956	9.416953	2.0482562	-0.9131609
1663079599988	9.480363	2.0410776	-1.0160524
1663079600002	9.485149	2.0697916	-0.8892327
1663079600015	9.504292	2.1631117	-0.817448
1663079600054	9.504292	2.178665	-0.7923234
1663079600069	9.495916	2.1128623	-0.76241314
1663079600077	9.378669	1.969293	-0.71216387
1663079600101	9.2997055	1.9007984	-0.7217351
1663079600129	9.41815	2.0051854	-0.65952176
1663079600135	9.5353985	2.1655045	-0.54466623
1663079600152	9.579665	2.329413	-0.4833502
1663079600169	9.5868435	2.3988047	-0.35413775
1663079600189	9.565309	2.3629124	-0.35413775
1663079600224	9.6326065	2.400001	-0.47377887
1663079600234	9.620643	2.4394827	-0.53988063
1663079600245	9.546165	2.4562325	-0.5386842
1663079600269	9.460024	2.4131618	-0.64636123
1663079600288	9.452846	2.4179473	-0.72771716
1663079600322	9.518648	2.4346972	-0.6164509
1663079600333	9.489935	2.3784657	-0.60687965
1663079600355	9.415757	2.2959132	-0.70618176
1663079600398	9.38824	2.2983062	-0.79950184
1663079600403	9.397811	2.359323	-0.8006983
1663079600409	9.42174	2.400001	-0.8138588
1663079600420	9.412168	2.4179473	-0.8497511
1663079600444	9.396614	2.3748765	-0.8210373
1663079600461	9.353543	2.367698	-0.7851449
1663079600486	9.348758	2.3712873	-0.7851449
1663079600506	9.353543	2.3605196	-0.8593224
1663079600519	9.396614	2.3916261	-0.8880363
1663079600562	9.460024	2.4729822	-0.79950184
1663079600572	9.48156	2.4478576	-0.69182485
1663079600580	9.412168	2.3844478	-0.73848486
1663079600603	9.458828	2.3557339	-0.7600203
1663079600623	9.503095	2.3784657	-0.663111
1663079600642	9.4839525	2.3389843	-0.6475576
1663079600653	9.444471	2.2851455	-0.7001997
1663079600682	9.427721	2.2875385	-0.7648059
1663079600695	9.456435	2.3952155	-0.7851449
1663079600727	9.519845	2.4442682	-0.72412795
1663079600740	9.512667	2.3653052	-0.7360921
1663079600751	9.466006	2.2755744	-0.80189466
1663079600772	9.458828	2.292324	-0.79471624
1663079600787	9.452846	2.3162522	-0.7755736
1663079600804	9.416953	2.2935205	-0.80548394
1663079600843	9.426525	2.2265215	-0.81984085
1663079600854	9.442079	2.1798615	-0.7791629
1663079600863	9.487542	2.1750758	-0.7576275
1663079600905	9.521041	2.1547368	-0.7480562
1663079600915	9.515059	2.1655045	-0.7588239
1663079600924	9.506684	2.1678972	-0.7636095
1663079600947	9.499506	2.2037897	-0.770788
1663079600969	9.515059	2.2157538	-0.7683952
1663079600985	9.503095	2.1870399	-0.7791629
1663079600996	9.499506	2.1858435	-0.79830545
1663079601021	9.489935	2.184647	-0.77318084
1663079601041	9.488738	2.152344	-0.7432705
1663079601058	9.475577	2.1164517	-0.7408777
1663079601084	9.486345	2.111666	-0.77677006
1663079601105	9.504292	2.0793629	-0.75643104
1663079601120	9.521041	2.0470598	-0.76719874
1663079601157	9.54138	2.0578275	-0.7396813
1663079601169	9.52822	2.1104696	-0.73489565
1663079601179	9.517452	2.1355941	-0.77318084
1663079601203	9.533006	2.1140587	-0.78394854
1663079601221	9.548559	2.0410776	-0.7959126
1663079601230	9.530613	2.0255244	-0.81625164
1663079601248	9.49472	2.0673988	-0.81266236
1663079601267	9.518648	2.0925233	-0.79950184
1663079601296	9.489935	2.0374885	-0.85094756
1663079601307	9.52822	2.0087745	-0.9000004
1663079601331	9.550952	2.0231316	-0.8282157
1663079601347	9.5557375	2.036292	-0.81984085
1663079601363	9.564112	2.0590239	-0.8437691
1663079601382	9.534202	2.0458634	-0.8557332
1663079601405	9.506684	2.0398812	-0.9179466
1663079601423	9.516255	2.050649	-0.9083753
1663079601449	9.5353985	2.0111675	-0.8593224
1663079601487	9.521041	1.975275	-0.8222337
1663079601498	9.521041	1.969293	-0.7516454
1663079601508	9.550952	1.9824536	-0.7899306
1663079601523	9.562916	1.9908284	-0.87367934
1663079601546	9.5557375	1.9800607	-0.8341978
1663079601559	9.498309	1.975275	-0.81984085
1663079601582	9.500702	1.9310079	-0.8449655
1663079601629	9.52822	1.9262222	-0.85094756
1663079601639	9.54138	1.899602	-0.81266236
1663079601648	9.515059	1.9091734	-0.7935198
1663079601655	9.562916	1.9417756	-0.78394854
1663079601681	9.5868435	1.901995	-0.75284183
1663079601691	9.565309	1.907977	-0.7719844
1663079601735	9.542577	1.9381863	-0.7755736
1663079601745	9.540184	1.922633	-0.78753775
1663079601756	9.5353985	1.9369899	-0.8330014
1663079601771	9.554541	1.9609182	-0.817448
1663079601807	9.559326	1.9788643	-0.7851449
1663079601818	9.533006	1.9573289	-0.77796644
1663079601825	9.524631	1.8984057	-0.80787677
1663079601871	9.565309	1.901995	-0.81864446
1663079601880	9.543773	1.899602	-0.76959157
1663079601889	9.522238	1.9274186	-0.76241314
1663079601908	9.52822	1.9250258	-0.74566334
1663079601931	9.547362	1.9322042	-0.7815557
1663079601948	9.543773	1.9103698	-0.7492526
1663079601964	9.538987	1.89362	-0.7360921
1663079602004	9.571291	1.948954	-0.7540382
1663079602019	9.554541	1.9824536	-0.74207413
1663079602028	9.536594	1.9549361	-0.7193423
1663079602037	9.524631	1.9115661	-0.78753775
1663079602066	9.562916	1.9286151	-0.8066803
1663079602075	9.583255	1.9417756	-0.7396813
1663079602104	9.594321	1.9453648	-0.7468598
1663079602138	9.550952	1.9298115	-0.7612167
1663079602151	9.547362	1.9609182	-0.7935198
1663079602160	9.54138	1.9298115	-0.8246265
1663079602172	9.5557375	1.9166509	-0.8437691
1663079602198	9.522238	1.9154545	-0.8700901
1663079602218	9.513863	1.9537396	-0.8461619
1663079602234	9.552148	1.9465612	-0.7899306
1663079602267	9.5557375	1.879263	-0.8234301
1663079602276	9.559326	1.8361923	-0.87367934
1663079602298	9.548559	1.8505492	-0.8712866
1663079602308	9.542577	1.8744774	-0.86291164
1663079602335	9.546165	1.89362	-0.8545368
1663079602352	9.543773	1.9103698	-0.8844471
1663079602374	9.542577	1.9274186	-0.8700901
1663079602399	9.565309	1.942972	-0.8569296
1663079602407	9.5760765	1.9322042	-0.8748758
1663079602421	9.583255	1.899602	-0.85812604
1663079602438	9.564112	1.9043877	-0.86171526
1663079602468	9.5665045	1.89362	-0.81984085
1663079602492	9.540184	1.8613169	-0.79830545
1663079602499	9.568898	1.8577276	-0.81984085
1663079602538	9.57488	1.8230318	-0.8150552
1663079602545	9.570094	1.8278174	-0.8365906
1663079602562	9.585648	1.8577276	-0.8258229
1663079602574	9.579665	1.8816559	-0.8222337
1663079602601	9.55813	1.8780667	-0.8605189
1663079602616	9.548559	1.8780667	-0.85214394
1663079602637	9.547362	1.8613169	-0.8545368
1663079602655	9.550952	1.8589242	-0.81864446
1663079602695	9.573684	1.8517456	-0.8030911
1663079602704	9.572487	1.8074784	-0.817448
1663079602717	9.552148	1.7931215	-0.83060855
1663079602732	9.559326	1.8146569	-0.80787677
1663079602762	9.570094	1.8553349	-0.770788
1663079602773	9.565309	1.8481563	-0.78873414
1663079602789	9.553345	1.8601205	-0.83778703
1663079602821	9.561719	1.8661026	-0.83778703
1663079602833	9.553345	1.8577276	-0.82701933
1663079602844	9.561719	1.8804595	-0.8461619
1663079602864	9.560523	1.8960128	-0.80548394
1663079602905	9.556933	1.8649062	-0.79112697
1663079602920	9.559326	1.8326031	-0.85094756
1663079602927	9.565309	1.8565313	-0.86291164
1663079602940	9.568898	1.8768703	-0.8497511
1663079602971	9.552148	1.8720846	-0.8437691
1663079602983	9.54138	1.8601205	-0.8497511
1663079602998	9.52822	1.8816559	-0.8772686
1663079603041	9.543773	1.8828523	-0.8605189
1663079603050	9.543773	1.8625133	-0.8856435
1663079603088	9.571291	1.8684953	-0.86530447
1663079603101	9.582058	1.8744774	-0.84137625
1663079603161	9.556933	1.8696918	-0.8365906
1663079603179	9.518648	1.8517456	-0.8449655
1663079603188	9.531809	1.8637097	-0.898804
1663079603250	9.530613	1.8589242	-0.9071789
1663079603264	9.552148	1.8804595	-0.878465
1663079603272	9.562916	1.8780667	-0.86291164
1663079603283	9.57488	1.8888344	-0.88325065
1663079603293	9.559326	1.873281	-0.89042914
1663079603302	9.5665045	1.8852451	-0.8844471
1663079603311	9.553345	1.8625133	-0.8916255
1663079603360	9.538987	1.8661026	-0.93349993
1663079603375	9.55813	1.8661026	-0.9729815
1663079603389	9.530613	1.9007984	-0.9741779
1663079603412	9.531809	1.9166509	-0.95742816
1663079603423	9.517452	1.8852451	-0.95742816
1663079603436	9.52822	1.901995	-0.98016
1663079603446	9.554541	1.8912272	-0.95742816
1663079603456	9.561719	1.8768703	-0.9741779
1663079603466	9.540184	1.852942	-0.99930257
1663079603481	9.536594	1.8780667	-1.0076774
1663079603493	9.517452	1.8840487	-0.98853487
1663079603529	9.522238	1.8864416	-1.0160524
1663079603539	9.523434	1.8768703	-1.0160524
1663079603558	9.51147	1.8768703	-1.0339985
1663079603569	9.517452	1.873281	-1.07019
1663079603641	9.538987	1.9214365	-0.9909277
1663079603657	9.542577	1.922633	-0.88325065
1663079603667	9.549755	1.8684953	-0.89042914
1663079603674	9.537791	1.7703897	-0.9502497
1663079603689	9.509077	1.7153547	-0.9945169
1663079603701	9.517452	1.7751753	-0.98853487
1663079603772	9.553345	1.9334008	-0.919143
1663079603784	9.5557375	2.0338993	-0.8102696
1663079603792	9.553345	2.099702	-0.9299107
1663079603803	9.589237	2.2073789	-1.1575279
1663079603813	9.64457	2.3258235	-1.238884
1663079603852	9.5557375	2.396412	-1.4003994
1663079603863	9.352347	2.5235305	-1.5308083
1663079603872	9.254242	2.6144578	-1.4733806
1663079603883	9.226724	2.6419754	-1.5427724
1663079603896	9.0951185	2.5366912	-1.5511472
1663079603907	9.007482	2.4059832	-1.2616158
1663079603915	9.201599	2.312663	-0.9071789
1663079603966	9.559326	2.3306093	-0.56141603
1663079603979	9.80489	2.321038	-0.20458634
1663079604052	9.9089775	2.408376	-0.25962126
1663079604067	9.813265	2.5151558	-0.4235296
1663079604078	9.516255	2.5211377	-0.6966105
1663079604086	9.212367	2.4996023	-0.79710907
1663079604094	9.064013	2.4311078	-0.83778703
1663079604105	9.048459	2.3186452	-0.8772686
1663079604119	9.104691	2.2815564	-0.8665009
1663079604160	9.192028	2.4358935	-0.7468598
1663079604171	9.253045	2.630011	-0.6236294
1663079604177	9.24826	2.7317061	-0.5733801
1663079604185	9.322437	2.7975087	-0.5925227
1663079604251	9.433703	2.8310082	-0.5051847
1663079604264	9.550952	2.795116	-0.41874397
1663079604272	9.835997	2.7843482	-0.5494519
1663079604279	9.8682995	2.780759	-0.5566304
1663079604288	9.353543	2.8058836	-0.20578274
1663079604299	9.006286	2.7568307	-0.05383851
1663079604312	9.311669	2.5618157	0.07328019
1663079604385	9.630214	2.2528424	-0.02632105
1663079604400	9.764212	1.9764715	-0.36370903
1663079604409	9.660124	2.032703	-0.91196454
1663079604419	9.64457	2.6192434	-1.4015958
1663079604428	9.849157	3.3936207	-1.1132607
1663079604438	9.926924	3.795914	-0.76241314
1663079604448	9.752248	3.3565319	-0.85094756
1663079604456	9.519845	2.693421	-1.1204392
1663079604527	9.29492	2.193022	-1.2711871
1663079604578	9.131011	1.6890336	-1.5343975
1663079604588	9.123833	1.2592229	-1.7213368
1663079604599	9.4229355	1.1503495	-2.102992
1663079604608	9.611072	1.3274183	-1.9247267
1663079604619	9.583255	1.6459628	-1.5774683
1663079604645	9.552148	1.6914265	-1.5164514
1663079604651	9.6015	1.6244274	-1.466202
1663079604655	9.475577	1.2819548	-1.21017
1663079604660	9.410972	0.95653087	-1.2364911
1663079604664	9.300901	0.85842514	-1.3716856
1663079604770	9.2075815	1.0103694	-1.46022
1663079604777	9.37149	1.4186447	-1.332204
1663079604784	9.759426	1.6974086	-0.85214394
1663079604794	9.892228	1.4150555	-0.6966105
1663079604803	9.807282	0.91226363	-0.88325065
1663079604814	9.548559	0.5303093	-1.1036894
1663079604847	9.426525	0.38793638	-1.2209377
1663079604858	9.4839525	0.41665024	-1.102493
1663079604867	9.624231	0.65712893	-1.0136595
1663079604874	9.782158	0.94337034	-0.74207413
1663079604893	9.932906	1.1455638	-0.5602196
1663079604908	10.007083	1.2329018	-0.4211368
1663079604918	10.077672	1.3357933	-0.32422748
1663079604969	10.053743	1.4533406	-0.1471586
1663079604978	10.00469	1.434198	-0.1160519
1663079604986	10.047761	1.3887345	-0.24047868
1663079605046	10.057333	1.3441681	-0.14596218
1663079605056	9.930513	1.3334004	0.06969096
1663079605064	9.761819	1.352543	0.1905285
1663079605070	9.713963	1.3106686	0.14147563
1663079605078	9.692428	1.015155	-0.16749759
1663079605087	9.617053	0.71694946	-0.90358967
1663079605157	9.41815	0.36161533	-1.0423734
1663079605166	9.345169	0.15672988	-1.0845468
1663079605173	9.139386	0.3065804	-2.1101704
1663079605181	9.26142	1.049851	-2.6081767
1663079605250	9.727123	2.1475582	-2.0659032
1663079605263	10.069297	3.1639097	-2.2277179
1663079605270	10.028619	3.696612	-2.461018
1663079605278	9.450453	3.7564325	-2.1978076
1663079605285	9.099904	3.592225	-1.7787645
1663079605293	9.052048	2.990131	-1.2556337
1663079605377	9.069994	2.012364	-0.8234301
1663079605390	9.257831	1.2831511	-0.95742816
1663079605397	9.406186	1.1922239	-1.0316057
1663079605405	9.353543	1.6100706	-0.51236314
1663079605412	9.119047	2.3545375	-0.041874398
1663079605421	8.901001	2.9398818	0.13908282
1663079605428	8.922537	2.9542387	-0.15194423
1663079605448	9.165708	2.6012974	-0.8856435
1663079605461	9.256635	2.2456641	-1.3441681
1663079605483	9.387043	2.132005	-1.3010973
1663079605589	9.497113	2.1020947	-0.8210373
1663079605599	9.700802	2.243271	-0.24885355
1663079605608	9.718748	2.2815564	0.25992036
1663079605621	9.505488	2.1487548	-0.23928227
1663079605631	9.400204	2.3150558	-0.7360921
1663079605648	9.739087	2.9410782	-1.1718849
1663079605659	9.654142	3.354139	-1.2400804
1663079605669	9.373882	3.649952	-0.8341978
1663079605676	8.705986	2.778366	-0.6332007
1663079605688	8.125427	1.183849	-2.068296
1663079605700	7.8200436	0.1268196	-3.3768709
1663079605777	7.9543405	0.04546363	-2.713461
1663079605789	8.507381	0.93978107	-2.1137598
1663079605795	9.430114	2.4323041	-1.6950158
1663079605805	10.484751	3.984947	0.13668999
1663079605814	11.092827	4.261617	1.428216
1663079605852	10.971989	2.5869403	0.28145576
1663079605864	10.410573	0.74207413	-1.0713863
1663079605874	9.746265	0.03589234	-1.4937196
1663079605885	9.262616	0.0	-1.3058829
1663079605897	9.148957	0.69900334	-1.0845468
1663079605906	9.345169	1.6663018	-0.7360921
1663079605915	9.553345	2.178665	0.16061822
1663079605984	9.75823	2.0410776	0.7256235
1663079605998	9.900602	1.5574285	0.78065836
1663079606007	9.940084	1.0139586	0.75194454
1663079606048	9.6122675	0.43698925	0.5482555
1663079606061	9.071191	0.23479572	-0.11006984
1663079606071	8.79811	0.24556342	-0.7432705
1663079606084	8.976375	0.30418757	-1.1180464
1663079606096	9.579665	0.42741793	-0.6128617
1663079606106	10.573285	0.24795625	0.35682967
1663079606163	11.708081	0.54346985	0.58534425
1663079606177	13.337295	1.8397815	0.4668995
1663079606188	14.746367	2.8166513	-0.9406784
1663079606195	14.49243	1.8852451	-0.10289137
1663079606205	12.929019	0.70378894	-0.81984085
1663079606249	11.29532	-1.0917253	-2.9578278
1663079606262	11.016256	-0.81266236	-4.0005
1663079606274	10.014262	0.05742774	-3.342175
1663079606285	8.869894	1.2149557	-4.1955156
1663079606298	9.192028	3.0080771	-3.4510484
1663079606398	9.335598	4.12732	-2.2289143
1663079606412	8.583952	3.5300117	-2.0431714
1663079606424	7.611868	2.3653052	-2.1221347
1663079606433	7.5927253	1.7536399	-1.3896317
1663079606445	7.3510504	1.4449657	-0.7540382
1663079606456	6.9320073	1.2759727	-1.4255241
1663079606466	6.8602223	1.7787645	-2.1281166
1663079606474	6.4088764	2.2492533	-2.5615165
1663079606483	5.9096737	2.3042881	-2.333002
1663079606497	6.480661	2.4804597	-1.6998014
1663079606602	7.6250286	2.3724837	-0.7600203
1663079606621	8.186444	2.2456641	0.08763713
1663079606630	9.115458	2.4828527	0.52193445
1663079606638	10.679766	2.9386854	1.9214365
1663079606647	12.166606	3.531208	3.1339993
1663079606653	12.474382	3.8294137	2.9353952
1663079606659	11.043774	3.8964126	3.3852458
1663079606666	10.051351	4.173083	3.3672996
1663079606671	11.0964155	4.3812585	2.5905297
1663079606685	15.198611	4.99412	2.2552354
1663079606752	8.715557	3.2656047	-7.062416
1663079606765	9.778569	1.5239289	-9.838389
1663079606775	13.77548	1.6040884	-5.0862436
1663079606784	11.912967	2.1511476	-5.982655
1663079606796	9.81805	1.9740787	-6.137291
1663079606806	9.824033	2.0590239	-4.2182474
1663079606850	10.3136635	2.0865414	-2.589034
1663079606862	10.603195	1.8984057	-1.5128621
1663079606872	10.476376	1.576571	-0.58654064
1663079606885	9.09153	0.7743772	-0.21535404
1663079606897	7.50778	-0.1902294	-0.70378894
1663079606907	6.620641	-0.79112697	-1.4961123
1663079607010	6.4938216	-0.69182485	-1.5427724
1663079607021	6.716354	-0.05503492	-1.6746768
1663079607032	7.0337024	0.73848486	-1.224527
1663079607042	7.4096746	1.3489537	-0.54346985
1663079607051	7.967501	1.9091734	-0.5697909
1663079607062	8.041678	1.4665012	-0.5769694
1663079607075	8.259425	1.2831511	-1.090529
1663079607085	8.691629	1.4653047	-1.2137593
1663079607097	9.196814	1.6459628	-1.3800604
1663079607108	10.156934	1.8804595	-1.0483555
1663079607161	11.176576	1.6878372	0.27188447
1663079607173	12.184552	0.7683952	1.8305093
1663079607183	12.623934	-1.1647065	2.5869403
1663079607208	11.930913	-1.8708882	1.3396816
1663079607220	11.24836	-0.19142582	-0.23808585
1663079607250	11.006685	2.9937203	-0.770788
1663079607262	12.47199	5.235795	-1.4913267
1663079607273	13.745569	2.8465617	2.1655045
1663079607283	11.889038	-1.7895322	-0.24765715
1663079607308	10.673783	-2.2456641	-10.148559
1663079607316	11.508281	-3.2620156	-10.95165
1663079607401	14.660226	-1.1826526	-6.769295
1663079607415	13.808979	2.0458634	-3.2916267
1663079607424	10.502697	3.8401814	-1.8038892
1663079607434	8.570791	4.6767716	0.59611195
1663079607444	6.363413	4.0531425	1.3193426
1663079607456	5.6727843	2.8058836	0.12233306
1663079607465	5.3255258	1.224527	-1.2604194
1663079607478	6.2087765	0.5673981	-3.3780673
1663079607489	6.1860447	0.71455663	-4.418048
1663079607621	5.522934	0.7372885	-3.650849
1663079607632	6.5739813	1.5622141	-2.1723838
1663079607642	7.8056865	2.4131618	0.25872394
1663079607651	8.203195	2.3940191	1.6495521
1663079607660	8.464012	1.899602	1.3097713
1663079607669	9.0951185	1.8708882	1.462912
1663079607680	10.826027	1.8206389	2.14038
1663079607692	12.564114	2.044667	2.1535404
1663079607703	11.84836	2.9398818	2.4876382
1663079607716	10.29811	4.888836	2.8803604
1663079607774	9.410972	6.2521462	2.6575286
1663079607786	8.9057865	5.445466	2.4206393
1663079607798	10.6510515	3.461816	0.6334998
1663079607811	16.297516	3.022434	1.0642079
1663079607820	11.404193	1.3130615	-6.430412
1663079607830	6.3957157	0.0	-10.757832
1663079607841	11.410174	1.89362	-4.36062
1663079607854	13.580465	3.5132618	-3.5252259
1663079607864	12.374782	3.2285159	-4.256532
1663079607882	11.064113	1.7907287	-3.8434713
1663079607897	10.627124	0.62961143	-4.3319063
1663079607909	10.239487	0.29102704	-4.7114677
1663079607972	9.752248	0.56859446	-3.203092
1663079607986	8.684451	0.9314062	-0.7576275
1663079607993	7.644171	0.8213364	0.37238303
1663079608016	6.5775704	0.19381863	-0.47856453
1663079608028	6.632605	-0.43818563	-0.9454641
1663079608050	7.2442703	-0.7289136	-0.6966105
1663079608060	7.4718876	-0.47168517	-0.78873414
1663079608069	7.7159557	0.47048876	-1.0399805
1663079608085	7.5963144	1.5191432	-0.7109674
1663079608097	8.178069	2.5007987	0.44775695
1663079608161	8.841181	2.9997022	1.881955
1663079608177	9.846765	2.4756742	3.045465
1663079608185	10.476376	1.434198	2.356033
1663079608191	10.872687	0.36400816	1.495215
1663079608203	11.060524	-1.3597214	0.7160522
1663079608214	10.299307	-1.2951152	-0.67148584
1663079608250	10.509875	1.7428722	-1.1575279
1663079608262	11.950055	4.942674	-0.6308079
1663079608283	13.79223	5.050351	2.3102703
1663079608297	12.712468	-0.97567344	2.248057
1663079608408	11.807384	-3.8389847	-9.343972
1663079608420	11.595618	-3.1483564	-15.210875
1663079608431	15.247963	1.2496517	-10.936097
1663079608442	15.974484	6.4462643	-2.4035904
1663079608453	14.091632	9.0544405	3.5949168
1663079608461	11.636296	6.0104713	5.1332026
1663079608472	8.19123	2.2576282	0.014356935
1663079608483	6.4387865	0.2730809	-2.5435705
1663079608494	5.2429733	-0.48125646	-2.9973094
1663079608502	4.6839504	-0.474078	-2.7927232
1663079608604	5.265705	-0.11006984	-2.361716
1663079608618	5.473881	0.7265208	-2.1317058
1663079608629	5.88096	1.4437693	-1.1491531
1663079608638	6.6505513	2.5055845	0.092422776
1663079608652	7.160522	2.6551359	1.7093726
1663079608663	7.400103	1.7500507	0.84406817
1663079608672	7.6980095	1.2795619	-0.3182454
1663079608681	8.569595	1.317847	-0.4968098
1663079608690	9.634999	2.2815564	-0.07537391
1663079608701	10.525429	3.065804	0.8895318
1663079608708	11.581262	3.7528431	0.92662054
1663079608750	10.939686	4.261617	0.35682967
1663079608764	10.031012	4.9115677	0.07686943
1663079608777	10.172487	4.9666023	1.2583256
1663079608785	10.462019	3.653541	2.1379871
1663079608825	10.525429	1.4306089	2.4254248
1663079608840	11.303694	0.29940194	1.7766708
1663079608849	13.856836	1.9405792	0.6454639
1663079608857	14.676976	4.6528435	-1.6013966
1663079608881	11.02822	5.654838	-2.597409
1663079608890	6.1393847	3.777968	-4.334299
1663079608914	7.5723863	1.8684953	-4.447061
1663079609020	10.264611	1.6950158	-5.718248
1663079609038	10.833205	2.3724837	-5.061119
1663079609048	10.69173	1.8541385	-3.2186456
1663079609055	10.809278	0.74207413	-2.8716862
1663079609061	10.615159	-0.20458634	-1.657927
1663079609069	10.005887	-0.46929234	-1.3106686
1663079609079	9.5868435	-0.061016977	-1.2269198
1663079609088	8.783752	0.6559325	-1.1312069
1663079609096	7.9184484	1.0450653	-1.1515459
1663079609106	7.5364943	1.2723835	-0.8557332
1663079609160	7.428817	0.84406817	-0.7791629
1663079609172	7.656135	0.44895336	-0.73369926
1663079609183	7.9483585	0.3472584	-0.6367899
1663079609195	8.006983	0.62961143	-0.622433
1663079609207	8.093124	1.1072787	-0.81266236
1663079609229	8.562417	1.6818552	0.12831512
1663079609255	9.45165	2.551048	1.6136597
1663079609264	10.319646	2.551048	3.7923248
1663079609287	11.169397	2.2875385	3.2476585
1663079609298	12.232409	1.7081763	1.2056835
1663079609409	13.354044	0.8009974	-1.3573287
1663079609421	13.782659	0.45613182	-2.0563319
1663079609430	13.093226	1.3274183	-2.524428
1663079609439	12.22523	1.1312069	-5.064708
1663079609448	12.605988	1.9286151	-7.1784678
1663079609458	11.559726	3.1316066	-5.258527
1663079609467	10.839188	4.2915273	-3.1480572
1663079609477	10.14826	3.9574296	-1.3334004
1663079609487	8.612666	2.2648067	-1.5367904
1663079609501	7.1856465	0.96490574	-2.489732
1663079609637	6.410073	0.5183452	-2.7266214
1663079609648	5.994619	0.9912268	-2.53041
1663079609659	5.764908	1.6292131	-1.8337995
1663079609670	6.2461643	2.4960132	-1.5523437
1663079609679	6.5943203	2.8932216	-0.39720857
1663079609689	6.741479	2.455036	-0.3290131
1663079609699	7.3136625	1.6280167	-0.73011
1663079609708	8.033304	1.6244274	-0.6667002
1663079609717	9.232706	2.5007987	0.13190435
1663079609729	10.913365	3.2572298	1.8125632
1663079609748	12.750753	3.4259238	2.9234312
1663079609760	12.93859	3.6248271	2.362015
1663079609768	11.765509	4.2125645	4.3561335
1663079609779	9.682856	4.6289153	4.0965123
1663079609789	8.138588	3.7313077	3.8006997
1663079609825	9.0436735	2.571387	4.0881376
1663079609838	11.58844	0.5829514	2.7568307
1663079609845	12.971192	-0.6667002	-7.32114
1663079609853	13.216456	1.570589	-13.807783
1663079609883	10.625927	5.000102	-9.1681
1663079609896	12.406187	6.7202425	-1.521237
1663079609913	11.96202	4.564309	0.6765706
1663079610040	10.278968	1.4066806	-2.8728826
1663079610056	8.789735	-0.28594232	-5.171189
1663079610066	8.476275	0.18185452	-6.11097
1663079610072	9.01466	1.2352947	-4.12732
1663079610080	9.595518	2.3282163	-1.0304092
1663079610090	9.327223	2.3222344	1.1216356
1663079610100	8.467601	0.9804591	0.44895336
1663079610108	7.450352	-0.8234301	-1.1048858
1663079610116	7.629814	-1.6220347	-1.7751753
1663079610160	8.062017	-1.1970096	-1.0411769
1663079610171	8.109874	-0.2009971	-0.689432
1663079610181	8.420941	1.1371889	-0.4642076
1663079610190	8.780164	2.5498517	-0.13160525
1663079610232	8.723932	2.9111679	-0.02871387
1663079610243	8.562417	2.0482562	0.21924238
1663079610252	8.570791	1.1276177	0.03589234
1663079610261	8.555239	0.6750751	-0.06819545
1663079610272	9.040084	0.6798607	-0.0849452
1663079610290	9.897014	0.9984053	0.033499517
1663079610314	10.588839	1.0091729	0.6789634
1663079610409	10.593624	1.1790633	-0.27876383
1663079610421	10.403395	1.4258232	-0.2644069
1663079610429	10.179666	2.9362924	0.07208378
1663079610436	10.278968	5.052744	1.015155
1663079610447	11.230414	5.4346986	2.3165514
1663079610457	13.765908	3.6224344	2.0458634
1663079610466	14.041083	-2.0036898	0.029910283
1663079610475	9.857532	-5.0850472	-8.282157
1663079610484	8.3348	-5.4107704	-12.400206
1663079610496	12.329318	-2.9075787	-6.6625156
1663079610638	13.739588	0.9637093	-1.332204
1663079610653	13.927424	3.775575	-0.18305093
1663079610666	11.94527	4.505685	0.9613165
1663079610678	10.307682	3.4546378	0.24795625
1663079610690	8.563613	1.6304095	-0.95742816
1663079610703	7.5053873	0.58654064	-2.0994027
1663079610715	7.0002027	0.20219351	-2.0072792
1663079610727	7.0636125	0.17347965	-0.8449655
1663079610742	7.648957	0.68464637	-0.74207413
1663079610754	7.1282187	1.061815	-0.5494519
1663079610789	6.7630143	1.5430715	-0.965803
1663079610798	6.75105	1.806282	-0.9287143
1663079610805	7.0085773	1.8349959	-1.2951152
1663079610811	7.603493	2.2564318	-1.8254246
1663079610819	8.056036	2.9303105	-1.1850454
1663079610846	8.989535	3.3146574	-0.12921242
1663079610861	10.33161	3.2883365	1.3013964
1663079610875	11.536994	3.470191	2.143969
1663079610887	12.0685005	3.807878	3.2488549
1663079610899	10.664212	3.0212376	5.3353963
1663079610907	9.177671	2.32702	4.3154554
1663079610913	8.806484	1.11685	2.4864419
1663079611039	11.085649	0.58654064	1.2499508
1663079611047	15.195022	1.2675978	-0.33020952
1663079611052	9.375079	1.0785648	-8.580363
1663079611056	12.017055	3.4606197	-7.6812596
1663079611062	13.536198	4.688736	-0.20697916
1663079611069	12.480365	3.8557346	-0.78634137
1663079611076	10.81167	1.7021942	-3.5826538
1663079611083	9.229117	-0.31585258	-4.1979084
1663079611088	8.499007	-0.8042875	-4.9917274
1663079611159	8.877073	0.325723	-4.8562336
1663079611169	9.639785	2.152344	-2.2671995
1663079611175	9.880263	3.633202	0.37477586
1663079611181	9.195618	3.4654055	1.2607185
1663079611248	8.181659	1.9657038	-0.19980069
1663079611261	7.6130643	0.34965122	-1.4638093
1663079611267	7.3977103	-0.3364907	-1.4446666
1663079611278	7.71117	-0.3687938	-1.2293127
1663079611287	7.7410803	-0.19980069	-0.77796644
1663079611295	7.770991	0.22372891	-0.7109674
1663079611304	8.095517	0.933799	-0.2428715
1663079611410	8.689237	1.50359	0.474078
1663079611422	8.88784	1.509572	0.5626124
1663079611433	8.788539	1.0163515	0.12352947
1663079611441	8.897412	0.44057846	-0.2883351
1663079611454	9.055637	0.19621146	-0.45104706
1663079611464	9.152547	0.17228323	-0.4127619
1663079611476	9.326026	0.3065804	-0.4223332
1663079611486	9.736694	0.72412795	-1.2735798
1663079611494	11.492727	1.8302102	-1.7668004
1663079611651	13.925032	2.8250263	0.7076773
1663079611669	15.931413	3.53719	1.3791631
1663079611685	15.966109	1.7261224	1.4389837
1663079611697	12.38555	-1.0091729	-0.27517462
1663079611706	8.863913	-2.1284158	-4.4542394
1663079611713	9.064013	-1.9522442	-6.262914
1663079611723	9.960423	-0.7959126	-5.302794
1663079611734	9.879067	1.3202399	-3.9801614
1663079611747	10.587642	3.8234315	-2.9626136
1663079611761	11.120344	4.827819	-1.7141583
1663079611769	10.744671	3.6690943	-0.45702913
1663079611779	8.617452	1.3911272	-0.5279165
1663079611787	7.363014	0.30538398	-1.4889339
1663079611796	6.8662047	0.10049855	-1.5391831
1663079611805	7.4419775	0.7157531	-1.5798612
1663079611813	7.2873416	1.1694921	-1.1539388
1663079611846	7.1485577	1.7021942	-1.1084751
1663079611855	6.727122	1.8361923	-1.7823538
1663079611868	6.873383	1.8397815	-1.8708882
1663079611880	7.6752777	2.6563323	-1.3010973
1663079611889	8.456834	3.4211383	-0.4139583
1663079611895	8.434102	2.984149	0.008374879
1663079611907	8.8136635	2.440679	0.14985052
1663079612051	10.2347	2.652743	1.4473586
1663079612069	12.049357	3.2715867	2.8791637
1663079612083	11.642279	2.3401806	4.7165527
1663079612098	10.530214	1.9980069	4.4578285
1663079612110	9.466006	2.2624137	3.1244283
1663079612121	9.050852	2.053042	1.8568304
1663079612133	12.827324	2.5366912	0.9696914
1663079612146	14.100006	1.9609182	-4.240979
1663079612158	9.579665	2.3605196	-11.727523
1663079612169	11.6135645	4.7416773	-4.7306104
1663079612180	14.031512	4.3800616	-0.58654064
1663079612191	12.245569	2.7269206	-3.7022948
1663079612203	10.714461	1.2221341	-4.453043
1663079612251	9.509077	-0.1591227	-4.1297126
1663079612267	9.176475	-0.23569304	-4.3522453
1663079612280	9.126225	0.79112697	-3.8207395
1663079612292	8.892626	1.9115661	-1.8780667
1663079612305	8.659326	2.5582266	0.13429718
1663079612316	8.310871	2.4251258	0.9182457
1663079612326	8.194819	1.6447664	0.01794617
1663079612410	7.9770727	0.5805586	-0.92273223
1663079612423	7.9914293	-0.11964113	-1.6483557
1663079612432	8.172088	-0.30508488	-1.6519449
1663079612445	8.303693	-0.076570325	-0.55304116
1663079612457	8.488239	0.36520454	0.17856438
1663079612465	8.795717	0.846461	0.36520454
1663079612473	8.59472	1.2496517	0.37716866
1663079612485	8.306086	1.5047864	-0.2739782
1663079612497	8.716754	1.4018949	-0.7193423
1663079612504	8.70479	0.93978107	-1.0387841
1663079612651	8.684451	0.8560323	-0.8449655
1663079612668	9.133404	1.1096715	-0.43788654
1663079612682	9.564112	1.1754742	0.20249261
1663079612694	9.937692	1.1826526	0.10917253
1663079612707	11.06531	1.3540385	-0.41994038
1663079612718	12.125928	1.3429717	-0.13758731
1663079612729	12.221641	1.4641083	1.3301103
1663079612740	12.684951	2.012364	0.718445
1663079612750	13.970495	1.1156535	0.12233306
1663079612763	12.32214	-2.0901306	0.15463616
1663079612776	9.633803	-1.8314066	-5.876174
1663079612788	10.288539	-0.8449655	-6.6074805
1663079612800	11.690135	0.08853444	-4.4554358
1663079612811	11.294123	1.5502499	-4.249354
1663079612823	10.864312	3.3577285	-3.1313076
1663079612857	10.688141	4.1261234	-1.474577
1663079612864	10.0681	3.3984063	-0.09451649
1663079612872	8.300103	2.0195422	0.12233306
1663079612879	7.2586274	1.0582259	-0.97537434
1663079612890	6.68764	0.17228323	-1.5260227
1663079612912	6.7031937	0.124426775	-2.062314
1663079612919	7.173682	0.7289136	-2.14367
1663079612972	7.696813	1.5538392	-1.2412767
1663079612988	7.5269227	1.8122641	-1.0339985
1663079613002	8.093124	1.8661026	-0.6451648
1663079613050	8.593523	1.9298115	-0.14596218
1663079613065	8.576774	1.873281	-0.30987054
1663079613078	8.408977	1.7703897	-0.67387867
1663079613089	8.306086	1.9537396	-1.0977074
1663079613102	8.635398	2.329413	-0.44865423
1663079613113	9.862318	2.658725	0.98524475
1663079613160	11.632708	3.0921252	2.3273191
1663079613173	11.822937	2.8956144	3.4393835
1663079613186	11.060524	2.652743	3.4860435
1663079613197	10.032208	2.4263222	2.5833511
1663079613251	9.292527	2.201397	1.0881361
1663079613266	9.855139	1.9537396	0.032303106
1663079613281	14.6180525	2.5809584	-0.4426722
1663079613296	13.931013	2.5331018	-4.5882373
1663079613304	6.6649084	1.7404794	-9.568001
1663079613311	10.164112	3.5443685	-5.0252266
1663079613410	13.563715	4.334598	0.7363912
1663079613422	11.49512	2.8345976	-1.8684953
1663079613432	9.41456	0.46091747	-4.7007003
1663079613443	8.528917	-0.5051847	-5.8917274
1663079613453	8.904591	-0.031106694	-5.7062836
1663079613464	9.631411	1.3094722	-4.1644087
1663079613475	9.783355	2.7185457	-1.8074784
1663079613488	9.251849	2.65035	-0.16869399
1663079613498	8.133802	1.4330016	-0.07058827
1663079613507	7.6477604	0.49082774	-0.24047868
1663079613518	7.9555373	0.36640096	-0.63918275
1663079613651	8.17448	0.44536412	-0.6451648
1663079613666	8.209176	0.6750751	-0.4223332
1663079613679	8.488239	1.5418751	-0.50039905
1663079613689	8.595916	1.9381863	-0.63559353
1663079613701	8.489435	2.0805593	-0.69900334
1663079613716	8.222337	1.765604	-0.8330014
1663079613727	8.532506	1.5634105	-0.70378894
1663079613735	9.293723	1.6160526	0.12472588
1663079613742	9.7247305	1.2424731	0.95772725
1663079613776	9.88505	0.45134616	0.6945168
1663079613787	10.305289	-0.3807579	0.28743783
1663079613798	11.049756	-0.5267201	-0.3062813
1663079613807	11.228022	0.58893347	-0.53988063
1663079613815	11.206486	2.7999015	1.0247263
1663079613825	11.340783	4.8804607	0.18095721
1663079613853	13.029817	4.778766	0.8536395
1663079613866	12.619148	-0.0059820567	2.1655045
1663079613875	10.479965	-4.159623	-6.3514485
1663079613882	9.21476	-3.9693937	-13.586447
1663079613891	11.29173	-1.5203397	-8.759825
1663079613922	13.733605	2.542673	-3.2880373
1663079613930	13.501203	5.796015	-1.1539388
1663079613972	12.995121	6.181558	0.86919284
1663079613984	11.105988	4.045964	1.3193426
1663079613996	8.573184	1.6495521	-0.23688944
1663079614049	6.9786673	-0.13160525	-1.7428722
1663079614062	6.562017	-0.5841478	-2.7349963
1663079614070	6.189634	-0.18065812	-2.94706
1663079614080	6.136992	0.66071814	-2.5734808
1663079614089	5.829514	1.4557334	-2.0336
1663079614100	6.069993	2.111666	-1.602593
1663079614159	6.930811	2.4705894	-0.61046886
1663079614170	8.003393	2.7616165	0.20727827
1663079614179	8.393424	2.4622145	0.28863424
1663079614186	8.555239	2.1954148	-0.0071784677
1663079614251	9.18126	1.9357935	0.37716866
1663079614264	10.308878	1.6806588	0.99960166
1663079614272	11.467603	2.4275186	0.69092757
1663079614283	11.296515	3.2787652	1.0546366
1663079614295	10.442876	4.1790648	1.6627127
1663079614306	9.763016	5.04078	2.4266212
1663079614411	9.664909	4.430311	3.4764721
1663079614421	9.839586	1.9381863	2.7675984
1663079614432	11.24836	-0.9314062	0.8596215
1663079614440	14.485251	-0.602094	-1.9833509
1663079614449	13.999208	2.0841484	-6.8662047
1663079614459	8.27139	4.278367	-9.101101
1663079614469	7.9013996	5.799604	-4.200301
1663079614480	11.2088785	5.0587263	0.5494519
1663079614491	11.657832	3.5790644	-2.6404798
1663079614504	9.867104	1.0103694	-3.9251266
1663079614514	9.267402	-0.6583253	-5.577071
1663079614526	8.574381	-1.1874382	-5.183153
1663079614538	9.452846	0.1471586	-3.9418762
1663079614651	9.7654085	1.9980069	-1.4638093
1663079614664	9.938888	3.313461	0.56380886
1663079614673	8.845966	3.2883365	1.2092727
1663079614683	7.824829	1.8481563	-0.7648059
1663079614696	7.511369	0.37836507	-2.0491536
1663079614706	7.6082788	-0.56500524	-2.7290142
1663079614714	7.827222	-0.71694946	-2.8788648
1663079614724	7.6106715	-0.5171488	-1.4183456
1663079614776	8.316854	0.68823564	-0.06819545
1663079614788	9.316455	1.8696918	1.0989038
1663079614798	9.367901	2.1798615	1.3133606
1663079614807	8.775378	1.7333009	0.2000998
1663079614818	8.3994055	1.2855439	-1.1228321
1663079614847	8.679665	1.3190435	-1.5714862
1663079614852	9.157332	1.3983058	-0.8772686
1663079614859	9.815658	0.92303133	0.3364907
1663079614865	10.930115	0.7492526	0.07328019
1663079614885	10.995917	1.1491531	-0.2847459
1663079614909	11.402996	2.4514468	-0.43669012
1663079614917	12.708879	4.1548376	-0.62123656
1663079614968	14.3823595	4.351348	0.3699902
1663079614978	13.369597	1.9393828	1.4581263
1663079614987	10.584053	-1.4195421	-3.950251
1663079615047	10.808081	-3.592225	-7.798807
1663079615057	11.015059	-3.2703903	-8.694022
1663079615064	11.080863	0.30059835	-5.6524453
1663079615071	11.472388	4.0423746	-2.725425
1663079615079	11.4018	5.9410796	-0.10049855
1663079615086	10.706087	5.113761	0.9768698
1663079615158	8.133802	1.8696918	0.0
1663079615167	6.2928243	-0.22971097	-1.6663018
1663079615174	5.684748	-1.0187442	-2.6021945
1663079615181	6.049654	-0.61884373	-2.2468605
1663079615248	6.6134624	0.44895336	-1.8014964
1663079615259	7.0612197	1.7380866	-1.8577276
1663079615268	7.0875406	2.7317061	-1.6435701
1663079615274	7.338787	2.9195428	-1.0989038
1663079615281	8.218747	2.926721	-0.9418748
1663079615288	8.506186	2.6144578	-0.7073782
1663079615408	8.817252	2.4251258	-0.28115666
1663079615419	9.370294	2.539084	0.33888352
1663079615425	10.436894	2.396412	1.9585253
1663079615440	11.62194	2.6563323	2.3368905
1663079615454	11.574083	2.7269206	2.606083
1663079615464	10.481161	2.9973094	2.9952157
1663079615470	9.476774	3.6774693	2.5689943
1663079615480	9.886246	3.0355947	2.2444677
1663079615484	14.974882	2.9004002	2.2205393
1663079615490	11.611172	0.80817586	-5.1029935
1663079615496	9.329616	0.74207413	-10.520643
1663079615642	12.276675	2.6898317	-4.581059
1663079615659	12.623934	3.609274	-2.6129622
1663079615670	10.839188	2.577369	-4.08066
1663079615683	9.780962	1.1503495	-4.179962
1663079615691	9.12503	0.27786654	-4.1368914
1663079615702	8.850752	0.44536412	-3.9909291
1663079615712	8.983554	1.5634105	-3.225824
1663079615723	9.03141	2.4741786	-1.2903296
1663079615733	8.8136635	2.6982067	0.44536412
1663079615742	7.9483585	1.942972	-0.25603202
1663079615778	7.7590265	0.9349955	-1.6710875
1663079615787	7.3522468	-0.18424734	-2.32702
1663079615796	6.9858456	-0.7612167	-2.650051
1663079615807	7.619046	-0.4884349	-2.361716
1663079615815	8.212766	0.22612174	-1.1623136
1663079615849	8.722735	1.0378869	-0.1268196
1663079615862	8.939286	1.6806588	0.3699902
1663079615872	8.886644	1.7919251	0.38315073
1663079615881	8.78136	1.5047864	-0.5279165
1663079615896	9.175279	1.0366904	-1.2149557
1663079615905	9.367901	0.5769694	-1.4099708
1663079615914	9.812068	0.71216387	-1.0411769
1663079615972	11.602797	1.0630114	0.49082774
1663079615983	12.690933	1.3851452	2.0578275
1663079615992	12.523436	1.7883358	0.846461
1663079616050	12.5246315	2.0027926	-1.198206
1663079616062	12.6370945	1.6674982	-1.3501502
1663079616071	10.93849	0.19860429	-1.1180464
1663079616080	10.257433	-0.76719874	-5.0754757
1663079616091	10.459626	-0.47168517	-7.4096746
1663079616102	10.418948	0.8225328	-4.5690947
1663079616162	10.810473	2.630011	-2.0527427
1663079616178	12.024233	3.868895	-1.7572291
1663079616188	11.413764	2.687439	-1.9271195
1663079616198	8.810074	0.97926265	-3.1396823
1663079616249	7.0025954	0.8117651	-3.8952162
1663079616262	6.6481586	1.462912	-3.3146574
1663079616272	7.318448	2.6012974	-2.5866413
1663079616281	7.5999036	3.1052856	-1.8230318
1663079616292	7.598707	2.5701907	-1.0483555
1663079616302	7.2909307	1.6591234	-1.1587243
1663079616313	7.0636125	1.0175478	-1.9462621
1663079616410	7.004988	0.8644072	-1.2340983
1663079616423	7.489834	1.8816559	-0.19860429
1663079616434	8.126624	2.7065816	0.5303093
1663079616444	8.842377	2.8633113	0.7435696
1663079616457	10.349556	2.7939196	1.1359925
1663079616466	11.551352	3.19382	1.814956
1663079616474	11.213664	3.1052856	3.2237303
1663079616486	10.393824	3.1794631	2.7927232
1663079616496	9.789336	2.8992038	1.3420744
1663079616504	11.830115	3.251248	0.9242278
1663079616532	16.498812	3.5826538	1.3695918
1663079616540	7.581958	0.20817557	-8.258229
1663079616654	10.47518	0.8213364	-9.090333
1663079616668	12.717254	2.524727	-2.876472
1663079616674	12.009876	3.35055	-3.5850465
1663079616682	10.551749	2.193022	-4.2744784
1663079616694	9.996316	1.3130615	-2.7194428
1663079616703	9.035298	0.66071814	-2.3234308
1663079616713	8.7418785	0.42622152	-2.975774
1663079616722	8.972786	1.0606186	-2.9207392
1663079616729	9.306884	1.9872392	-1.3740784
1663079616776	8.787342	2.2564318	-0.02871387
1663079616789	7.8032937	1.7285153	-0.44147578
1663079616797	7.605886	0.8021938	-1.8098712
1663079616807	6.960721	-0.1902294	-2.0192432
1663079616851	7.430013	-0.48125646	-2.3641088
1663079616862	7.6884384	-0.086141616	-1.9689939
1663079616872	7.548458	0.4645067	-0.6726823
1663079616883	7.9854474	1.2125629	0.17736799
1663079616897	8.603095	1.8828523	0.3173481
1663079616915	8.698808	1.5669997	0.116351
1663079617048	8.918947	0.9445667	-1.0124631
1663079617059	9.419347	0.5063811	-1.1192428
1663079617069	10.34836	0.37716866	-0.06699903
1663079617077	11.526227	0.453739	0.79740816
1663079617087	11.936894	0.32452658	0.6753742
1663079617098	11.271092	0.30179477	0.25872394
1663079617107	10.709676	0.9816555	-0.6128617
1663079617114	11.812169	2.8226335	-2.070689
1663079617126	13.165011	3.7480576	-2.271985
1663079617137	13.806586	2.4768705	1.8029919
1663079617146	9.567701	-0.18305093	-0.45224348
1663079617178	10.824831	-2.4502504	-6.087939
1663079617186	11.420942	-4.1644087	-9.547662
1663079617192	11.891431	-1.4700904	-8.380562
1663079617251	12.844073	2.3401806	-3.9011981
1663079617263	11.49153	4.386044	0.8344969
1663079617273	9.5760765	4.426722	2.1068804
1663079617284	7.4180493	2.7412775	0.7435696
1663079617298	6.4363937	1.0737791	-1.2640085
1663079617309	6.198009	-0.019142581	-3.0056844
1663079617319	6.4866433	0.101694964	-3.9119658
1663079617410	6.6338015	1.0283155	-2.94706
1663079617423	6.629016	1.751247	-1.5894325
1663079617431	7.3304124	2.14038	-0.78634137
1663079617443	8.042875	2.2779672	-0.5769694
1663079617456	8.154141	2.1750758	-0.8676973
1663079617466	8.249854	2.0063818	-0.6547361
1663079617478	8.528917	1.8984057	-0.520738
1663079617491	9.792926	2.0985055	0.6646065
1663079617503	11.115559	2.882454	2.1044874
1663079617512	11.140683	3.5587256	2.7065816
1663079617526	9.979566	4.020839	3.1830523
1663079617652	9.049655	4.8026943	1.7611175
1663079617666	9.538987	4.4410787	0.31615168
1663079617673	14.201701	4.7727838	1.1670992
1663079617683	18.531216	4.253242	2.9114668
1663079617697	3.077469	-2.070988	-10.082756
1663079617707	8.637791	-2.400001	-10.083953
1663079617715	13.263117	0.7600203	-3.5934215
1663079617724	12.890734	3.0514472	-2.768795
1663079617735	10.770992	2.8800611	-4.979464
1663079617749	9.841979	2.6814568	-5.8594246
1663079617760	10.622338	2.894418	-4.9929237
1663079617768	11.066505	2.571387	-2.6213372
1663079617777	10.800902	2.0398812	-1.2077773
1663079617787	9.288938	0.4142574	0.1486541
1663079617849	8.543274	-0.81864446	-0.34217364
1663079617862	7.6477604	-1.4605191	-0.8461619
1663079617871	7.361818	-1.5873387	-1.4027922
1663079617880	7.3435726	-1.1563315	-1.7548363
1663079617895	7.172486	-0.22492532	-1.4003994
1663079617908	6.9595246	0.90029955	-0.9299107
1663079617918	6.9882383	1.873281	-1.6447664
1663079618052	7.5053873	3.0717862	-1.9103698
1663079618068	9.164511	3.9813578	-0.20338993
1663079618083	10.293324	3.6547375	2.522334
1663079618098	9.930513	2.2325034	1.9322042
1663079618109	9.863514	0.948156	0.9457632
1663079618123	10.456037	0.5733801	1.1216356
1663079618136	11.0042925	1.8254246	-0.62961143
1663079618148	13.602	2.768795	-0.09571291
1663079618160	13.217653	0.94337034	0.29222345
1663079618171	12.7687	0.36520454	-7.528119
1663079618183	11.631511	0.56859446	-10.036097
1663079618195	10.766207	1.6471593	-5.708677
1663079618206	10.066904	3.6391842	-2.3940191
1663079618246	10.121939	4.278367	-1.3417753
1663079618254	11.29173	3.0670004	-0.38285163
1663079618262	10.93849	0.7253244	-1.6555341
1663079618269	8.975179	-1.346561	-3.8446677
1663079618277	7.394121	-1.1599208	-4.9256253
1663079618284	6.984649	0.71336025	-3.211467
1663079618324	7.1856465	2.577369	-0.91555375
1663079618336	7.707581	3.9909291	-0.50159544
1663079618406	7.8140616	3.9203408	-1.000499
1663079618417	7.4826555	3.2321053	-1.8397815
1663079618428	7.4730844	2.5486553	-2.359323
1663079618440	7.5364943	2.1954148	-2.2085752
1663079618446	7.891828	2.3150558	-1.7440686
1663079618454	8.259425	2.530709	-0.90478605
1663079618461	8.606684	2.670689	-0.62721866
1663079618485	9.105886	2.955435	-0.7576275
1663079618528	9.807282	3.5706897	-0.74207413
1663079618539	10.287343	3.6918263	-0.06460621
1663079618652	10.087243	3.5910287	0.19890338
1663079618666	9.643374	3.3230324	0.77706915
1663079618675	9.706784	3.1603205	1.1443675
1663079618684	9.797711	3.0705895	1.3743775
1663079618695	9.791729	2.8334012	1.0438689
1663079618706	10.745868	2.455036	0.5422734
1663079618717	13.155439	2.3629124	0.5554339
1663079618728	13.43181	1.5681962	-0.52911294
1663079618737	7.6836524	-0.8353942	-5.1125646
1663079618745	8.426923	-0.8979067	-5.981458
1663079618754	10.399805	1.2771691	-1.8337995
1663079618764	10.642677	3.3445678	-0.86291164
1663079618777	9.88146	3.118446	-2.7963123
1663079618788	9.596714	2.1391835	-4.4060836
1663079618851	9.602696	1.6399808	-4.727021
1663079618865	10.009477	1.7775681	-3.4749768
1663079618875	10.053743	1.7679968	-1.5942181
1663079618885	9.757033	1.2855439	-0.86530447
1663079618897	9.1465645	0.32452658	-1.3154542
1663079618906	8.692825	-0.6056832	-2.2552354
1663079618918	8.686844	-0.8461619	-2.4789643
1663079619051	8.569595	-0.3699902	-2.3078775
1663079619068	8.749057	0.36759737	-1.6854445
1663079619084	9.165708	1.0785648	-0.8138588
1663079619099	9.219545	1.495215	-0.44745782
1663079619110	9.171689	1.7153547	-0.30388847
1663079619121	8.759825	1.8637097	-0.53389853
1663079619133	9.084352	1.9127626	-0.8282157
1663079619145	9.590433	1.6304095	-0.8964112
1663079619157	9.672089	1.346561	-1.0292128
1663079619169	10.159327	1.7991035	-1.1742777
1663079619180	10.624731	2.8345976	-0.4211368
1663079619191	10.59841	3.712165	0.9804591
1663079619204	10.661819	3.972983	0.74476606
1663079619250	10.786546	2.8286154	0.27068806
1663079619266	10.089636	0.6415756	-2.268396
1663079619279	9.61466	-1.346561	-5.323133
1663079619294	9.879067	-3.022434	-4.671986
1663079619307	10.570892	-1.9522442	-1.8326031
1663079619320	10.749456	1.049851	-0.038285162
1663079619333	10.5589285	3.4163525	0.69092757
1663079619346	9.596714	4.2508492	-0.14596218
1663079619407	8.898608	4.4805603	-1.8266209
1663079619420	8.380263	3.9897327	-2.8334012
1663079619430	7.9627156	2.8525436	-3.0882368
1663079619438	7.5089765	1.4736797	-2.5124638
1663079619450	7.6980095	0.67028946	-1.901995
1663079619460	7.963912	0.927817	-1.0268201
1663079619471	8.530113	1.9992033	0.27786654
1663079619488	8.659326	2.6455646	1.7611175
1663079619499	8.962018	2.5881367	1.5849459
1663079619528	10.261022	2.8549366	1.5729818
1663079619648	11.249557	2.691028	2.5067809
1663079619661	10.072886	2.3030918	2.638386
1663079619669	8.875876	2.2085752	1.11685
1663079619677	11.484352	1.7584256	-0.5949155
1663079619687	12.977175	1.9609182	-3.5383866
1663079619695	12.113964	2.0757737	-5.9491553
1663079619703	11.084452	1.0426725	-5.833103
1663079619712	10.462019	-0.029910283	-5.684748
1663079619721	9.663713	-0.38554356	-4.9806604
1663079619731	9.355937	0.5159524	-2.7266214
1663079619746	9.613464	1.8050855	-0.7085746
1663079619775	9.715159	2.3102703	-0.25603202
1663079619783	9.32483	1.7356937	-1.0375878
1663079619795	9.116654	1.0857433	-2.3724837
1663079619850	8.793324	0.29820552	-2.778366
1663079619863	8.660522	-0.1591227	-2.361716
1663079619871	8.79811	-0.21415763	-1.7955143
1663079619878	8.920144	-0.03589234	-1.2795619
1663079619888	9.225528	0.38913277	-0.7743772
1663079619894	9.663713	0.88354975	-0.43070808
1663079619913	9.675677	0.9625129	-0.30149564
1663079619940	9.755837	1.1060823	-0.80907315
1663079620051	9.440882	1.434198	-1.250848
1663079620064	9.343972	1.899602	-1.006481
1663079620072	9.772587	2.2121646	0.20727827
1663079620082	10.050154	1.9716859	0.7196414
1663079620097	9.734302	1.352543	0.5135596
1663079620107	9.61466	0.7325028	0.30538398
1663079620114	9.731909	0.48364928	-0.09332009
1663079620142	10.029816	0.2335993	-0.59970117
1663079620158	10.468	0.08255238	-1.7297117
1663079620169	10.780563	0.2635096	-2.949453
1663079620179	9.956834	1.3719847	-2.1329024
1663079620189	9.751051	2.8453653	-1.7440686
1663079620251	10.810473	2.975774	-1.2137593
1663079620263	10.854741	1.7620147	-1.3405789
1663079620272	9.517452	0.49920264	-2.1822543
1663079620285	8.327621	0.22731815	-2.3688943
1663079620298	7.5927253	0.3819543	-2.1723838
1663079620307	7.0815587	0.48006004	-2.510071
1663079620315	7.6250286	0.70977104	-2.7771697
1663079620342	10.0011015	1.3142579	-1.7751753
1663079620351	11.964413	1.4150555	-0.5386842
1663079620409	11.232807	0.8859426	-0.1363909
1663079620423	10.083653	0.9804591	0.1582254
1663079620435	9.527023	1.5358931	0.5135596
1663079620444	9.104691	1.7931215	-0.1363909
1663079620455	8.568398	1.7021942	-1.3549358
1663079620465	8.499007	1.8349959	-2.8405795
1663079620477	8.929715	2.2564318	-3.9251266
1663079620485	9.255438	2.4227328	-3.5623147
1663079620536	9.937692	2.8082764	-2.5866413
1663079620548	10.115957	2.5785656	-1.6013966
1663079620651	10.209576	1.9549361	-1.0112667
1663079620667	10.593624	2.6216364	-0.25722843
1663079620679	9.772587	1.8553349	-0.31345975
1663079620687	9.038888	0.87278205	-3.1827533
1663079620694	8.67129	0.7109674	-3.1372895
1663079620703	9.090333	1.4006985	-0.87248296
1663079620713	9.763016	1.483251	-0.62961143
1663079620725	10.017851	1.0067801	-1.3334004
1663079620748	9.972387	0.6750751	-1.4231312
1663079620762	9.757033	0.6332007	-1.2532408
1663079620772	9.623035	0.7289136	-1.3621143
1663079620784	9.624231	0.8895318	-1.3022938
1663079620797	9.522238	0.8668	-1.2257234
1663079620850	9.433703	0.7073782	-1.3441681
1663079620863	9.454042	0.70259255	-1.5403795
1663079620873	9.627821	0.8141579	-1.527219
1663079620884	9.790533	0.8488538	-1.3142579
1663079620897	9.814461	1.0223335	-1.1491531
1663079620904	9.807282	1.3959129	-1.0941181
1663079620912	9.673285	1.224527	-2.079064
1663079620940	9.399008	-0.069391854	-2.7939196
