Timestamp 	 X 	 Y 	 Z 
1663079594913	-0.12239852	0.07895201	-0.004046863
1663079595118	-0.106974624	0.07742489	-0.022295926
1663079595313	-0.026648212	-0.024586603	-0.03413109
1663079595517	0.028557109	-0.07330167	-0.00671932
1663079595685	0.069178455	-0.04886778	0.0038941512
1663079595886	0.0555871	-0.02367033	-0.017638214
1663079596126	0.026190076	0.11399937	-0.00335966
1663079596335	-0.005421269	-0.12957597	0.009315421
1663079596502	0.03077143	-0.12804885	0.006566608
1663079596703	0.051692948	-0.036269058	0.014507622
1663079596969	0.092848785	-0.025502874	0.033520244
1663079597209	0.08131904	0.020845164	0.07521057
1663079597365	0.13652436	0.054059982	0.08689302
1663079597526	0.2850366	-0.05581617	0.13728791
1663079597698	0.038712446	-0.20806985	0.017561859
1663079597921	-0.30664533	0.0904054	-0.10949437
1663079598113	0.016492875	0.33711132	-0.22043951
1663079598301	0.013133216	0.020845164	-0.09872819
1663079598514	0.20081604	-0.12781979	0.047111593
1663079598713	0.13912046	0.10208785	0.13354649
1663079598914	0.049325917	-0.08246438	0.07124006
1663079599114	-0.0782648	9.926268E-4	-0.13614258
1663079599331	0.1414875	0.11002886	-0.14041851
1663079599550	0.08406785	0.060550235	-0.049784053
1663079599715	0.1485886	0.11644276	-0.01305686
1663079599928	0.21112408	-0.0077119465	-0.028480753
1663079600121	0.12186403	0.03642177	-0.033443887
1663079600347	0.13583715	0.07345438	-0.018019995
1663079600529	0.060702946	0.027640838	0.0022143214
1663079600759	7.635591E-4	-0.013209572	0.01305686
1663079600936	-0.040621344	-0.046577103	0.024968382
1663079601142	-0.003436016	-0.030924143	0.028480753
1663079601341	0.011911522	0.0038941512	0.031229567
1663079601535	0.010918895	0.012140589	0.026724568
1663079601763	0.031076854	0.009544488	0.017561859
1663079601956	0.03115321	0.006413896	0.010384403
1663079602178	0.01885991	-0.0029015245	0.011987877
1663079602360	-0.006872032	-0.0045813546	0.013973131
1663079602555	-0.028098974	-0.014431266	0.008093726
1663079602748	-0.016951011	-0.016111096	-5.344914E-4
1663079602960	-0.012140589	-0.009544488	-0.0013744063
1663079603195	-0.016721943	-0.019852536	-0.0031305922
1663079603402	-0.027946262	-0.031611346	-0.0069483877
1663079603577	-0.06864396	-0.05283829	-0.015882028
1663079603823	-0.121176824	-0.014583978	-0.030542362
1663079603986	-0.2053974	-0.042301174	-0.10712734
1663079604193	-0.12766708	-0.14583978	0.008551862
1663079604468	0.122322164	-6.8720314E-4	0.08452599
1663079604628	0.055281676	0.16355436	0.0981937
1663079604822	-0.07116371	0.004123219	0.17798562
1663079604994	-0.100866154	-0.2275406	0.021532366
1663079605188	-0.24426255	0.2138729	-0.0839915
1663079605435	-0.05932854	-0.13064496	-0.12407835
1663079605579	0.16141638	-0.059175827	0.11751174
1663079605824	0.18913358	-0.21585815	-0.007406523
1663079606015	-0.47218493	-0.507385	0.3974325
1663079606215	-0.5539621	-0.18447587	0.175924
1663079606509	0.41545248	0.7708892	-0.57106584
1663079606677	0.31840414	-0.19913621	-0.184934
1663079606816	-0.15454435	0.5449521	0.14790139
1663079606997	-0.26266432	-0.74080503	0.5083776
1663079607231	-0.67865133	-0.27556846	0.11002886
1663079607495	0.28465483	0.8074637	-0.17829104
1663079607604	0.58458084	-0.12965234	-0.36429402
1663079607871	0.21058959	0.8440382	-0.1596602
1663079608037	-0.31473905	-0.73110783	0.4315636
1663079608225	-0.3671192	-0.49829865	0.1543153
1663079608510	-0.27052897	0.931313	-0.048486
1663079608716	0.3702498	-0.24693501	-0.29740626
1663079608870	0.5931327	-0.26541314	-0.08689302
1663079609115	-0.24907297	0.40079215	-0.044057358
1663079609242	0.20272493	-0.7454627	0.6057314
1663079609513	-0.36650836	0.9884272	-0.08215895
1663079609623	0.23937577	-0.35841462	-0.41087115
1663079609862	0.28602922	0.34680852	0.05650337
1663079610124	-0.7030852	-0.29229042	0.22723518
1663079610282	-0.29832253	-0.5250996	0.22036316
1663079610505	-0.31557897	0.4359159	0.108425386
1663079610766	0.5029564	0.24472068	-0.32634515
1663079610923	0.43820655	-0.47600272	-0.14324369
1663079611093	0.14255647	0.7739435	-0.07933379
1663079611315	-0.40499175	-0.5382328	0.3792598
1663079611505	-0.167983	-0.6356629	0.0458899
1663079611825	-0.23945212	0.65688986	0.10560022
1663079611915	0.62604207	0.08108997	-0.40224293
1663079612215	0.6515449	0.15003936	-0.07505786
1663079612336	-0.31970218	0.11346488	0.17134266
1663079612511	-0.31336465	-0.489365	0.14881766
1663079612833	-0.6696413	-0.31252474	0.15813309
1663079612898	0.4097258	0.6253549	-0.22036316
1663079613127	0.47844613	-0.20295401	-0.17852011
1663079613317	0.45141613	0.40873316	-0.11247225
1663079613525	-0.18424681	-0.43011284	0.26915458
1663079613766	-0.37689275	-0.4627168	0.17859647
1663079613900	-0.5834355	0.76226103	0.21616358
1663079614113	0.41736138	0.046042614	-0.4497363
1663079614326	0.29710084	-0.5370111	0.05276193
1663079614547	0.14645062	0.70071816	-0.15882029
1663079614745	-0.44103172	-0.66261655	0.4300365
1663079614895	-0.47256672	-0.5094466	0.1279725
1663079615101	-0.26724568	0.72026527	-0.012369657
1663079615304	0.48493636	-0.06306998	-0.34512872
1663079615511	0.57885414	0.44148985	-0.07574506
1663079615765	-0.22066857	-0.25052375	0.25113457
1663079615935	-0.2443389	-0.62207156	0.11071607
1663079616121	-0.33718768	0.3970507	0.122627586
1663079616337	0.55785626	0.03787253	-0.3203894
1663079616522	0.3421508	0.1281252	-0.09483404
1663079616745	-0.20898612	0.050318543	0.22051586
1663079616924	-0.3103104	-0.51227176	0.2073063
1663079617167	-0.4422534	0.14171657	0.103996746
1663079617339	0.5202891	0.44866732	-0.46363306
1663079617544	0.5088358	-0.32138202	-0.10315683
1663079617808	-0.17248799	0.7660025	-0.20234315
1663079617933	0.11323581	-0.78127366	0.5047125
1663079618229	-0.30588177	0.40231928	0.05581617
1663079618348	0.3897969	0.058794048	-0.25395975
1663079618546	0.14530529	-0.2902288	-0.0132859275
1663079618806	0.070858285	0.36879903	0.008246438
1663079618937	-0.17691664	-0.08483142	0.1958529
1663079619230	-0.25533417	-0.41675055	0.120413266
1663079619369	-0.2540361	0.5789305	-0.08544226
1663079619540	0.26052636	-0.43912283	-0.082006246
1663079619767	0.051998373	0.45813546	0.08154811
1663079619953	0.1260636	-0.38712445	0.14370182
1663079620198	0.091168955	0.13744064	-0.11193776
1663079620362	0.22257747	0.33443886	-0.14919944
1663079620557	0.8706864	-0.12423106	0.07887565
1663079620811	0.5562528	-0.030924143	0.022906773
1663079620951	0.26671118	0.0432938	0.0
