Timestamp 	 X 	 Y 	 Z 
1663667050392	9.339187	0.4214359	4.4554358
1663667050396	9.059227	1.5358931	-2.1628125
1663667050399	8.851949	2.0410776	-8.525328
1663667050404	7.83799	1.779961	-10.536197
1663667050408	7.9794655	1.8349959	-7.798807
1663667050411	9.084352	2.524727	-3.5970106
1663667050443	9.611072	2.9650064	-1.230509
1663667050483	9.133404	3.045465	-1.7632111
1663667050489	8.538488	2.9219356	-3.6951163
1663667050503	8.240283	2.7711878	-4.510471
1663667050515	8.201998	2.600101	-4.4243293
1663667050595	8.410173	2.4059832	-3.9813578
1663667050600	8.627023	2.0781665	-3.6412778
1663667050604	8.761021	1.8661026	-3.7441692
1663667050607	8.801699	1.8373886	-3.984947
1663667050612	8.731111	1.989632	-4.1572304
1663667050615	8.59113	2.248057	-4.148855
1663667050652	8.449655	2.4430718	-3.9813578
1663667050665	8.386245	2.4888346	-3.8339
1663667050710	8.469994	2.4335005	-3.7932222
1663667050722	8.5779705	2.3868406	-3.78724
1663667050731	8.633005	2.2959132	-3.8796628
1663667050813	8.638987	2.1978076	-3.9861434
1663667050825	8.694022	2.184647	-3.9370906
1663667050837	8.725129	2.2145574	-3.7692938
1663667050846	8.662915	2.1942184	-3.734598
1663667050857	8.646166	2.2025933	-3.8087754
1663667050868	8.691629	2.2408783	-3.8063827
1663667050909	8.767003	2.3174486	-3.7118661
1663667050922	8.763413	2.3569303	-3.699902
1663667050933	8.65813	2.306681	-3.8374894
1663667051014	8.603095	2.2624137	-3.9861434
1663667051030	8.546864	2.2097716	-3.996911
1663667051040	8.586345	2.2037897	-3.8808591
1663667051052	8.692825	2.2217357	-3.7118661
1663667051062	8.82802	2.2731814	-3.610171
1663667051073	8.875876	2.2061825	-3.6029928
1663667051082	8.838788	2.0901306	-3.7441692
1663667051095	8.7418785	2.0458634	-3.8880377
1663667051104	8.679665	2.0662024	-3.8578284
1663667051115	8.793324	2.1343977	-3.679563
1663667051125	8.901001	2.210968	-3.589832
1663667051157	8.898608	2.2025933	-3.6161532
1663667051169	8.869894	2.1008983	-3.5946178
1663667051181	8.850752	2.053042	-3.6496527
1663667051213	8.889037	2.0673988	-3.6640096
1663667051227	9.007482	2.1092732	-3.606582
1663667051240	9.069994	2.1164517	-3.539583
1663667051250	9.012267	2.1260228	-3.539583
1663667051304	8.92493	2.1559331	-3.6460636
1663667051317	8.835198	2.172683	-3.6891344
1663667051330	8.759825	2.1176481	-3.7034912
1663667051409	8.726325	2.0434706	-3.7429729
1663667051422	8.715557	2.0374885	-3.8087754
1663667051434	8.733503	2.099702	-3.8135612
1663667051446	8.811271	2.1499512	-3.7190447
1663667051457	8.878269	2.193022	-3.6029928
1663667051468	8.837591	2.210968	-3.6113675
1663667051477	8.774181	2.1954148	-3.6903307
1663667051491	8.715557	2.1284158	-3.7633119
1663667051511	8.683254	2.07697	-3.7621155
1663667051519	8.62822	2.0482562	-3.7824545
1663667051524	8.570791	2.0458634	-3.8027935
1663667051613	8.571988	2.0865414	-3.8602211
1663667051631	8.586345	2.143969	-3.8530426
1663667051643	8.673683	2.1906292	-3.775276
1663667051654	8.801699	2.2265215	-3.6640096
1663667051664	8.82443	2.1966112	-3.6209388
1663667051677	8.733503	2.082952	-3.6544385
1663667051687	8.652147	2.0147567	-3.6652062
1663667051699	8.700004	2.0470598	-3.5934215
1663667051712	8.782557	2.0614166	-3.4917264
1663667051724	8.845966	2.1080768	-3.4869409
1663667051735	8.826823	2.1080768	-3.5886357
1663667051814	8.829216	2.0985055	-3.7322052
1663667051828	8.837591	2.0949163	-3.8171504
1663667051840	8.823235	2.160719	-3.8748772
1663667051851	8.817252	2.2636101	-3.9430726
1663667051863	8.886644	2.3581266	-3.8796628
1663667051875	8.877073	2.3581266	-3.6245282
1663667051910	8.944072	2.2073789	-3.5359936
1663667051924	8.964411	2.1092732	-3.7046876
1663667051933	8.807681	1.9968106	-3.726223
1663667051943	8.617452	1.9884356	-3.612564
1663667051955	8.404191	2.0578275	-3.522833
1663667052010	8.278568	2.0578275	-3.4402807
1663667052019	8.502596	2.1379871	-3.3960135
1663667052030	8.979964	2.2612174	-3.3206396
1663667052041	9.329616	2.3174486	-3.2581272
1663667052054	9.424132	2.1966112	-3.1959138
1663667052066	9.343972	2.0542383	-3.2377882
1663667052123	9.152547	1.9381863	-3.3385859
1663667052136	8.862716	1.9477576	-3.484548
1663667052147	8.7622175	2.0805593	-3.5850465
1663667052157	8.871091	2.2181466	-3.5946178
1663667052170	8.966804	2.243271	-3.5539398
1663667052180	8.983554	2.160719	-3.565904
1663667052211	8.89143	2.0590239	-3.7621155
1663667052225	8.713164	1.9860427	-3.9538403
1663667052233	8.558827	2.0638096	-4.1428733
1663667052246	8.513364	2.201397	-4.1835513
1663667052323	8.49781	2.193022	-3.775276
1663667052334	8.599505	2.1296122	-3.5814574
1663667052346	8.710772	2.0602202	-3.5910287
1663667052359	8.725129	2.0386848	-3.7740796
1663667052410	8.690433	2.085345	-3.8904305
1663667052424	8.62463	2.1906292	-3.8614175
1663667052432	8.67129	2.3234308	-3.842275
1663667052444	8.738289	2.376073	-3.8506498
1663667052457	8.771789	2.3318057	-3.8808591
1663667052470	8.777771	2.2827528	-3.8458643
1663667052481	8.726325	2.2097716	-3.7860436
1663667052526	8.640183	2.152344	-3.7824545
1663667052538	8.646166	2.1619153	-3.8339
1663667052546	8.775378	2.1571295	-3.795615
1663667052615	8.897412	2.1164517	-3.675974
1663667052628	8.862716	2.0590239	-3.675974
1663667052640	8.738289	2.1212373	-3.8027935
1663667052654	8.5983095	2.2025933	-3.9287157
1663667052665	8.570791	2.321038	-3.889234
1663667052676	8.682058	2.4418755	-3.7429729
1663667052690	8.7622175	2.428715	-3.6005998
1663667052700	8.756235	2.3569303	-3.6113675
1663667052725	8.786145	2.2779672	-3.7453656
1663667052737	8.825627	2.1906292	-3.8494534
1663667052748	8.836395	2.1044874	-3.8339
1663667052814	8.796913	2.0697916	-3.7477584
1663667052829	8.726325	2.1128623	-3.659224
1663667052840	8.672486	2.1260228	-3.6783667
1663667052851	8.674879	2.1332014	-3.7657046
1663667052863	8.640183	2.097309	-3.7860436
1663667052873	8.640183	2.085345	-3.7513478
1663667052908	8.720343	2.1008983	-3.6771703
1663667052920	8.763413	2.0805593	-3.5886357
1663667052931	8.79452	2.0183458	-3.5814574
1663667052945	8.783752	2.0171494	-3.6352959
1663667053013	8.807681	2.0111675	-3.6771703
1663667053025	8.903394	1.9920249	-3.6233318
1663667053033	8.993125	2.003989	-3.5252259
1663667053040	8.994321	2.032703	-3.4761732
1663667053048	8.941679	2.0578275	-3.4809587
1663667053055	8.879466	2.0901306	-3.5503507
1663667053124	8.807681	2.115255	-3.650849
1663667053137	8.739486	2.1068804	-3.685545
1663667053150	8.708379	2.1224337	-3.6951163
1663667053162	8.726325	2.1834507	-3.7393837
1663667053174	8.777771	2.2265215	-3.8135612
1663667053185	8.843574	2.2181466	-3.8147576
1663667053196	8.83161	2.1343977	-3.7322052
1663667053218	8.728718	2.0781665	-3.7022948
1663667053228	8.655737	2.036292	-3.7645082
1663667053241	8.67129	2.0434706	-3.7812579
1663667053251	8.753842	2.0542383	-3.7692938
1663667053261	8.855537	2.0183458	-3.7298124
1663667053326	8.83161	1.9788643	-3.673581
1663667053340	8.744271	2.03031	-3.6915271
1663667053351	8.661719	2.1284158	-3.7393837
1663667053362	8.646166	2.2337	-3.8004005
1663667053407	8.720343	2.2995026	-3.8183467
1663667053420	8.778967	2.2815564	-3.7190447
1663667053433	8.774181	2.2528424	-3.63051
1663667053444	8.755039	2.1655045	-3.6005998
1663667053453	8.800503	2.1188445	-3.6053855
1663667053462	8.929715	2.0985055	-3.610171
1663667053512	9.020642	2.1020947	-3.610171
1663667053518	8.923733	2.0721843	-3.6664026
1663667053522	8.757432	2.0590239	-3.7513478
1663667053526	8.694022	2.0207388	-3.7214375
1663667053648	8.725129	1.9115661	-3.571886
1663667053651	8.8746805	1.8290138	-3.470191
1663667053655	9.129815	1.8421743	-3.5671003
1663667053660	9.298509	1.89362	-3.6053855
1663667053663	9.217153	1.8780667	-3.6137605
1663667053667	8.936893	1.7751753	-3.6233318
1663667053672	8.647362	1.739283	-3.714259
1663667053715	8.599505	1.7069799	-3.760919
1663667053725	8.662915	1.5741782	-3.6161532
1663667053734	8.8340025	1.5215361	-3.6173496
1663667053741	9.055637	1.6016957	-3.8350966
1663667053837	9.1465645	1.7919251	-3.9514475
1663667053847	9.18126	2.0051854	-3.8195431
1663667053855	9.038888	2.1631117	-3.6221352
1663667053862	8.715557	2.1463618	-3.705884
1663667053868	8.416156	1.9115661	-3.9131622
1663667053905	8.376674	1.5119648	-3.9490547
1663667053912	8.513364	1.3923237	-3.9526439
1663667053919	8.603095	1.2436695	-3.8207395
1663667053926	8.750254	1.1084751	-3.6245282
1663667053934	9.108279	1.2460624	-3.5503507
1663667054046	9.38465	1.5000007	-3.5910287
1663667054056	9.412168	1.6890336	-3.6173496
1663667054064	9.215957	1.7428722	-3.612564
1663667054072	9.032906	1.7237296	-3.6197424
1663667054079	8.947661	1.6938193	-3.559922
1663667054115	9.026625	1.5454643	-3.4749768
1663667054122	9.145369	1.3935201	-3.5012977
1663667054129	9.136993	1.3298112	-3.5635111
1663667054136	9.135797	1.4437693	-3.679563
1663667054146	9.218349	1.5777674	-3.7764723
1663667054156	9.35833	1.6818552	-3.8554354
1663667054169	9.420543	1.6507485	-3.78724
1663667054250	9.268599	1.5083755	-3.8506498
1663667054263	8.959625	1.3743775	-3.9801614
1663667054274	8.714361	1.4533406	-4.0471606
1663667054285	8.563613	1.6591234	-3.950251
1663667054296	8.479864	1.8290138	-3.778865
1663667054319	8.551649	2.0697916	-3.8339
1663667054332	8.502596	2.1308086	-3.8004005
1663667054341	8.328817	2.2612174	-4.141677
1663667054351	8.099107	2.2085752	-4.342674
1663667054376	8.0715885	2.7029922	-4.8047876
1663667054387	8.094321	2.9542387	-4.5188456
1663667054408	8.358727	3.3314073	-4.0651064
1663667054420	8.691629	3.9394834	-3.5994034
1663667054441	8.860323	4.118945	-2.7879374
1663667054520	8.901001	3.577868	-2.3162522
1663667054534	8.756235	2.819044	-2.6679974
1663667054547	8.425727	2.3461626	-3.4809587
1663667054554	7.9615192	2.3916261	-4.121338
1663667054559	7.9854474	3.0272198	-4.139284
1663667054657	8.315657	3.2883365	-3.3038898
1663667054674	8.381459	3.022434	-2.5471597
1663667054685	8.436495	2.7293134	-2.4191437
1663667054697	8.995518	2.766402	-2.874079
1663667054707	9.871889	2.9135606	-3.2246277
1663667054719	10.397412	2.9793632	-3.2545378
1663667054732	9.912567	2.8405795	-3.502494
1663667054744	9.055637	2.868097	-3.9957147
1663667054753	8.066803	2.774777	-4.1907296
1663667054765	7.530512	2.679064	-4.048357
1663667054777	7.8463645	2.716153	-3.8602211
1663667054839	8.225926	2.6826532	-3.3924243
1663667054852	8.417352	2.4598217	-3.179164
1663667054864	8.623434	2.1212373	-3.3565319
1663667054876	8.875876	1.9154545	-3.5563326
1663667054888	8.912965	1.9190438	-3.667599
1663667054912	8.812467	2.0075781	-3.8434713
1663667054924	8.845966	2.1296122	-3.9346976
1663667054933	8.868698	2.231307	-3.7944186
1663667054944	8.792128	2.2983062	-3.6041892
1663667054955	8.694022	2.3485553	-3.5623147
1663667055048	8.616255	2.2731814	-3.5144582
1663667055064	8.631808	2.015953	-3.5324044
1663667055077	8.696415	1.7775681	-3.6520455
1663667055089	8.774181	1.5466608	-3.8880377
1663667055101	8.922537	1.4581263	-4.05075
1663667055123	9.144172	1.5658033	-4.06391
1663667055135	9.235099	1.5921243	-3.938287
1663667055146	9.232706	1.5466608	-3.5946178
1663667055155	9.329616	1.6710875	-3.286841
1663667055166	9.377472	1.9441684	-3.0667014
1663667055179	8.988339	2.181058	-3.0260234
1663667055192	8.376674	2.0195422	-3.3840494
1663667055250	8.303693	1.8948164	-3.6340995
1663667055264	8.542078	1.724926	-3.5539398
1663667055278	8.991928	1.5394822	-3.4833515
1663667055291	9.559326	1.4413766	-3.4462628
1663667055301	9.887443	1.3286148	-3.2353954
1663667055321	9.624231	1.4976078	-3.431906
1663667055332	8.838788	1.9007984	-4.0890346
1663667055343	8.288139	2.3018954	-4.520042
1663667055354	8.461619	2.4936204	-3.8015969
1663667055409	8.912965	2.6623142	-2.8657043
1663667055419	9.019445	2.6216364	-2.6165516
1663667055430	8.936893	2.312663	-3.2581272
1663667055437	8.904591	1.9537396	-3.7094734
1663667055445	8.982357	1.7584256	-3.6831522
1663667055514	9.0182495	1.7895322	-3.577868
1663667055525	8.960822	1.8924236	-3.482155
1663667055532	8.869894	2.0721843	-3.2736804
1663667055546	8.818449	2.2408783	-3.2006993
1663667055549	8.820842	2.32702	-3.3266218
1663667055552	8.873484	2.2791636	-3.3326037
1663667055640	8.9057865	2.225325	-3.2856445
1663667055645	8.879466	2.1391835	-3.3696926
1663667055650	8.795717	2.082952	-3.5216367
1663667055657	8.770593	2.0721843	-3.4833515
1663667055663	8.881859	2.1140587	-3.2641091
1663667055669	9.021839	2.1834507	-3.0966115
1663667055719	9.024232	2.1762722	-3.091826
1663667055731	8.909376	2.082952	-3.1983066
1663667055743	8.883055	2.024328	-3.2413774
1663667055754	8.897412	2.097309	-3.2784662
1663667055820	8.906983	2.143969	-3.2593236
1663667055831	8.929715	2.1559331	-3.1683962
1663667055844	9.003893	2.1942184	-3.0978081
1663667055855	9.008678	2.1690936	-3.0798619
1663667055866	9.01466	2.1188445	-3.1492536
1663667055910	9.002696	2.0422742	-3.1947174
1663667055921	8.940483	2.015953	-3.252145
1663667055932	8.932108	2.065006	-3.2353954
1663667055941	9.003893	2.099702	-3.1265218
1663667055947	9.019445	2.1391835	-3.1432717
1663667055954	8.957232	2.1762722	-3.2856445
1663667056049	8.892626	2.1619153	-3.4271202
1663667056062	8.902198	2.1367905	-3.3314073
1663667056075	8.940483	2.1367905	-3.179164
1663667056086	8.958429	2.160719	-3.170789
1663667056098	8.922537	2.1355941	-3.298805
1663667056122	8.897412	2.1355941	-3.35055
1663667056132	8.908179	2.1750758	-3.289234
1663667056142	8.962018	2.1667008	-3.211467
1663667056154	8.966804	2.12363	-3.2413774
1663667056164	8.914162	2.1020947	-3.3553355
1663667056175	8.859127	2.1068804	-3.4043884
1663667056252	8.835198	2.1415763	-3.3266218
1663667056266	8.856734	2.172683	-3.248556
1663667056277	8.916554	2.184647	-3.3122647
1663667056292	8.950054	2.1882362	-3.3756745
1663667056305	8.953643	2.164308	-3.3445678
1663667056318	8.953643	2.120041	-3.2413774
1663667056332	8.957232	2.1092732	-3.211467
1663667056344	8.889037	2.0949163	-3.309872
1663667056364	8.892626	2.0793629	-3.3613176
1663667056383	8.934501	2.1308086	-3.315854
1663667056410	8.953643	2.097309	-3.2712877
1663667056422	8.915359	2.0590239	-3.289234
1663667056435	8.947661	2.0279171	-3.2377882
1663667056447	8.996714	2.0554347	-3.1923244
1663667056516	9.026625	2.009971	-3.2042887
1663667056524	9.055637	1.9597218	-3.2449665
1663667056528	8.995518	1.9800607	-3.2844481
1663667056533	8.923733	1.9764715	-3.313461
1663667056566	8.880662	1.9549361	-3.272484
1663667056575	8.947661	2.0267208	-3.1983066
1663667056645	8.996714	2.0554347	-3.1683962
1663667056654	9.036494	1.9776679	-3.1420753
1663667056661	9.114262	1.8074784	-3.0882368
1663667056670	9.0544405	1.6627127	-3.0463624
1663667056678	8.960822	1.5071791	-3.1492536
1663667056687	8.878269	1.4186447	-3.2940195
1663667056713	8.867501	1.3767704	-3.3409786
1663667056718	8.926126	1.3441681	-3.4079776
1663667056725	9.109476	1.355235	-3.4366915
1663667056770	9.364311	1.454537	-3.3445678
1663667056776	9.6529455	1.6423737	-3.1253254
1663667056836	9.751051	1.8302102	-2.9889345
1663667056846	9.303294	1.7428722	-3.2473595
1663667056857	8.70479	1.6519449	-3.9023945
1663667056868	8.397013	1.751247	-4.3259244
1663667056908	8.319246	1.9310079	-4.1632123
1663667056918	8.407781	1.9884356	-3.7692938
1663667056929	8.575577	2.1020947	-3.3074791
1663667056938	8.615059	2.1068804	-3.2066815
1663667056971	8.526525	1.8505492	-3.5563326
1663667056981	8.546864	1.6782659	-3.7884364
1663667057049	8.7418785	1.5370895	-3.626921
1663667057061	9.030213	1.3564314	-3.4354951
1663667057070	9.38465	1.2963116	-3.4666018
1663667057078	9.627821	1.2951152	-3.4450665
1663667057089	9.673285	1.3719847	-3.626921
1663667057116	9.510274	1.2664014	-4.2673
1663667057129	9.589237	1.2317054	-4.336692
1663667057140	9.666106	1.4449657	-3.6436708
1663667057150	9.377472	1.7404794	-3.4127634
1663667057161	8.98475	1.9872392	-4.178766
1663667057174	8.795717	1.9043877	-4.892126
1663667057251	8.881859	2.1559331	-4.7676992
1663667057261	8.948857	2.8980074	-4.2242293
1663667057268	9.077172	3.5527434	-3.7357943
1663667057277	9.2997055	3.7707894	-3.5204403
1663667057285	9.11785	3.5180476	-3.6245282
1663667057316	8.627023	3.167499	-3.8676987
1663667057327	8.243873	2.9937203	-4.0531425
1663667057339	8.139785	3.057429	-4.4144588
1663667057373	7.9926257	3.2093735	-4.5966125
1663667057382	7.6884384	3.4546378	-4.299603
1663667057406	7.4599237	3.4342988	-3.8736808
1663667057416	7.426424	3.1830523	-3.5623147
1663667057427	7.83799	3.1866415	-3.2676985
1663667057441	8.39821	3.2285159	-2.9769704
1663667057487	8.947661	3.0681968	-2.9243283
1663667057500	9.269794	2.7113671	-2.8788648
1663667057510	9.176475	2.5809584	-2.9673991
1663667057521	8.677272	2.4852455	-3.0906296
1663667057568	8.129017	2.3844478	-3.0643084
1663667057581	7.835597	2.2707887	-2.7194428
1663667057593	8.010572	2.309074	-2.6249263
1663667057603	8.634201	2.2827528	-2.5878377
1663667057659	9.318848	2.4996023	-2.3318057
1663667057671	9.567701	2.8848467	-1.9642082
1663667057683	9.467203	3.2153554	-2.1041884
1663667057693	9.122637	3.3936207	-2.5435705
1663667057716	8.615059	3.2536407	-2.8776684
1663667057727	8.263015	3.024827	-2.8920252
1663667057740	8.145766	2.7568307	-2.7086751
1663667057771	8.280961	2.4658036	-2.4418755
1663667057784	8.524132	2.312663	-2.1185453
1663667057840	8.932108	2.3234308	-1.8661026
1663667057856	9.2997055	2.530709	-1.9630119
1663667057867	9.808479	3.118446	-2.7158537
1663667057879	10.460822	4.0328035	-4.409673
1663667057907	9.77139	4.5738807	-5.2692947
1663667057921	8.148159	4.199404	-4.558327
1663667057933	7.520941	3.6152558	-4.0998025
1663667057944	7.772187	3.3146574	-3.606582
1663667057973	7.9914293	2.972185	-3.362514
1663667057986	8.023732	2.5821548	-3.5946178
1663667057998	8.124231	2.5151558	-4.145266
1663667058064	8.3013	2.4059832	-4.449454
1663667058075	8.605488	2.1559331	-4.310371
1663667058086	8.761021	1.7907287	-4.0040894
1663667058098	8.7622175	1.5466608	-3.7692938
1663667058117	8.67129	1.5358931	-3.708277
1663667058130	8.472686	1.570589	-3.7968113
1663667058138	8.393424	1.617249	-3.7477584
1663667058150	8.558827	1.6196418	-3.6317065
1663667058162	8.956036	1.5299109	-3.5635111
1663667058174	9.337991	1.2975081	-3.3696926
1663667058253	9.570094	1.0737791	-3.100201
1663667058264	9.757033	0.8237292	-3.1169505
1663667058276	9.852746	0.6451648	-3.391228
1663667058286	9.759426	0.4956134	-3.6329029
1663667058296	9.383454	0.50159544	-4.0974097
1663667058319	8.973982	0.5985048	-4.0698924
1663667058329	8.653344	0.5662017	-3.5958142
1663667058337	8.472686	0.55064833	-3.1923244
1663667058403	8.583952	0.78873414	-2.984149
1663667058415	8.948857	1.332204	-2.8980074
1663667058427	9.099904	1.751247	-3.01047
1663667058439	9.114262	1.8278174	-3.2186456
1663667058448	9.225528	1.718944	-3.2066815
1663667058457	9.428918	1.4162519	-3.083451
1663667058520	9.474381	0.96849495	-3.1217363
1663667058535	9.273384	0.58654064	-3.539583
1663667058554	8.825627	0.37357944	-3.7692938
1663667058560	8.668898	0.60807604	-3.7908292
1663667058589	8.6090765	0.82731843	-3.6149569
1663667058601	8.604291	0.95054877	-3.3349965
1663667058613	8.800503	0.82612205	-2.9530423
1663667058646	9.203992	0.64875406	-2.795116
1663667058660	9.733106	0.36400816	-3.3062828
1663667058673	10.557732	-0.020338992	-5.107779
1663667058682	12.235998	0.0849452	-5.901299
1663667058693	13.615161	0.56380886	-4.2517467
1663667058717	12.914662	1.4581263	-3.0690942
1663667058733	11.195718	3.1387851	-4.7341995
1663667058744	9.518648	2.9111679	-6.3945193
1663667058804	8.139785	2.3365912	-5.7948184
1663667058811	6.920043	2.3712873	-4.2828536
1663667058822	6.0197434	3.030809	-3.5934215
1663667058848	5.982655	4.1548376	-3.0272198
1663667058861	7.018149	4.496114	-2.6273193
1663667058873	8.395817	4.496114	-2.835794
1663667058907	8.95125	3.97059	-3.7441692
1663667058920	8.133802	2.984149	-4.800002
1663667058931	7.463513	2.5007987	-4.566702
1663667058943	7.3606215	2.2504497	-3.2641091
1663667058993	7.7853475	2.0745773	-2.0228324
1663667059004	8.099107	1.9007984	-1.8888344
1663667059016	8.426923	1.8553349	-1.5511472
1663667059054	7.7697945	1.6016957	-2.2911277
1663667059062	6.897311	1.1587243	-2.992524
1663667059067	6.975078	1.0725827	-2.9985058
1663667059074	7.467102	1.2699906	-2.181058
1663667059119	7.966305	1.6615162	-1.541576
1663667059135	8.674879	2.164308	-1.0582259
1663667059148	9.638589	2.847758	-0.7719844
1663667059160	10.7351	3.4869409	-0.5063811
1663667059172	11.55494	3.7767715	-0.63798636
1663667059194	11.350354	3.557529	-1.1934203
1663667059205	11.066505	3.301497	-2.481357
1663667059253	10.927722	3.226123	-3.9634116
1663667059269	11.182557	3.6858442	-5.5627146
1663667059283	11.056934	4.2771707	-7.767401
1663667059294	11.32164	5.415556	-6.7585278
1663667059316	11.414961	5.0336018	-4.7880383
1663667059323	10.299307	3.167499	-3.2138598
1663667059336	8.546864	1.2125629	-2.6739793
1663667059390	6.9355965	-0.061016977	-2.4538395
1663667059402	6.2700925	-0.581755	-2.7855446
1663667059414	6.6409802	-0.2644069	-3.5383866
1663667059425	7.1282187	0.13280165	-4.342674
1663667059435	7.7494555	0.33529428	-4.8179483
1663667059446	8.344371	1.041476	-4.4889355
1663667059518	8.524132	1.5801603	-3.760919
1663667059527	8.532506	1.6543378	-3.3182468
1663667059539	8.344371	1.7165512	-3.3110683
1663667059547	8.100303	1.7261224	-3.7513478
1663667059592	8.178069	1.9477576	-4.3211384
1663667059605	8.258229	2.2660031	-4.6815577
1663667059616	8.003393	2.542673	-4.6121655
1663667059626	7.626225	2.652743	-4.17398
1663667059646	7.4850483	2.559423	-3.5252259
1663667059656	7.3546395	2.2707887	-3.0690942
1663667059665	7.396514	1.9091734	-2.7338
1663667059719	7.9974113	1.6794624	-2.656033
1663667059734	8.903394	1.2831511	-2.672783
1663667059744	9.617053	0.34247273	-2.6859434
1663667059755	10.345967	-0.541077	-2.7520452
1663667059801	11.090434	-0.99960166	-2.8489544
1663667059812	11.637493	-0.9984053	-3.449852
1663667059823	12.033804	0.41784665	-5.9910297
1663667059835	12.232409	1.244866	-6.7381887
1663667059844	13.49881	1.3166506	-2.7999015
1663667059852	13.883157	1.9860427	0.7710871
1663667059908	12.194123	2.754438	-2.0599213
1663667059920	9.203992	1.9513469	-5.7900324
1663667059930	6.8051877	1.6244274	-7.3869424
1663667059939	5.087141	1.8888344	-6.381359
1663667059995	4.256532	2.6623142	-4.9881377
1663667060007	5.154439	3.153142	-3.8530426
1663667060021	7.530512	3.2297122	-2.2851455
1663667060032	10.607981	4.1404805	-0.23090738
1663667060043	11.458032	3.4689946	-0.6236294
1663667060053	9.831211	1.8625133	-2.6751757
1663667060064	7.949555	1.0295119	-4.4841495
1663667060120	7.07438	1.2628121	-4.570291
1663667060135	7.4443703	2.4912274	-3.1109686
1663667060147	7.574779	3.0116663	-1.7955143
1663667060158	7.3196445	2.7245276	-2.5052853
1663667060170	7.1042905	2.1140587	-2.6596224
1663667060204	7.1545396	1.4150555	-1.8266209
1663667060219	7.658528	1.3334004	-1.3980067
1663667060243	7.998608	1.5011971	-1.5128621
1663667060256	8.316854	2.0015962	-1.7344973
1663667060318	8.689237	2.5905297	-1.9606191
1663667060332	9.21476	3.1375887	-2.0587249
1663667060344	9.99153	3.6786656	-2.0180469
1663667060355	10.835598	4.0100718	-0.8641081
1663667060364	11.680564	4.199404	-0.42711884
1663667060405	11.271092	4.019643	-1.6244274
1663667060410	11.228022	3.5180476	-2.6955147
1663667060415	11.475977	3.87727	-5.118547
1663667060419	10.9349	3.868895	-9.515358
1663667060425	11.06531	4.31067	-7.8071823
1663667060443	10.41177	3.984947	-4.3594236
1663667060519	9.699606	2.4538395	-2.6081767
1663667060534	8.155337	0.7492526	-2.388037
1663667060543	7.0492554	0.020338992	-2.9769704
1663667060551	6.7932234	0.48125646	-3.9945183
1663667060605	7.338787	0.9768698	-4.9543395
1663667060609	8.00459	0.52911294	-4.9028935
1663667060613	8.400602	0.19860429	-3.8578284
1663667060616	8.805288	0.6343971	-2.8585258
1663667060650	8.89143	0.9086744	-2.309074
1663667060663	8.62822	0.7938189	-2.376073
1663667060675	8.213962	0.7648059	-2.7999015
1663667060718	7.83799	1.0642079	-3.7118661
1663667060734	8.140981	1.7536399	-4.619344
1663667060742	8.376674	2.4658036	-4.627719
1663667060750	8.09791	2.9219356	-3.976572
1663667060809	7.2765737	3.0140593	-3.4007993
1663667060819	6.8255267	2.8537402	-3.2976086
1663667060828	7.04447	2.6455646	-3.330211
1663667060836	7.6453676	2.0338993	-3.0236306
1663667060844	8.508578	1.2520444	-2.6512475
1663667060853	9.32483	0.18424734	-2.7580273
1663667060905	10.245468	-0.39750767	-3.1468608
1663667060917	10.742278	-0.5913263	-3.5252259
1663667060924	11.054542	-0.3999005	-4.3211384
1663667060928	11.843575	0.92662054	-6.053243
1663667061011	12.702897	1.2317054	-5.816354
1663667061020	13.914264	1.3214363	-1.6519449
1663667061027	13.611571	2.4047868	-0.021535404
1663667061032	11.556137	3.2799616	-4.108177
1663667061049	8.630612	2.4346972	-7.3809605
1663667061056	6.3753767	2.1248264	-7.559226
1663667061064	4.901697	2.5163522	-6.0029936
1663667061117	4.6899323	2.951846	-4.1177487
1663667061133	6.150152	2.7699914	-2.1484556
1663667061144	9.103494	3.5072799	-0.9203394
1663667061154	11.303694	3.801896	-0.4235296
1663667061164	10.918151	2.728117	-1.9534405
1663667061205	9.064013	1.7069799	-3.7274194
1663667061215	7.105487	1.5370895	-4.8251266
1663667061224	6.3777695	2.3856442	-4.2445683
1663667061242	6.4878397	3.114857	-3.0056844
1663667061314	6.906883	3.1914272	-2.2576282
1663667061319	7.0205417	2.6312077	-2.9338996
1663667061325	7.135397	1.611267	-3.1396823
1663667061331	7.538887	1.015155	-1.7476579
1663667061337	8.182856	1.3142579	-0.8258229
1663667061405	8.574381	1.5514464	-0.8808578
1663667061409	8.903394	2.0015962	-1.1515459
1663667061415	9.345169	2.4634109	-1.1312069
1663667061421	9.791729	2.7963123	-1.2699906
1663667061452	10.495519	3.4390843	-1.7823538
1663667061460	11.313266	4.214957	-1.1515459
1663667061467	12.252748	5.535197	-2.1882362
1663667061483	12.416955	5.459823	-4.2457647
1663667061515	11.779866	4.7344985	-7.315158
1663667061523	10.966007	3.728915	-8.300103
1663667061609	10.191629	3.0993035	-6.9344
1663667061620	10.17847	2.9769704	-6.006583
1663667061628	9.335598	2.1702902	-4.068696
1663667061637	7.986644	1.3636098	-2.5866413
1663667061645	6.608677	0.4884349	-1.9103698
1663667061654	5.809175	-0.0741775	-2.4059832
1663667061663	5.8689957	0.08135597	-3.9945183
1663667061718	6.948757	0.41665024	-5.1364927
1663667061731	8.623434	0.6978069	-4.8179483
1663667061739	9.91496	0.974477	-3.429513
1663667061746	10.165309	1.1682956	-1.9534405
1663667061755	9.298509	1.0749756	-1.9307088
1663667061810	8.017751	0.77318084	-3.0738797
1663667061815	7.3977103	0.6332007	-4.2373896
1663667061820	7.7757764	0.90388876	-4.28405
1663667061834	8.310871	1.3695918	-3.5539398
1663667061837	8.515757	1.9621146	-2.7326035
1663667061908	8.152945	2.2061825	-2.8465617
1663667061917	7.5317082	1.9549361	-3.4247274
1663667061925	7.561619	1.9115661	-3.26052
1663667061933	8.018947	1.8684953	-2.5794628
1663667062013	8.494222	1.4294125	-2.2660031
1663667062023	9.093923	0.70618176	-2.4538395
1663667062031	9.716355	-0.18424734	-2.6428726
1663667062039	10.278968	-0.7492526	-2.827419
1663667062047	10.652248	-1.0510473	-2.6608188
1663667062056	10.867902	-0.97567344	-3.8315072
1663667062063	12.080464	-0.4657031	-6.8075805
1663667062114	14.256737	0.1794617	-5.4116673
1663667062122	15.080167	1.5287145	-1.3609179
1663667062128	13.403097	4.1778684	-3.2066815
1663667062149	11.009078	4.041178	-7.103094
1663667062159	8.6294155	3.086143	-7.2083783
1663667062234	6.6684976	2.8345976	-5.077869
1663667062242	5.171189	2.8956144	-3.8590248
1663667062249	4.92084	3.2560334	-3.4893336
1663667062257	6.1824555	3.112464	-2.8202405
1663667062265	8.29771	3.1543384	-1.704587
1663667062317	9.527023	2.707778	-1.2723835
1663667062326	9.055637	2.003989	-2.4658036
1663667062336	8.362317	2.1511476	-3.728616
1663667062344	7.8224363	2.4071796	-4.028018
1663667062409	7.190432	2.5450659	-3.3194432
1663667062419	7.1007013	2.612065	-2.2827528
1663667062428	7.1282187	2.3401806	-2.3030918
1663667062437	6.36102	1.5143577	-3.4163525
1663667062446	5.9060845	0.75643104	-2.9410782
1663667062516	6.3801622	0.79860455	-1.6627127
1663667062525	7.3546395	1.0378869	-0.8030911
1663667062534	8.56481	1.2329018	-0.41156548
1663667062547	10.065707	1.9477576	-0.1698904
1663667062555	11.356337	3.057429	-0.317049
1663667062632	12.239587	4.197011	-1.1335998
1663667062642	12.917055	5.5184474	-2.181058
1663667062653	13.37199	7.1596246	-3.754937
1663667062664	12.650255	6.6676	-6.326324
1663667062673	11.6339035	5.2453666	-9.849157
1663667062683	10.00828	3.283551	-8.050054
1663667062695	9.972387	2.5259235	-5.270491
1663667062715	9.560523	1.2723835	-4.37737
1663667062725	8.648559	-0.02871387	-3.8004005
1663667062738	7.331609	-1.0929217	-3.036791
1663667062747	6.8458657	-1.3944174	-3.1348968
1663667062832	6.882954	-0.9170493	-4.12732
1663667062845	7.4276204	-0.51236314	-4.5487556
1663667062855	8.152945	-0.22612174	-3.9610188
1663667062866	9.030213	0.73369926	-2.91715
1663667062875	9.353543	1.637588	-1.8206389
1663667062887	8.285747	1.942972	-2.015654
1663667062917	7.1473613	1.745265	-2.6955147
1663667062926	6.7462645	1.3875381	-3.659224
1663667062938	7.1306114	1.2747762	-4.319942
1663667062949	7.8224363	1.7009978	-3.9311085
1663667063027	8.066803	2.2360928	-3.6161532
1663667063039	7.6011004	2.178665	-3.6616168
1663667063050	7.565208	2.099702	-3.5790644
1663667063062	7.899007	1.9154545	-2.9793632
1663667063075	8.563613	1.6304095	-1.9917258
1663667063086	9.5868435	1.0642079	-1.8194425
1663667063098	11.06172	-0.11365908	-2.367698
1663667063119	12.11516	-1.1491531	-2.0778673
1663667063131	12.0589285	-1.6830516	-1.8661026
1663667063141	12.957733	-0.6619146	-6.1827545
1663667063160	14.379967	-0.20937198	-8.463115
1663667063170	14.120345	0.520738	-2.7062824
1663667063237	12.464811	2.8716862	-1.7811574
1663667063244	10.070493	3.7360935	-5.785247
1663667063257	7.628618	3.4211383	-7.8442707
1663667063271	6.2401824	3.5826538	-7.0145597
1663667063319	6.550053	3.1603205	-4.493721
1663667063337	8.062017	2.5438695	-1.372882
1663667063351	9.347562	2.6575286	-0.59970117
1663667063364	9.199206	2.428715	-1.3920245
1663667063372	7.9651084	1.8146569	-2.7242286
1663667063378	6.869794	1.6770695	-3.7776687
1663667063383	6.2940207	1.8122641	-4.307978
1663667063388	6.5668025	2.359323	-3.3349965
1663667063406	6.8279195	2.8381867	-1.8182461
1663667063440	6.5141606	2.6336005	-1.6435701
1663667063520	6.0664034	1.8337995	-2.6979074
1663667063529	5.543273	1.0342976	-3.9071803
1663667063541	5.1735816	0.104087785	-3.7226338
1663667063553	6.4411793	0.37956148	-2.0084755
1663667063560	8.617452	1.4676976	-0.4127619
1663667063632	10.9325075	2.76042	-0.20817557
1663667063644	12.163016	3.8246279	-1.4171492
1663667063657	12.269497	4.7859445	-1.7883358
1663667063668	12.4731865	5.0539403	-1.4877375
1663667063677	12.362818	3.9873397	-2.5758736
1663667063688	11.090434	2.2301106	-3.0619156
1663667063701	11.12513	2.675475	-5.788836
1663667063713	11.947662	3.1088748	-8.953942
1663667063725	11.204093	4.1572304	-7.3283186
1663667063737	10.245468	3.996911	-5.4702916
1663667063750	9.676874	2.801098	-3.132504
1663667063835	8.333603	0.9385847	-2.8202405
1663667063850	7.3582287	-0.36640096	-2.874079
1663667063861	7.194021	-0.31226337	-4.0651064
1663667063875	7.908578	0.020338992	-5.736194
1663667063886	8.494222	-0.21655045	-5.6440706
1663667063897	8.245069	0.050249275	-3.958626
1663667063908	8.015358	0.75284183	-1.9630119
1663667063916	7.871489	1.5693926	-1.1324034
1663667063925	7.474281	2.0662024	-1.250848
1663667063938	6.927222	1.9441684	-2.2169502
1663667064047	6.835098	1.4497514	-3.8410785
1663667064060	7.49103	1.5370895	-4.863412
1663667064074	7.8631144	1.9334008	-4.6289153
1663667064082	7.318448	2.1595225	-3.671188
1663667064094	7.1042905	2.3018954	-3.39721
1663667064106	7.638189	2.172683	-2.9889345
1663667064116	8.869894	1.9154545	-2.0563319
1663667064126	9.840782	1.2017952	-1.5535401
1663667064137	10.360324	-0.32662028	-2.1101704
1663667064151	11.019846	-1.3477573	-2.6285157
1663667064162	11.408978	-1.9426728	-2.3940191
1663667064174	13.095619	-0.88205427	-4.5535417
1663667064247	14.65903	0.44177487	-8.265408
1663667064259	14.934204	0.93260264	-4.397709
1663667064267	14.05544	2.6575286	-0.24646074
1663667064277	11.734403	4.05075	-3.8494534
1663667064319	8.579166	3.6056845	-7.4599237
1663667064332	5.8654065	3.1375887	-7.292426
1663667064343	4.8729835	3.3768709	-6.0484576
1663667064355	6.2063837	2.949453	-3.5706897
1663667064366	8.64138	2.9374888	-1.5571294
1663667064408	10.277771	3.012863	-0.8676973
1663667064422	10.130314	2.376073	-1.6734804
1663667064435	8.549256	1.6016957	-2.4323041
1663667064444	6.48425	1.1419746	-3.8135612
1663667064454	5.2573304	1.1455638	-4.575077
1663667064466	5.451149	2.2348964	-4.189533
1663667064519	5.998208	3.1483564	-2.4885356
1663667064530	6.053243	3.1112676	-2.1735802
1663667064540	6.478268	2.4239295	-2.5962126
1663667064548	6.477072	1.3803595	-2.7723842
1663667064653	6.771389	0.59611195	-1.8242282
1663667064668	7.888239	0.68105716	-0.79710907
1663667064680	9.140582	1.2855439	-0.5458627
1663667064692	10.151849	2.2384856	-1.4470595
1663667064701	11.131112	3.6583266	-2.4335005
1663667064713	12.152249	4.817051	-1.9474585
1663667064721	12.778271	5.05753	-0.9107681
1663667064731	12.469597	4.2185464	-1.6698911
1663667064743	10.56491	1.5693926	-1.9450657
1663667064755	10.423734	1.7751753	-3.889234
1663667064839	11.225628	3.126821	-8.826823
1663667064857	11.855539	4.5882373	-9.269794
1663667064873	10.524232	5.0336018	-5.7780685
1663667064889	9.580862	3.9107695	-3.1073792
1663667064903	8.213962	1.963311	-1.7608184
1663667064920	7.2418776	0.49441698	-2.400001
1663667064935	6.908079	-0.25842485	-4.1703906
1663667064951	7.428817	-0.041874398	-6.3514485
1663667064964	8.319246	-0.35443684	-6.2748785
1663667064974	8.623434	-0.5135596	-4.526024
1663667064981	8.327621	-0.09092726	-2.5088747
1663667065073	8.425727	0.7001997	-1.3010973
1663667065083	8.024929	1.2795619	-1.2699906
1663667065096	7.1916285	1.3345969	-1.89362
1663667065105	6.9762745	1.0031909	-3.0894332
1663667065118	7.726723	1.407877	-4.0758743
1663667065130	8.303693	2.160719	-4.236193
1663667065137	8.022536	2.6072793	-3.8386858
1663667065144	7.518548	2.5881367	-3.3457642
1663667065150	7.579565	2.3784657	-2.629712
1663667065157	8.14457	1.8948164	-2.0647068
1663667065167	8.83161	0.8596215	-1.8684953
1663667065178	9.4229355	-0.7743772	-2.292324
1663667065250	10.560124	-1.934298	-2.4358935
1663667065264	11.49512	-2.111666	-2.9111679
1663667065275	12.791431	-1.082154	-5.526523
1663667065287	14.528322	0.18664017	-9.077172
1663667065297	15.004792	1.0079765	-4.8490553
1663667065324	14.169398	3.0813572	-0.13998012
1663667065335	11.902199	4.793123	-3.1348968
1663667065345	9.105886	4.5523453	-6.948757
1663667065354	6.3191457	3.777968	-6.4292154
1663667065409	4.621737	3.4486556	-5.259723
1663667065421	4.8047876	2.8956144	-3.9071803
1663667065431	6.6421766	2.5749762	-2.4155545
1663667065442	8.747861	2.5582266	-1.7165512
1663667065455	9.669696	2.1332014	-2.428715
1663667065465	9.38824	1.7333009	-3.4331024
1663667065519	7.9627156	1.6531414	-3.6293137
1663667065533	6.465108	1.9007984	-3.2760732
1663667065540	6.0041904	2.874079	-2.6991038
1663667065549	6.370591	3.5467613	-1.8720846
1663667065656	6.3646092	3.3457642	-2.2492533
1663667065673	6.48425	2.1798615	-3.5288153
1663667065681	6.3622165	0.9194421	-3.6520455
1663667065692	6.873383	0.392722	-1.9857436
1663667065702	8.13141	0.5673981	-0.5769694
1663667065713	9.926924	1.1395818	-0.10767702
1663667065724	12.096018	1.9908284	-0.21655045
1663667065734	13.624732	3.3493536	-0.6523433
1663667065744	13.611571	4.6695933	-1.5834504
1663667065754	12.362818	4.941478	-3.4007993
1663667065820	11.034203	3.917948	-4.404887
1663667065833	10.530214	3.8006997	-5.198706
1663667065844	10.612766	4.1671004	-7.6836524
1663667065857	10.155738	4.2687955	-7.0815587
1663667065867	9.69482	3.688237	-5.569893
1663667065877	9.065208	2.0470598	-3.7980077
1663667065888	8.178069	0.33888352	-2.2971098
1663667065921	7.4563346	-0.8102696	-2.6344976
1663667065933	7.2993054	-1.1240284	-5.215456
1663667065943	7.966305	-1.2329018	-6.795616
1663667065953	8.393424	-1.2783655	-5.636892
1663667066047	8.316854	-0.4010969	-3.571886
1663667066062	8.230712	1.1264212	-2.181058
1663667066074	7.7650084	2.1020947	-1.4327025
1663667066085	6.984649	2.1140587	-1.6998014
1663667066095	6.765407	1.9920249	-2.5758736
1663667066108	7.2705917	1.8206389	-3.3565319
1663667066119	8.341978	1.9980069	-3.8784664
1663667066129	8.391031	1.9525433	-3.5216367
1663667066139	7.920841	1.8230318	-3.2066815
1663667066149	7.830811	1.5502499	-2.9937203
1663667066160	8.454441	1.2197413	-2.5866413
1663667066171	9.2997055	0.60807604	-2.1735802
1663667066250	9.865907	-0.7157531	-2.0228324
1663667066263	10.721939	-1.8182461	-1.9055841
1663667066272	11.697313	-2.1248264	-2.3605196
1663667066281	13.288241	-1.0055838	-4.932804
1663667066291	13.983656	0.45732823	-8.328817
1663667066314	13.872389	1.015155	-5.8689957
1663667066318	13.422239	2.4756742	-1.006481
1663667066323	12.194123	5.131707	-2.4119651
1663667066328	9.433703	5.340182	-6.113363
1663667066412	6.228218	4.0974097	-7.876574
1663667066424	4.4898324	3.7540395	-7.4156566
1663667066436	5.0596237	3.226123	-5.0383873
1663667066445	7.092326	2.2289143	-2.2097716
1663667066458	9.194421	2.1212373	-0.5482555
1663667066467	9.934102	1.5490535	-0.8712866
1663667066479	9.002696	0.9457632	-2.7903304
1663667066519	7.7183485	1.2592229	-4.348656
1663667066530	6.667301	1.5466608	-5.0587263
1663667066538	6.552446	2.695814	-4.147659
1663667066653	6.7630143	3.9311085	-2.3988047
1663667066668	6.7378893	3.7265222	-1.751247
1663667066677	6.8135624	2.5761726	-2.3102703
1663667066686	6.7908306	1.3540385	-2.7628129
1663667066694	6.930811	0.5063811	-2.489732
1663667066703	7.763812	0.42023948	-1.7285153
1663667066712	8.875876	1.0594223	-1.5595222
1663667066724	9.461221	1.8194425	-2.082653
1663667066735	9.814461	2.835794	-2.3318057
1663667066742	10.1446705	3.522833	-2.5339992
1663667066821	10.529017	3.5790644	-2.1448665
1663667066834	11.538191	3.2321053	-0.6523433
1663667066846	11.8950205	2.774777	-0.4438686
1663667066858	10.112368	0.72053874	-1.6411772
1663667066870	9.132208	1.2592229	-4.0447674
1663667066881	10.036994	3.5587256	-6.789634
1663667066890	10.7685995	5.8489556	-9.205189
1663667066898	10.625927	6.407979	-6.8219376
1663667066907	10.767403	5.9961143	-4.8885365
1663667066919	9.174082	3.2859437	-2.6021945
1663667066931	7.7530446	0.88354975	-2.2408783
1663667067062	6.960721	-0.39870408	-3.4917264
1663667067070	6.893722	-0.541077	-5.293223
1663667067079	7.8870425	-0.39631125	-5.9264235
1663667067088	9.109476	-0.6583253	-4.6061835
1663667067098	9.620643	-0.13280165	-3.4199417
1663667067110	9.329616	0.73848486	-2.4155545
1663667067123	8.465208	0.8739785	-2.070689
1663667067135	7.975876	0.7217351	-2.5148566
1663667067146	8.187641	0.7085746	-3.2952158
1663667067157	8.777771	0.9206385	-3.9658043
1663667067168	9.027821	1.1575279	-4.092624
1663667067181	8.735896	1.4665012	-3.8602211
1663667067253	8.188837	1.8541385	-3.417549
1663667067267	7.498209	2.0673988	-3.1013973
1663667067279	7.26102	2.0003998	-2.8692935
1663667067291	7.717152	1.8661026	-2.489732
1663667067301	8.295318	1.4760724	-2.1448665
1663667067313	8.782557	0.9613165	-2.3054845
1663667067324	9.280562	0.4214359	-3.0116663
1663667067334	9.905389	-0.05623133	-3.9370906
1663667067346	10.427323	-0.096909314	-4.226622
1663667067382	10.42493	-0.14237295	-3.6137605
1663667067392	10.428519	0.20937198	-2.6715865
1663667067408	10.902597	1.590928	-2.3940191
1663667067423	11.048559	2.243271	-4.0040894
1663667067441	11.522637	1.4066806	-5.729016
1663667067479	12.622738	0.3400799	-2.4765713
1663667067490	12.783057	0.97926265	-1.5535401
1663667067499	10.900205	1.9944177	-5.349454
1663667067517	8.27139	1.1228321	-8.715557
1663667067526	6.4268227	0.99601245	-8.812467
1663667067597	5.796015	1.1120644	-5.816354
1663667067612	6.6996045	1.204188	-1.9857436
1663667067626	8.952447	2.1164517	0.4022933
1663667067645	10.59841	2.8022945	0.93978107
1663667067663	10.380663	2.7496524	-0.959821
1663667067680	8.642576	2.8142586	-3.7680974
1663667067696	6.747461	2.6694927	-5.985048
1663667067710	6.4627147	2.91715	-5.7804613
1663667067728	7.2526455	3.431906	-2.91715
1663667067743	7.9746795	3.205784	-0.8341978
1663667067839	7.453942	2.0578275	-1.6698911
1663667067852	6.928418	0.81894356	-3.3637104
1663667067863	6.381359	-0.11246266	-3.854239
1663667067875	6.9798636	-0.20338993	-2.827419
1663667067887	8.030911	0.5518447	-1.7464614
1663667067896	9.238688	1.9298115	-1.1312069
1663667067907	10.464412	3.5001013	-1.1371889
1663667067917	11.161022	4.6061835	-1.9725832
1663667067927	11.183754	4.8062835	-1.6435701
1663667067938	11.394622	4.3728833	-1.1288141
1663667067951	11.375479	2.9733813	-1.5044873
1663667068048	11.486745	1.4557334	-2.4933212
1663667068062	10.62832	1.5849459	-6.6349983
1663667068073	10.240683	2.3246272	-10.401002
1663667068083	9.997512	3.1698918	-8.543274
1663667068093	9.953245	3.1890345	-5.6464634
1663667068104	9.213564	2.2743778	-2.8704898
1663667068112	7.9555373	1.3226327	-1.2568301
1663667068120	7.1389866	0.9553344	-1.8517456
1663667068132	7.004988	1.0271192	-4.3857446
1663667068145	7.9686975	0.5171488	-6.443572
1663667068156	8.884252	-0.061016977	-5.333901
1663667068167	9.383454	-0.05623133	-2.8142586
1663667068261	8.950054	-0.047856454	-1.2556337
1663667068272	8.008179	-0.02751746	-1.625624
1663667068282	7.3606215	0.25633112	-2.6428726
1663667068290	7.0899334	0.61884373	-3.754937
1663667068301	7.453942	1.0654043	-4.4072804
1663667068313	8.313264	1.8170497	-3.9777687
1663667068325	8.883055	2.6312077	-3.1229327
1663667068337	8.349156	2.778366	-2.827419
1663667068346	7.678867	2.1966112	-3.0116663
1663667068414	7.767401	1.5622141	-2.7735806
1663667068426	8.286943	0.9613165	-2.5040889
1663667068436	8.801699	0.24077778	-2.5986054
1663667068447	9.394221	-0.67028946	-3.0140593
1663667068457	10.275378	-1.3657036	-3.2437701
1663667068480	11.105988	-1.3489537	-2.652444
1663667068489	12.176177	0.0035892338	-2.7326035
1663667068499	12.833306	1.3683954	-5.749355
1663667068522	12.937394	1.1383854	-6.350252
1663667068534	13.247563	0.9816555	-2.0264218
1663667068596	12.136696	2.618047	-3.1217363
1663667068609	9.773783	3.0897322	-6.7812595
1663667068622	7.298109	2.8896325	-7.751848
1663667068634	5.556433	3.3314073	-6.875776
1663667068644	5.5839505	4.0148573	-4.7916274
1663667068655	7.960323	3.9119658	-1.8649062
1663667068666	9.887443	3.7827535	-0.5709873
1663667068691	9.947263	2.9482565	-1.535594
1663667068716	9.027821	2.2624137	-2.7158537
1663667068726	7.433603	1.8050855	-3.8339
1663667068821	6.1824555	1.6004993	-4.6097727
1663667068834	6.3346987	1.7105691	-3.8736808
1663667068848	7.518548	2.309074	-1.9091734
1663667068861	7.271788	2.455036	-1.5391831
1663667068874	6.54766	2.2229323	-2.1101704
1663667068885	6.7968125	1.617249	-2.6201408
1663667068896	7.0085773	1.2412767	-1.9570298
1663667068907	7.4994054	1.1335998	-1.1670992
1663667068918	8.503793	1.2640085	-0.7636095
1663667068930	10.076475	1.7584256	-0.54705906
1663667068941	11.269896	2.4275186	-0.7648059
1663667069046	12.310175	3.2416766	-0.9454641
1663667069061	13.086048	4.132106	-2.213361
1663667069073	12.014662	4.796712	-4.7569313
1663667069084	11.527423	4.6229334	-5.2884374
1663667069095	10.550553	4.645665	-7.2179494
1663667069108	9.983155	3.8341992	-9.052048
1663667069120	9.35474	3.3613176	-7.0528445
1663667069131	9.998709	2.7652056	-5.8594246
1663667069142	9.642178	1.4617156	-4.078267
1663667069154	8.359924	-0.31226337	-3.1360931
1663667069166	7.308877	-1.439881	-3.100201
1663667069175	7.192825	-1.3274183	-4.426722
1663667069252	8.283354	-0.5195416	-4.955536
1663667069267	9.334401	-0.28115666	-3.699902
1663667069280	9.515059	0.06580263	-2.6488547
1663667069292	8.8543415	0.67148584	-2.7472596
1663667069304	7.800901	1.1383854	-3.2437701
1663667069313	7.0672016	1.0570294	-3.958626
1663667069319	6.923632	0.7588239	-4.4913282
1663667069327	7.320841	0.6523433	-4.54397
1663667069377	8.193623	0.7938189	-4.135695
1663667069391	8.880662	1.0342976	-3.3924243
1663667069403	8.918947	1.2891332	-2.6452653
1663667069415	8.473883	1.3971093	-2.7855446
1663667069427	8.032107	1.3226327	-3.5742788
1663667069443	8.063214	1.2819548	-3.7836509
1663667069504	8.351549	1.1347961	-3.461816
1663667069518	8.710772	0.99960166	-2.9303105
1663667069530	9.114262	0.90508515	-2.7652056
1663667069538	9.427721	0.72053874	-2.9650064
1663667069550	9.801301	0.62482584	-3.0667014
1663667069600	9.960423	0.39631125	-2.7532415
1663667069618	9.97478	0.21774685	-2.3509483
1663667069638	10.195219	0.38554356	-2.461018
1663667069654	10.627124	0.602094	-4.0328035
1663667069667	11.175379	0.2431706	-6.122934
1663667069679	12.772289	0.37238303	-4.948357
1663667069692	12.289836	0.65353966	-2.9099715
1663667069703	10.703694	1.7213368	-3.9753757
1663667069714	9.037691	1.9680966	-5.9228344
1663667069727	7.595118	1.7428722	-6.4148583
1663667069821	6.785746	1.9417756	-5.0790653
1663667069834	7.259824	2.0315065	-2.5375884
1663667069845	8.772985	2.388037	-0.6798607
1663667069854	9.752248	3.0729825	-0.48215377
1663667069866	9.548559	2.9817562	-2.4622145
1663667069878	8.650951	2.461018	-4.8454657
1663667069919	7.320841	1.7225332	-5.9838514
1663667069932	6.451947	1.2759727	-5.823532
1663667069943	6.690033	1.6818552	-4.206283
1663667069954	7.855936	2.6084757	-1.7620147
1663667069966	8.911769	3.0681968	-0.6164509
1663667070054	8.518149	2.5402803	-2.3856442
1663667070069	8.026125	1.7093726	-4.019643
1663667070079	7.963912	1.2664014	-3.905984
1663667070091	8.286943	1.3417753	-3.2102706
1663667070101	8.446066	1.5239289	-3.024827
1663667070109	8.385049	1.6842481	-2.9805596
1663667070118	8.362317	1.9310079	-2.5794628
1663667070124	8.661719	2.5546372	-2.3186452
1663667070131	9.476774	3.3577285	-2.7338
1663667070139	10.042975	3.9406798	-3.2066815
1663667070153	10.325628	3.972983	-2.801098
1663667070253	9.926924	2.8812575	-1.6280167
1663667070267	9.224331	1.556232	-1.9007984
1663667070281	9.223135	1.3070793	-4.078267
1663667070291	9.679267	1.2568301	-6.5536423
1663667070301	10.636695	1.8457636	-8.197212
1663667070309	10.432109	2.0422742	-7.298408
1663667070322	9.205189	1.3405789	-5.43081
1663667070334	8.194819	0.56141603	-3.7716868
1663667070344	7.5376906	-0.1268196	-2.6823542
1663667070409	7.0097737	-0.5829514	-2.6141586
1663667070419	6.8853474	-0.7265208	-3.598207
1663667070429	7.498209	-0.7408777	-4.834698
1663667070440	8.684451	-0.18544376	-5.296812
1663667070451	9.960423	0.6044868	-4.7318068
1663667070464	10.328021	0.9086744	-3.8374894
1663667070505	9.600304	0.34606197	-3.2736804
1663667070517	8.677272	-0.24526432	-3.6149569
1663667070525	8.014161	-0.4106682	-4.2888355
1663667070534	7.8702927	-0.10049855	-4.5714874
1663667070546	8.119446	0.44895336	-4.537988
1663667070596	8.587542	0.94337034	-4.1141596
1663667070602	8.934501	1.3142579	-3.559922
1663667070606	9.225528	1.428216	-3.2844481
1663667070610	9.312865	1.2616158	-3.522833
1663667070643	9.59163	1.0331012	-4.048357
1663667070648	9.763016	0.98644114	-4.4913282
1663667070653	9.523434	0.92662054	-4.5248275
1663667070715	8.970393	0.82971126	-4.188337
1663667070728	8.407781	1.0055838	-4.078267
1663667070737	8.217551	1.1288141	-4.557131
1663667070838	8.969196	0.49441698	-4.782056
1663667070851	10.105189	-0.27996024	-4.0220356
1663667070863	10.219148	-0.09451649	-4.1632123
1663667070873	9.256635	0.70378894	-6.047261
1663667070883	8.0715885	0.71694946	-6.032904
1663667070892	8.292925	1.1048858	-4.8526444
1663667070907	9.260223	1.8098712	-3.185146
1663667070915	9.824033	2.3832514	-2.1532412
1663667070924	10.047761	2.9602208	-2.9183464
1663667070934	9.416953	2.6371896	-4.1608195
1663667070944	8.024929	1.602892	-4.928018
1663667071053	7.0839515	1.183849	-5.137689
1663667071065	6.4088764	0.9625129	-4.968696
1663667071077	6.2700925	1.0402796	-4.6097727
1663667071087	6.9738817	1.454537	-4.0902314
1663667071098	8.11466	2.0937197	-3.5730824
1663667071108	9.378669	2.9614172	-3.5204403
1663667071118	10.074082	3.1519456	-3.836293
1663667071125	9.895817	2.740081	-3.848257
1663667071135	9.200403	2.2827528	-3.8904305
1663667071145	8.506186	2.0578275	-3.8255253
1663667071154	8.648559	2.4598217	-3.6771703
1663667071164	9.410972	2.3653052	-3.464209
1663667071254	9.662517	1.8948164	-4.564309
1663667071263	8.665308	1.265205	-6.2940207
1663667071275	7.797312	0.98644114	-7.4096746
1663667071287	7.4994054	1.015155	-7.066005
1663667071301	7.751848	1.0713863	-5.2609196
1663667071322	8.381459	0.42382872	-2.992524
1663667071335	9.542577	-0.0011964113	-1.9965113
1663667071344	10.401002	-0.11365908	-2.3748765
1663667071412	10.017851	-0.317049	-3.8099718
1663667071423	9.342776	-0.20578274	-5.2549376
1663667071432	8.920144	0.06819545	-5.6668024
1663667071443	8.648559	0.40827537	-5.052744
1663667071455	8.56122	0.54705906	-4.1632123
1663667071464	8.515757	0.5303093	-3.3565319
1663667071519	8.491829	0.53270215	-3.0439694
1663667071532	8.67129	0.73130643	-3.5383866
1663667071540	8.867501	0.9732806	-4.133302
1663667071547	8.866305	1.2005987	-4.3785663
1663667071553	8.767003	1.4437693	-4.7210393
1663667071650	8.504989	1.6914265	-4.99412
1663667071661	8.217551	1.8696918	-5.0479584
1663667071669	8.030911	2.0183458	-4.932804
1663667071677	7.998608	1.9788643	-4.6085763
1663667071691	8.023732	1.5921243	-4.566702
1663667071700	8.429316	1.2436695	-4.961518
1663667071709	9.083155	1.5047864	-4.566702
1663667071717	9.251849	1.8349959	-3.938287
1663667071723	9.306884	2.1176481	-3.2760732
1663667071728	9.584451	2.530709	-2.0778673
1663667071773	9.51147	2.902793	-1.5056837
1663667071787	9.205189	3.0502508	-2.199004
1663667071795	8.898608	3.187838	-3.0379875
1663667071835	8.886644	2.923132	-3.5324044
1663667071843	8.996714	2.251646	-3.7657046
1663667071848	9.202796	1.8266209	-3.5671003
1663667071905	8.971589	1.8900307	-2.9315069
1663667071913	8.461619	2.1858435	-2.8585258
1663667071920	8.136195	2.4227328	-3.124129
1663667071926	8.036893	2.5701907	-3.1803603
1663667071934	8.113463	2.8034909	-3.211467
1663667072044	8.335996	3.1016963	-3.3230324
1663667072056	8.8543415	3.370889	-3.449852
1663667072067	9.489935	3.3457642	-3.8760736
1663667072077	9.691231	3.0188448	-4.2673
1663667072088	9.206385	2.4598217	-4.05075
1663667072097	8.631808	2.105684	-3.5431721
1663667072119	8.327621	1.9800607	-3.161218
1663667072131	8.266604	1.8684953	-3.0894332
1663667072139	8.406584	1.9178474	-3.4713874
1663667072148	8.589934	1.995614	-3.8470607
1663667072156	8.8854475	2.0781665	-3.917948
1663667072163	9.128618	2.1499512	-3.4654055
1663667072243	9.239884	2.2384856	-3.0284162
1663667072254	9.238688	2.193022	-3.0092735
1663667072263	9.227921	2.1092732	-3.1169505
1663667072272	9.2075815	2.0410776	-3.164807
1663667072313	9.0747795	1.9190438	-3.1827533
1663667072317	8.923733	1.7620147	-3.342175
1663667072320	8.855537	1.6974086	-3.4474592
1663667072324	8.841181	1.7201403	-3.522833
1663667072406	8.89143	1.8661026	-3.484548
1663667072411	9.072387	2.0350957	-3.3170505
1663667072416	9.202796	2.120041	-3.0894332
1663667072422	9.233903	2.152344	-3.0643084
1663667072428	9.135797	2.0901306	-3.1396823
1663667072463	8.978767	2.0171494	-3.2497523
1663667072470	8.904591	1.963311	-3.240181
1663667072478	8.957232	1.9549361	-3.1540394
1663667072486	9.131011	2.0075781	-3.0607193
1663667072515	9.257831	2.0590239	-3.0284162
1663667072524	9.239884	2.0865414	-3.0583265
1663667072597	9.0747795	2.085345	-3.1193435
1663667072612	8.89502	2.0518453	-3.1636107
1663667072622	8.783752	1.9716859	-3.161218
1663667072631	8.79811	1.9393828	-3.1863425
1663667072657	8.843574	1.8768703	-3.2330024
1663667072669	8.892626	1.8134605	-3.2760732
1663667072678	8.982357	1.8337995	-3.292823
1663667072715	9.032906	1.8433708	-3.2712877
1663667072726	9.062816	1.8110676	-3.1971102
1663667072738	9.015857	1.7751753	-3.0966115
1663667072834	8.988339	1.8337995	-3.10379
1663667072841	8.970393	1.9250258	-3.1504502
1663667072848	8.972786	1.879263	-3.1671999
1663667072854	9.011071	1.7344973	-3.0990045
1663667072862	9.102298	1.5777674	-3.0822546
1663667072867	9.189635	1.4617156	-3.1085758
1663667072904	9.218349	1.3477573	-3.1396823
1663667072908	9.046066	1.4006985	-2.935096
1663667072914	9.140582	1.7344973	-5.339883
1663667072920	8.233105	0.040677983	-6.34427
1663667072926	9.12144	0.62841505	-1.6411772
