Timestamp 	 X 	 Y 	 Z 
1663683761332	9.657731	0.1160519	-0.9059825
1663683761351	9.733106	0.23599213	-0.76719874
1663683761492	9.766604	0.2635096	-0.56859446
1663683761503	9.764212	0.033499517	-0.5590232
1663683761513	9.770194	-0.02751746	-0.5913263
1663683761525	9.778569	-0.07776674	-0.65952176
1663683761531	9.833604	-0.049052864	-0.72053874
1663683761537	9.833604	0.02871387	-0.7480562
1663683761544	9.782158	0.08733802	-0.75523466
1663683761550	9.737891	0.05503492	-0.68225354
1663683761555	9.718748	-0.04426722	-0.6942177
1663683761561	9.70798	-0.11844472	-0.72771716
1663683761600	9.705587	-0.16630118	-0.7468598
1663683761617	9.715159	-0.11246266	-0.7516454
1663683761623	9.764212	-0.039481573	-0.74207413
1663683761632	9.833604	-0.07058827	-0.7851449
1663683761694	9.825229	-0.07298109	-0.8030911
1663683761705	9.746265	-0.025124637	-0.750449
1663683761716	9.710373	0.01794617	-0.74566334
1663683761723	9.785748	0.05742774	-0.7253244
1663683761735	9.855139	0.02632105	-0.68225354
1663683761747	9.825229	-0.049052864	-0.73369926
1663683761756	9.783355	-0.06699903	-0.70378894
1663683761839	9.777372	-0.049052864	-0.663111
1663683761853	9.794122	-0.05742774	-0.6762715
1663683761861	9.800104	-0.03589234	-0.69182485
1663683761871	9.843175	-0.008374879	-0.6678966
1663683761883	9.855139	-0.008374879	-0.6655038
1663683761893	9.849157	0.023928227	-0.6798607
1663683761902	9.760623	0.016749758	-0.76719874
1663683761909	9.64457	-0.0059820567	-0.8365906
1663683761918	9.609875	-0.040677983	-0.83778703
1663683761929	9.634999	-0.050249275	-0.77677006
1663683761937	9.730712	-0.061016977	-0.7013961
1663683762069	9.809675	-0.050249275	-0.7109674
1663683762084	9.841979	0.01794617	-0.67148584
1663683762095	9.822836	0.040677983	-0.6451648
1663683762104	9.759426	0.09810573	-0.6678966
1663683762115	9.755837	0.106480606	-0.69900334
1663683762126	9.7654085	0.04546363	-0.73489565
1663683762135	9.822836	-0.009571291	-0.63200426
1663683762141	9.893424	0.020338992	-0.5374878
1663683762149	9.931709	0.050249275	-0.53988063
1663683762155	9.8348	0.047856454	-0.6523433
1663683762207	9.6529455	0.023928227	-0.7683952
1663683762218	9.54138	-0.02871387	-0.79710907
1663683762227	9.603892	-0.09212367	-0.7516454
1663683762236	9.698409	-0.11964113	-0.68225354
1663683762299	9.761819	-0.13399807	-0.7073782
1663683762311	9.870692	-0.124426775	-0.7193423
1663683762319	9.922138	-0.09451649	-0.64277196
1663683762328	9.777372	-0.08135597	-0.669093
1663683762337	9.674481	-0.034695927	-0.71216387
1663683762347	9.709177	-0.010767702	-0.62482584
1663683762356	9.754641	-0.047856454	-0.68345
1663683762366	9.713963	-0.05623133	-0.7492526
1663683762493	9.662517	-0.11006984	-0.68105716
1663683762507	9.692428	-0.14237295	-0.6655038
1663683762521	9.778569	-0.09332009	-0.65353966
1663683762529	9.840782	-0.0011964113	-0.6583253
1663683762536	9.840782	0.038285162	-0.60687965
1663683762542	9.8348	0.04546363	-0.5925227
1663683762548	9.863514	0.01794617	-0.5829514
1663683762554	9.837193	-0.02632105	-0.65712893
1663683762586	9.77139	-0.09092726	-0.7540382
1663683762597	9.723534	-0.15074782	-0.7588239
1663683762605	9.772587	-0.062213387	-0.7265208
1663683762615	9.816854	0.11485548	-0.7049854
1663683762694	9.761819	0.22731815	-0.689432
1663683762705	9.715159	0.15792629	-0.6750751
1663683762716	9.7654085	-0.022731815	-0.5805586
1663683762724	9.796515	-0.13878371	-0.6128617
1663683762735	9.77498	-0.17467605	-0.70977104
1663683762745	9.74148	-0.09332009	-0.7049854
1663683762754	9.729516	-0.0035892338	-0.6655038
1663683762836	9.849157	0.059820566	-0.6655038
1663683762850	9.959227	0.04546363	-0.81864446
1663683762859	9.855139	-0.010767702	-0.8665009
1663683762871	9.740284	-0.14117654	-0.7935198
1663683762881	9.706784	-0.11485548	-0.73848486
1663683762891	9.730712	-0.039481573	-0.64277196
1663683762905	9.684052	0.058624156	-0.5159524
1663683762917	9.713963	-0.039481573	-0.38763726
1663683762927	9.81805	-0.101694964	-0.485743
1663683762935	9.816854	-0.05742774	-0.73489565
1663683763092	9.790533	-0.0011964113	-0.7683952
1663683763108	9.796515	0.033499517	-0.6128617
1663683763122	9.806087	0.09571291	-0.5183452
1663683763135	9.820443	0.1471586	-0.5985048
1663683763147	9.862318	0.1698904	-0.57936215
1663683763159	9.979566	0.16510476	-0.42592242
1663683763171	9.959227	0.17706887	-0.43070808
1663683763183	9.850353	0.23599213	-0.62721866
1663683763196	9.759426	0.30059835	-0.7085746
1663683763207	9.786943	0.2742773	-0.70259255
1663683763218	9.879067	0.23599213	-0.57816577
1663683763300	9.926924	0.2670988	-0.7516454
1663683763317	9.904192	0.285045	-0.9634102
1663683763331	9.857532	0.33409786	-1.1503495
1663683763344	9.80489	0.36400816	-1.0725827
1663683763357	9.815658	0.35443684	-0.92632145
1663683763370	9.760623	0.4142574	-0.85094756
1663683763382	9.687641	0.4334	-0.6583253
1663683763394	9.710373	0.44775695	-0.36011982
1663683763406	9.736694	0.46809593	-0.15314065
1663683763417	9.77139	0.4549354	-0.16390835
1663683763429	9.766604	0.50398827	-0.25842485
1663683763440	9.584451	0.5075775	-0.26919255
1663683763492	9.49472	0.47886363	-0.2847459
1663683763506	9.471989	0.5518447	-0.19980069
1663683763524	9.357133	0.6332007	-0.09571291
1663683763534	9.290133	0.5805586	0.051445685
1663683763545	9.370294	0.4334	0.13549358
1663683763554	9.38465	0.37238303	0.090029955
1663683763564	9.433703	0.35563326	0.25034907
1663683763575	9.650553	0.36400816	0.17736799
1663683763586	9.849157	0.49441698	0.112761766
1663683763595	10.0417795	0.5051847	0.08883354
1663683763604	10.274182	0.49441698	-0.22971097
1663683763614	10.720743	0.8045866	-0.9921241
1663683763697	11.056934	1.474876	-2.137688
1663683763711	11.0019	1.8696918	-2.5579274
1663683763723	10.0011015	1.1539388	-1.8373886
1663683763733	8.599505	-0.21655045	-0.85812604
1663683763742	8.154141	-1.2269198	0.56859446
1663683763750	8.880662	-1.3489537	1.0845468
1663683763760	9.570094	-1.0031909	0.13429718
1663683763837	9.819247	-0.61884373	-0.8593224
1663683763850	9.94487	-0.19381863	-1.2173486
1663683763859	9.953245	0.1698904	-1.2819548
1663683763868	9.926924	0.3173481	-0.7289136
1663683763880	9.812068	0.36041892	-0.16031912
1663683763891	9.719945	0.24915266	-0.12083755
1663683763906	9.582058	0.02632105	-0.5051847
1663683763917	9.594321	-0.09451649	-0.8150552
1663683763926	9.74148	-0.11246266	-0.61764735
1663683763934	9.906585	-0.05503492	-0.2644069
1663683764090	10.089636	0.09092726	0.022731815
1663683764105	10.198809	0.2213361	-0.029910283
1663683764116	10.164112	0.34965122	-0.2213361
1663683764123	9.910174	0.37836507	-0.63559353
1663683764134	9.597911	0.31615168	-0.9502497
1663683764145	9.4636135	0.13998012	-0.95742816
1663683764156	9.54138	0.008374879	-0.6523433
1663683764165	9.743873	-0.008374879	-0.33140594
1663683764174	9.816854	-0.10049855	-0.19740787
1663683764182	9.88505	-0.09930214	-0.2117648
1663683764192	9.936495	-0.078963146	-0.2428715
1663683764303	10.133903	0.029910283	-0.38165522
1663683764315	10.111171	0.076570325	-0.38883367
1663683764322	9.835997	-0.039481573	-0.4103691
1663683764332	9.636196	-0.13519448	-0.51475596
1663683764344	9.67807	-0.13519448	-0.62123656
1663683764353	9.853943	-0.0634098	-0.61046886
1663683764362	9.850353	-0.1698904	-0.44745782
1663683764370	9.725926	-0.44177487	-0.52552366
1663683764383	9.5557375	-0.57936215	-0.7073782
1663683764392	9.52822	-0.57816577	-0.8246265
1663683764401	9.546165	-0.60687965	-0.78634137
1663683764413	9.646963	-0.6978069	-0.65952176
1663683764496	9.770194	-0.79710907	-0.7193423
1663683764511	9.815658	-1.0809577	-0.8222337
1663683764525	9.643374	-1.5406786	-1.0208379
1663683764531	9.389436	-1.4557334	-1.189831
1663683764537	9.175279	-0.73130643	-1.0737791
1663683764541	9.466006	0.14955142	-0.55782676
1663683764547	9.992726	0.73489565	0.050249275
1663683764554	10.3017	0.7289136	0.42382872
1663683764587	10.226326	0.35084763	0.20967108
1663683764598	10.022636	-0.038285162	0.110368945
1663683764607	9.981958	-0.23330021	0.13429718
1663683764617	9.728319	-0.4118646	-0.1591227
1663683764697	9.580862	-0.61884373	-0.31944183
1663683764712	9.67807	-0.6906284	-0.45224348
1663683764721	9.94846	-0.6523433	-0.1698904
1663683764733	9.997512	-1.204188	0.0
1663683764744	9.918549	-1.8756739	-0.16151553
1663683764752	9.639785	-2.0108683	-0.92153585
1663683764763	9.485149	-1.6962122	-1.6483557
1663683764838	9.715159	-1.4195421	-1.8649062
1663683764850	10.003494	-0.88325065	-1.3716856
1663683764861	9.800104	-0.08015956	-0.7600203
1663683764872	9.603892	0.03589234	0.21804596
1663683764884	9.522238	-0.6655038	0.22761725
1663683764892	9.442079	-1.3645071	-0.25244278
1663683764906	9.638589	-1.4964114	-0.81625164
1663683764918	9.806087	-1.2352947	-0.97776717
1663683764927	9.922138	-0.30029923	-0.4642076
1663683764935	10.047761	0.6619146	0.42622152
1663683764984	10.126724	1.16351	1.0127622
1663683764995	9.947263	0.9924232	0.48125646
1663683765091	9.597911	0.10289137	-0.88325065
1663683765104	9.446864	-0.91106725	-1.8517456
1663683765114	9.605089	-1.3082758	-1.6423737
1663683765124	9.731909	-0.78753775	-0.6332007
1663683765133	9.809675	0.040677983	0.031106694
1663683765148	9.930513	0.74566334	0.046660043
1663683765160	9.989138	0.96490574	-0.5422734
1663683765170	9.859925	0.6726823	-1.0435698
1663683765308	9.734302	0.26111677	-1.1347961
1663683765324	9.74148	-0.08015956	-0.959821
1663683765335	9.822836	-0.10887343	-0.831805
1663683765341	9.889835	0.22492532	-0.8341978
1663683765350	9.938888	0.5913263	-0.8497511
1663683765361	9.832407	0.75523466	-0.7683952
1663683765370	9.742677	0.799801	-0.70977104
1663683765377	9.752248	0.78394854	-0.8593224
1663683765390	9.875478	0.8787641	-0.89282197
1663683765401	10.057333	1.0067801	-0.8030911
1663683765410	10.096814	1.0809577	-0.8748758
1663683765422	10.002297	1.1060823	-0.9526425
1663683765507	9.768997	1.0342976	-1.0016954
1663683765530	9.572487	0.91226363	-1.0797613
1663683765540	9.512667	0.91346	-0.86530447
1663683765549	9.550952	0.9314062	-0.68105716
1663683765559	9.69482	0.9098708	-0.6798607
1663683765569	9.825229	0.9026923	-0.770788
1663683765579	9.776176	0.93738824	-0.97537434
1663683765587	9.474381	0.93978107	-1.1216356
1663683765594	8.964411	0.8344969	-1.0411769
1663683765604	8.665308	0.64875406	-0.7396813
1663683765611	8.756235	0.453739	-0.465404
1663683765620	8.922537	0.35204405	-0.34576288
1663683765628	9.120243	0.38434714	-0.44147578
1663683765707	9.460024	0.48006004	-0.61405814
1663683765724	9.803694	0.6906284	-0.7360921
1663683765735	10.053743	1.0462617	-1.2843475
1663683765743	10.386645	1.495215	-2.129313
1663683765754	11.229218	2.5295126	-2.5615165
1663683765765	11.274681	2.728117	-2.748456
1663683765776	9.770194	1.238884	-2.2002003
1663683765787	8.575577	0.0023928226	-0.9693923
1663683765796	8.761021	-0.53389853	0.65982085
1663683765835	9.922138	-0.57936215	1.5191432
1663683765849	10.848759	-0.09332009	0.29461628
1663683765861	10.870295	0.4968098	-1.7069799
1663683765871	10.201201	0.927817	-2.650051
1663683765906	9.493524	0.6678966	-2.349752
1663683765919	9.30808	0.076570325	-1.3298112
1663683765928	9.467203	-0.15194423	-0.17467605
1663683765937	9.654142	-0.4022933	0.535095
1663683766089	9.637392	-0.76959157	0.26829523
1663683766104	9.668499	-0.8748758	-0.2835495
1663683766113	9.883853	-0.54705906	-0.56859446
1663683766121	10.077672	-0.24047868	-0.69182485
1663683766130	10.08485	-0.104087785	-0.71694946
1663683766140	9.9807625	-0.06699903	-0.6200402
1663683766153	9.826426	-0.20578274	-0.5566304
1663683766163	9.674481	-0.33409786	-0.68105716
1663683766173	9.55813	-0.34366915	-0.69541407
1663683766183	9.608679	-0.2117648	-0.51116675
1663683766307	9.739087	-0.09212367	-0.2943172
1663683766322	9.832407	-0.09332009	-0.21774685
1663683766333	9.807282	-0.2428715	-0.41156548
1663683766342	9.666106	-0.38315073	-0.6547361
1663683766353	9.521041	-0.44177487	-0.7325028
1663683766361	9.559326	-0.38315073	-0.5626124
1663683766371	9.759426	-0.2117648	-0.34337005
1663683766381	9.859925	-0.08973085	-0.23688944
1663683766393	9.80489	-0.050249275	-0.28594232
1663683766404	9.766604	-0.12921242	-0.23688944
1663683766414	9.77139	-0.276371	-0.21296121
1663683766506	9.772587	-0.2883351	-0.30867413
1663683766519	9.757033	-0.1902294	-0.37208393
1663683766530	9.785748	-0.06460621	-0.3481557
1663683766542	9.816854	0.019142581	-0.3062813
1663683766550	9.840782	0.0047856453	-0.2644069
1663683766558	9.800104	-0.10887343	-0.276371
1663683766565	9.783355	-0.18185452	-0.34337005
1663683766568	9.780962	-0.1794617	-0.41635114
1663683766572	9.78814	-0.18783657	-0.48454657
1663683766575	9.807282	-0.13519448	-0.44147578
1663683766588	9.820443	0.0035892338	-0.36011982
1663683766591	9.731909	0.008374879	-0.4019942
1663683766595	9.589237	-0.05503492	-0.5051847
1663683766598	9.567701	-0.13160525	-0.54346985
1663683766704	9.698409	-0.18185452	-0.37447673
1663683766711	9.826426	-0.18185452	-0.2835495
1663683766718	9.880263	-0.13280165	-0.3074777
1663683766727	9.853943	-0.08015956	-0.3493521
1663683766737	9.785748	-0.04546363	-0.40558344
1663683766746	9.764212	-0.02751746	-0.4319045
1663683766754	9.794122	0.03708875	-0.4426722
1663683766837	9.795319	0.09212367	-0.3900301
1663683766850	9.792926	0.029910283	-0.32662028
1663683766862	9.783355	-0.0526421	-0.32063824
1663683766873	9.767801	-0.078963146	-0.27158538
1663683766887	9.801301	-0.086141616	-0.20937198
1663683766899	9.825229	-0.08853444	-0.24885355
1663683766910	9.839586	-0.0741775	-0.26679972
1663683766922	9.795319	-0.111266255	-0.24526432
1663683766934	9.743873	-0.10887343	-0.32303107
1663683766946	9.728319	-0.0741775	-0.3924229
1663683767090	9.778569	-0.008374879	-0.36490545
1663683767111	9.85155	0.025124637	-0.2656033
1663683767127	9.827621	-0.031106694	-0.30388847
1663683767138	9.7654085	-0.08255238	-0.36011982
1663683767146	9.717552	-0.11964113	-0.36370903
1663683767157	9.709177	-0.12083755	-0.35294133
1663683767166	9.736694	-0.09092726	-0.3505485
1663683767177	9.705587	-0.015553347	-0.39601216
1663683767190	9.713963	0.019142581	-0.34217364
1663683767201	9.819247	0.0023928226	-0.25244278
1663683767307	9.875478	-0.046660043	-0.23330021
1663683767326	9.864711	-0.09212367	-0.22013968
1663683767341	9.810872	-0.13040884	-0.27158538
1663683767349	9.759426	-0.11246266	-0.32542387
1663683767360	9.71157	-0.08853444	-0.3290131
1663683767371	9.727123	-0.078963146	-0.3062813
1663683767380	9.767801	-0.08973085	-0.28115666
1663683767391	9.78814	-0.106480606	-0.2632105
1663683767403	9.807282	-0.12562318	-0.25722843
1663683767414	9.855139	-0.08733802	-0.2739782
1663683767426	9.832407	-0.078963146	-0.30388847
1663683767439	9.77498	-0.09571291	-0.3182454
1663683767506	9.767801	-0.096909314	-0.30269206
1663683767537	9.786943	-0.09930214	-0.28594232
1663683767543	9.794122	-0.086141616	-0.2644069
1663683767552	9.801301	-0.02632105	-0.24765715
1663683767559	9.838389	-0.009571291	-0.2727818
1663683767568	9.839586	-0.04546363	-0.3361916
1663683767583	9.819247	-0.09930214	-0.37328035
1663683767594	9.791729	-0.09451649	-0.33260235
1663683767605	9.779765	-0.043070808	-0.30388847
1663683767616	9.783355	-0.08255238	-0.3182454
1663683767625	9.786943	-0.13280165	-0.3397808
1663683767637	9.789336	-0.15433706	-0.3397808
1663683767648	9.80489	-0.15553348	-0.35294133
1663683767705	9.828818	-0.13878371	-0.34337005
1663683767720	9.814461	-0.09930214	-0.35653058
1663683767732	9.77498	-0.11724831	-0.38165522
1663683767745	9.747462	-0.14356937	-0.41635114
1663683767759	9.730712	-0.16630118	-0.46779683
1663683767771	9.715159	-0.13998012	-0.45942193
1663683767784	9.751051	-0.11006984	-0.37806597
1663683767840	9.796515	-0.09571291	-0.3361916
1663683767854	9.797711	-0.08973085	-0.3696911
1663683767865	9.748658	-0.06819545	-0.42951167
1663683767876	9.810872	-0.033499517	-0.41635114
1663683767887	9.856336	-0.051445685	-0.37328035
1663683767901	9.782158	-0.033499517	-0.40917268
1663683767913	9.734302	-0.07178468	-0.4534399
1663683767924	9.697213	-0.11485548	-0.43788654
1663683767937	9.703195	-0.12323037	-0.41156548
1663683767950	9.727123	-0.12562318	-0.34576288
1663683768090	9.782158	-0.09212367	-0.2644069
1663683768108	9.783355	-0.11844472	-0.2835495
1663683768117	9.761819	-0.14955142	-0.3469593
1663683768128	9.773783	-0.12921242	-0.32542387
1663683768140	9.810872	-0.12801601	-0.23569304
1663683768151	9.845568	-0.14955142	-0.18783657
1663683768164	9.861121	-0.20937198	-0.21655045
1663683768175	9.807282	-0.18544376	-0.2883351
1663683768187	9.783355	-0.15314065	-0.31465617
1663683768198	9.825229	-0.14596218	-0.32063824
1663683768209	9.824033	-0.1698904	-0.31585258
1663683768218	9.801301	-0.1698904	-0.31226337
1663683768307	9.783355	-0.20458634	-0.31345975
1663683768321	9.766604	-0.18305093	-0.38285163
1663683768333	9.735498	-0.2105684	-0.41994038
1663683768344	9.78814	-0.17108682	-0.38883367
1663683768358	9.838389	-0.15792629	-0.37447673
1663683768369	9.831211	-0.15194423	-0.3385844
1663683768380	9.796515	-0.23808585	-0.31226337
1663683768393	9.7450695	-0.2847459	-0.40438703
1663683768405	9.70798	-0.23090738	-0.4833502
1663683768440	9.748658	-0.13758731	-0.45822555
1663683768453	9.786943	-0.096909314	-0.34576288
1663683768464	9.779765	-0.11246266	-0.2727818
1663683768476	9.843175	-0.148355	-0.2656033
1663683768488	9.772587	-0.22851457	-0.3481557
1663683768505	9.697213	-0.23808585	-0.4235296
1663683768524	9.706784	-0.13998012	-0.4103691
1663683768530	9.7654085	-0.0634098	-0.34337005
1663683768537	9.852746	-0.020338992	-0.19740787
1663683768546	9.919745	-0.078963146	-0.21894327
1663683768554	9.961619	-0.12083755	-0.3361916
1663683768561	9.88505	-0.11485548	-0.34097722
1663683768590	9.865907	-0.06580263	-0.34337005
1663683768601	9.843175	-0.05742774	-0.29790643
1663683768707	9.803694	-0.10767702	-0.28594232
1663683768720	9.784551	-0.1160519	-0.35294133
1663683768730	9.747462	-0.11485548	-0.4331009
1663683768741	9.627821	-0.15194423	-0.4968098
1663683768751	9.626625	-0.14117654	-0.42592242
1663683768759	9.696016	-0.09571291	-0.3792624
1663683768769	9.783355	-0.04546363	-0.41754755
1663683768777	9.843175	-0.0023928226	-0.40797627
1663683768838	9.839586	-0.031106694	-0.4319045
1663683768850	9.757033	-0.09571291	-0.4941179
1663683768861	9.715159	-0.11724831	-0.5195416
1663683768871	9.7654085	-0.08135597	-0.4749753
1663683768881	9.795319	-0.05742774	-0.41874397
1663683768906	9.779765	-0.04426722	-0.4426722
1663683768917	9.810872	-0.032303106	-0.4761717
1663683768929	9.814461	-0.008374879	-0.5315057
1663683768940	9.767801	-0.047856454	-0.56141603
1663683768956	9.747462	-0.016749758	-0.5590232
1663683768965	9.801301	0.043070808	-0.40438703
1663683769092	9.791729	-0.021535404	-0.3290131
1663683769108	9.7247305	-0.038285162	-0.4546363
1663683769119	9.663713	-0.047856454	-0.58893347
1663683769130	9.600304	-0.034695927	-0.6332007
1663683769141	9.624231	-0.08135597	-0.49920264
1663683769153	9.77498	-0.07178468	-0.29790643
1663683769165	9.97478	-0.04546363	-0.0634098
1663683769174	10.195219	0.09212367	-0.08015956
1663683769187	10.176077	0.17108682	-0.21894327
1663683769199	9.839586	0.104087785	-0.43788654
1663683769308	9.536594	0.03708875	-0.6774679
1663683769325	9.524631	0.08255238	-0.6774679
1663683769334	9.684052	0.02632105	-0.64277196
1663683769346	9.716355	-0.0849452	-0.6750751
1663683769356	9.710373	-0.05503492	-0.6678966
1663683769367	9.7450695	-0.11724831	-0.54466623
1663683769380	9.841979	-0.2440679	-0.67387867
1663683769392	10.011869	-0.5566304	-0.77318084
1663683769401	9.58804	-0.9206385	-0.811466
1663683769414	9.08794	-0.9349955	-0.89042914
1663683769507	8.965608	-0.81625164	-0.8712866
1663683769540	9.015857	-0.78873414	-1.1347961
1663683769550	9.32124	-0.6164509	-1.2161521
1663683769558	9.666106	-0.41784665	-0.9239286
1663683769566	9.899406	-0.36161533	-0.71216387
1663683769572	10.107582	-0.2117648	-0.90358967
1663683769578	10.20838	-0.10049855	-0.68823564
1663683769586	10.241879	-0.453739	-0.046660043
1663683769591	10.056136	-0.9732806	0.019142581
1663683769598	9.755837	-1.0833504	-0.2955136
1663683769604	9.513863	-0.91585284	-0.3397808
1663683769611	9.457631	-0.97926265	-0.13040884
1663683769624	9.499506	-1.1443675	-0.09212367
1663683769708	9.67807	-1.2831511	-0.32183465
1663683769720	10.016655	-1.3752748	-0.4031906
1663683769734	10.513465	-1.3130615	-0.60687965
1663683769744	10.623534	-0.8330014	-0.97776717
1663683769756	10.232307	-0.20937198	-1.0977074
1663683769766	9.967602	-0.06460621	-0.54705906
1663683769777	9.773783	-0.45254257	-0.2847459
1663683769787	9.510274	-1.1455638	-0.67387867
1663683769834	9.400204	-1.6052849	-1.0642079
1663683769851	9.323633	-1.7344973	-1.2173486
1663683769863	9.397811	-1.5490535	-0.9550353
1663683769875	9.61825	-1.0869397	-0.71216387
1663683769886	9.801301	-0.5494519	-0.5458627
1663683769906	9.849157	-0.2440679	-0.4546363
1663683769919	9.70798	-0.30029923	-0.5805586
1663683769930	9.519845	-0.5374878	-1.000499
1663683769941	9.373882	-0.7408777	-1.3345969
1663683769953	9.404989	-0.8557332	-1.265205
1663683769965	9.583255	-0.81625164	-0.9669995
1663683770092	9.820443	-0.62721866	-0.5494519
1663683770106	10.042975	-0.34366915	-0.38883367
1663683770113	10.154541	-0.18903299	-0.49292147
1663683770124	10.220344	-0.04546363	-0.7432705
1663683770136	10.119546	-0.013160525	-0.9981061
1663683770144	10.015458	-0.021535404	-1.230509
1663683770154	9.895817	-0.10887343	-1.4650056
1663683770161	9.727123	-0.032303106	-1.6495521
1663683770194	9.578469	0.0047856453	-1.8852451
1663683770201	9.499506	0.11485548	-2.0527427
1663683770310	9.573684	0.3185445	-1.8074784
1663683770319	9.80489	0.48125646	-1.2161521
1663683770327	10.088439	0.6260222	-0.69302124
1663683770336	10.320843	0.77796644	-0.4426722
1663683770345	10.368699	0.9601201	-0.49292147
1663683770354	10.310075	0.98644114	-0.8258229
1663683770361	10.2347	1.0223335	-1.2233306
1663683770370	10.039387	1.2281163	-1.4267205
1663683770380	9.609875	1.3238292	-1.2616158
1663683770388	9.092726	1.2317054	-1.1623136
1663683770399	8.9057865	0.8536395	-1.0076774
1663683770507	9.287741	0.38315073	-0.6116653
1663683770530	9.556933	-0.0047856453	-0.4031906
1663683770539	9.518648	-0.23569304	-0.30508488
1663683770545	9.227921	-0.34247273	-0.09451649
1663683770551	8.944072	-0.36640096	-0.13878371
1663683770559	8.772985	-0.3364907	-0.92153585
1663683770564	8.851949	-0.15314065	-1.7811574
1663683770573	9.171689	0.18664017	-1.7524434
1663683770589	9.6326065	0.42861435	-1.4410775
1663683770597	10.241879	0.54466623	-1.250848
1663683770618	10.573285	0.5315057	-0.9287143
1663683770629	10.627124	0.4848457	-1.0630114
1663683770707	10.532607	0.52193445	-0.7265208
1663683770716	10.186844	0.37238303	-0.69302124
1663683770730	9.830014	0.35563326	-1.1036894
1663683770738	9.880263	0.5566304	-1.1850454
1663683770745	9.8682995	0.6511469	-1.1826526
1663683770752	9.719945	0.5709873	-1.0809577
1663683770780	9.543773	0.13519448	-0.7325028
1663683770790	9.349955	-0.75523466	-0.67387867
1663683770797	9.378669	-1.3501502	-0.8138588
1663683770838	9.5557375	-1.7476579	-0.9693923
1663683770845	9.833604	-1.6806588	-1.0977074
1663683770858	9.891031	-1.2771691	-1.3058829
1663683770906	9.752248	-1.2089736	-1.4781662
1663683770918	9.820443	-1.4147564	-1.2173486
1663683770927	9.611072	-1.6519449	-0.8964112
1663683770935	9.052048	-1.4676976	-0.8952148
1663683770943	8.5372925	-1.0007981	-1.1934203
1663683770990	8.700004	-0.3376871	-1.2759727
1663683771003	9.428918	0.18903299	-0.8461619
1663683771091	10.123136	0.2730809	-0.4833502
1663683771105	10.219148	-0.2739782	-0.5063811
1663683771116	10.075279	-0.7827521	-0.13758731
1663683771122	10.023833	-1.0749756	0.36520454
1663683771133	10.066904	-1.1204392	0.5386842
1663683771145	10.060922	-0.89042914	0.43579283
1663683771155	9.993923	-0.77796644	0.4872385
1663683771166	9.9807625	-1.2616158	0.65264237
1663683771180	10.035797	-2.1499512	-0.22612174
1663683771193	10.552946	-2.9123642	-1.1479566
1663683771208	10.6307125	-2.9769704	-1.332204
1663683771306	9.986745	-1.9103698	-0.7648059
1663683771319	9.326026	-1.1814562	-0.276371
1663683771331	9.561719	-1.015155	0.04426722
1663683771339	10.086046	-1.3106686	0.14267205
1663683771349	9.97837	-1.913959	-0.3792624
1663683771358	9.274581	-2.449054	-0.9346963
1663683771368	8.88784	-2.288735	-1.521237
1663683771378	8.904591	-1.84696	-1.8182461
1663683771390	9.306884	-1.2855439	-1.6998014
1663683771402	9.638589	-0.82941216	-1.4997016
1663683771507	9.833604	-0.7001997	-1.4291133
1663683771536	10.033404	-0.88205427	-1.4650056
1663683771547	10.100404	-1.1647065	-1.8002999
1663683771555	9.917353	-0.92542416	-2.1723838
1663683771561	9.672089	-0.30388847	-2.4586253
1663683771569	9.682856	0.392722	-2.3377876
1663683771575	9.813265	0.92662054	-1.9797616
1663683771581	9.723534	1.0977074	-1.8888344
1663683771588	9.640982	0.8069794	-1.8397815
1663683771594	9.816854	0.13878371	-1.5750755
1663683771599	10.080065	-0.38315073	-1.3058829
1663683771605	10.186844	-0.5099703	-1.1216356
1663683771706	10.064511	-0.3278167	-0.90478605
1663683771717	9.942477	-0.031106694	-0.7899306
1663683771723	9.89821	0.1902294	-0.90119684
1663683771732	9.654142	0.325723	-1.244866
1663683771743	9.269794	0.45014977	-1.50688
1663683771754	8.983554	0.34965122	-1.466202
1663683771763	8.817252	0.19980069	-1.326222
1663683771775	8.847162	0.14596218	-1.2221341
1663683771786	8.899805	0.10887343	-1.2269198
1663683771835	9.060423	-0.022731815	-0.8389834
1663683771847	9.376275	-0.13878371	-0.29671
1663683771856	9.77498	-0.05623133	0.039481573
1663683771865	9.912567	0.022731815	-0.14117654
1663683771905	9.697213	-0.19740787	-0.70618176
1663683771916	9.394221	-0.4668995	-1.3142579
1663683771927	9.378669	-0.41545382	-1.1120644
1663683771938	9.570094	-0.15792629	-0.8030911
1663683771990	9.645767	0.19740787	-0.083748795
1663683772003	9.672089	0.23120649	1.4437693
1663683772014	9.838389	-0.21655045	2.5331018
1663683772095	10.668998	-0.44177487	1.4174483
1663683772108	11.739188	-0.17706887	-0.5135596
1663683772117	12.2120695	0.2335993	-2.7999015
1663683772122	11.052149	0.5709873	-3.6963127
1663683772130	9.822836	0.39631125	-2.62373
1663683772145	9.403793	-0.25124636	-0.8593224
1663683772156	9.748658	-0.87966144	0.075673014
1663683772181	9.827621	-1.2317054	-0.20697916
1663683772194	9.394221	-1.590928	-1.2017952
1663683772204	9.223135	-2.1128623	-1.4937196
1663683772218	9.57488	-2.3030918	-1.2460624
1663683772307	9.746265	-1.9378872	-0.9107681
1663683772322	9.645767	-1.3537394	-0.97896355
1663683772334	9.085547	-0.7085746	-1.5020944
1663683772343	8.660522	-0.42981076	-1.9438694
1663683772358	8.89143	-0.5554339	-1.8002999
1663683772370	9.404989	-0.7600203	-1.1802598
1663683772380	9.725926	-1.4494523	-0.88205427
1663683772389	9.864711	-2.3341985	-0.49920264
1663683772400	9.986745	-2.4717858	0.27068806
1663683772506	9.61466	-1.8840487	0.34965122
1663683772519	9.202796	-1.3286148	-0.16031912
1663683772545	9.170493	-0.9349955	-0.29671
1663683772553	9.377472	-0.61764735	-0.23569304
1663683772562	9.662517	-0.4968098	0.14985052
1663683772571	9.779765	-0.56141603	0.73519474
1663683772582	9.902996	-0.55782676	1.0295119
1663683772592	10.047761	-0.5458627	1.055833
1663683772601	10.241879	-0.61046886	0.86560357
1663683772611	10.420144	-0.56500524	0.51116675
1663683772619	10.295717	-0.43938205	0.30059835
1663683772628	9.64816	-0.79471624	0.47527438
1663683772706	9.218349	-1.5239289	0.2204388
1663683772717	9.531809	-2.5953152	-0.39601216
1663683772729	10.0011015	-3.5742788	-1.230509
1663683772739	10.019048	-2.9985058	-2.1400807
1663683772750	9.840782	-1.5155541	-1.16351
1663683772762	9.855139	-1.5023935	0.718445
1663683772782	9.580862	-1.6220347	1.6770695
1663683772793	10.189237	-2.2671995	0.047856454
1663683772803	11.049756	-3.1842487	-0.70618176
1663683772834	10.517054	-3.5156546	-1.521237
1663683772847	9.879067	-2.7963123	-2.949453
1663683772858	9.792926	-0.7265208	-1.5200406
1663683772870	9.891031	1.0366904	-0.46660042
1663683772905	9.734302	1.2699906	-0.8365906
1663683772916	9.323633	0.58534425	-2.1954148
1663683772926	9.479167	0.009571291	-2.795116
1663683772934	9.97837	-0.4429713	-3.071487
1663683772992	10.1904335	-0.7540382	-2.0694926
1663683773005	10.201201	-0.45732823	-0.65712893
1663683773014	10.035797	-0.16630118	-0.023928227
1663683773090	9.776176	0.016749758	-0.4749753
1663683773105	9.572487	0.0059820567	-1.4255241
1663683773115	9.542577	0.12562318	-2.3258235
1663683773122	9.403793	0.029910283	-2.2743778
1663683773133	9.343972	-0.12203395	-1.515255
1663683773144	9.420543	0.061016977	-0.70618176
1663683773157	9.487542	0.23599213	-0.34337005
1663683773184	9.377472	0.22492532	-0.75284183
1663683773196	9.084352	0.14596218	-1.1647065
1663683773208	8.825627	-0.08733802	-1.2029916
1663683773315	8.715557	-0.22253251	-0.73130643
1663683773328	8.788539	-0.3699902	0.1582254
1663683773338	8.965608	-0.6008976	0.68135625
1663683773349	8.968	-0.9349955	0.60807604
1663683773361	9.077172	-1.1312069	0.5721837
1663683773372	9.52822	-0.8991031	0.5135596
1663683773384	9.742677	-0.4776672	0.29222345
1663683773395	9.843175	-0.18305093	-0.0741775
1663683773407	9.973584	-0.022731815	0.59730834
1663683773419	10.256236	0.05742774	1.5239289
1663683773432	10.124331	-0.101694964	1.3360924
1663683773507	10.670195	-0.34127632	-0.6511469
1663683773530	11.879467	0.101694964	-2.6979074
1663683773537	12.294621	-0.019142581	-3.193521
1663683773543	11.230414	-0.62961143	-2.652444
1663683773552	9.931709	-1.2723835	-1.8445672
1663683773559	9.972387	-1.8912272	0.07208378
1663683773567	10.465608	-1.3956138	0.3472584
1663683773588	9.631411	-0.8006983	-0.90358967
1663683773595	8.664112	-0.62841505	-1.9462621
1663683773603	8.075178	-1.5957136	-2.1520448
1663683773613	8.291729	-2.7448666	-2.347359
1663683773706	8.780164	-2.8980074	-1.7644076
1663683773720	9.212367	-2.1858435	-1.0677971
1663683773731	9.789336	-1.2699906	-0.94785684
1663683773740	9.9807625	-0.69541407	-1.4721842
1663683773750	9.858728	-0.7325028	-1.6351951
1663683773759	9.932906	-0.90149593	-1.0845468
1663683773820	9.887443	-1.3034902	0.13668999
1663683773834	9.48156	-1.311865	0.9385847
1663683773844	9.093923	-0.9840483	0.9924232
1663683773852	9.127422	-0.53629136	0.68135625
1663683773863	9.504292	-0.025124637	1.198505
1663683773872	9.867104	-0.18783657	1.7826529
1663683773883	10.113564	-0.8210373	1.3432708
1663683773906	10.057333	-1.1922239	0.5518447
1663683773916	10.108778	-0.87248296	0.4549354
1663683773927	10.308878	-0.28594232	1.0642079
1663683773940	10.129117	0.12083755	1.8137596
1663683774021	9.685248	-0.023928227	1.5083755
1663683774033	9.4432745	-0.7085746	0.6200402
1663683774042	9.249456	-2.1738794	-0.059820566
1663683774052	9.394221	-4.045964	-1.3716856
1663683774089	9.934102	-5.203492	-1.7823538
1663683774100	9.602696	-4.2831526	-1.8433708
1663683774111	10.05494	-2.8860433	-2.0479572
1663683774123	11.006685	-0.9182457	-1.5583258
1663683774135	11.036595	1.7201403	0.3999005
1663683774145	10.207183	0.43938205	-0.45104706
1663683774224	10.052547	-1.0642079	-1.3573287
1663683774235	10.245468	-0.8991031	-1.5607185
1663683774242	10.652248	0.24197419	-0.63200426
1663683774254	10.836795	1.1814562	-0.44865423
1663683774308	11.356337	1.9728823	-0.13160525
1663683774324	10.876276	1.6100706	-0.37208393
1663683774335	9.94487	0.4645067	-1.806282
1663683774342	9.615857	-0.19860429	-2.672783
1663683774352	9.274581	-0.3290131	-2.2743778
1663683774363	8.740682	-0.24646074	-2.2755744
1663683774373	8.772985	0.21296121	-1.7285153
1663683774382	9.311669	0.7576275	-0.5721837
1663683774415	9.65175	1.16351	0.1594218
1663683774427	9.428918	0.89431745	0.117547415
1663683774437	9.012267	0.069391854	-0.29790643
1663683774451	8.674879	-0.6308079	-0.80548394
1663683774506	8.673683	-0.58534425	-1.11685
1663683774530	8.83161	-0.046660043	-0.86291164
1663683774538	9.131011	0.44057846	0.02632105
1663683774543	9.396614	0.6559325	1.0630114
1663683774550	9.5353985	0.19501504	1.3325031
1663683774586	9.433703	-0.62721866	0.5709873
1663683774596	9.194421	-1.0295119	-0.8138588
1663683774605	9.1669035	-0.8449655	-1.8254246
1663683774614	9.536594	-0.392722	-1.6304095
1663683774626	10.125528	0.30538398	-0.2548356
1663683774707	10.5015	0.69182485	1.3875381
1663683774722	10.588839	0.50159544	2.1738794
1663683774734	10.429716	-0.10289137	1.6076777
1663683774742	10.077672	-0.59611195	0.4764708
1663683774759	9.832407	-0.602094	-0.0059820567
1663683774821	9.977173	-0.096909314	0.06969096
1663683774834	10.706087	0.5662017	-0.71336025
1663683774844	11.424532	1.0115658	-2.780759
1663683774855	11.312069	1.2963116	-4.0328035
1663683774865	10.198809	0.64875406	-2.8716862
1663683774876	9.336794	-0.6308079	-0.98973125
1663683774906	9.35474	-1.5945172	0.82731843
1663683774918	9.534202	-1.7500507	0.91585284
1663683774929	9.52822	-1.1228321	0.27786654
1663683774942	9.359526	-0.6750751	-0.7265208
1663683774956	9.237492	-0.86530447	-2.2576282
1663683775020	8.958429	-1.3956138	-3.1983066
1663683775028	8.691629	-1.8266209	-2.8405795
1663683775036	8.7682	-1.913959	-2.1664019
1663683775045	9.363115	-1.8541385	-1.0869397
1663683775056	10.536197	-1.1874382	0.09601201
1663683775088	10.852348	-0.5913263	0.0948156
1663683775102	10.312468	-0.89312106	-0.29312077
1663683775113	9.54497	-1.3657036	-0.40558344
1663683775124	9.0544405	-1.6004993	0.011964113
1663683775137	9.104691	-1.2747762	0.71007013
1663683775226	9.292527	-0.56380886	1.4270196
1663683775242	9.5665045	-0.12203395	1.3181462
1663683775258	9.582058	-0.029910283	0.9349955
1663683775268	9.65175	-0.014356935	0.33409786
1663683775280	10.141082	0.18544376	0.59970117
1663683775287	10.5900345	0.3400799	1.2367902
1663683775305	10.5589285	0.5063811	1.4712868
1663683775309	10.013065	0.35682967	1.2678969
1663683775318	9.254242	-0.4118646	0.392722
1663683775323	9.030213	-1.3776677	-0.06580263
1663683775341	9.26142	-3.10379	-0.73011
1663683775347	10.87508	-5.2369914	-2.0060828
1663683775417	11.306087	-4.6229334	-3.1492536
1663683775426	10.815259	-1.6758732	-3.4917264
1663683775434	10.107582	0.41904306	-2.7122645
1663683775507	10.636695	2.4768705	1.6088741
1663683775533	11.027024	1.0773684	2.8262227
1663683775538	10.624731	-1.11685	0.38673997
1663683775542	9.437292	-1.7524434	-1.9737796
1663683775549	8.990732	-0.9314062	-2.477768
1663683775556	9.825229	0.93738824	-1.527219
1663683775587	10.676176	2.408376	0.38913277
1663683775597	10.533804	2.5414767	0.19890338
1663683775607	9.433703	1.1754742	-2.4861426
1663683775616	8.585149	0.076570325	-4.307978
1663683775625	8.375478	-0.22372891	-4.0184464
1663683775708	8.832806	-0.062213387	-2.2767708
1663683775724	9.329616	0.33888352	-0.663111
1663683775735	9.685248	0.8967103	0.5518447
1663683775747	9.893424	1.0570294	0.76630145
1663683775758	9.806087	0.7181459	0.34247273
1663683775822	9.599107	0.15433706	-0.38644084
1663683775834	9.590433	-0.069391854	-0.9837492
1663683775842	9.458828	0.09092726	-0.96819586
1663683775850	9.300901	0.3149553	-0.5913263
1663683775862	9.209974	0.3807579	0.0526421
1663683775874	9.180064	0.4668995	0.45014977
1663683775883	8.902198	0.5099703	0.5673981
1663683775908	8.78136	0.2754737	0.42502514
1663683775918	8.88784	-0.09212367	-0.16271193
1663683775928	9.011071	-0.4022933	-0.8222337
1663683775937	9.188439	-0.5267201	-0.87966144
1663683776025	9.674481	-0.1902294	-0.3792624
1663683776037	10.029816	0.285045	0.62871414
1663683776047	10.287343	0.52193445	1.6591234
1663683776055	10.335199	0.33529428	1.8484555
1663683776061	10.554143	0.086141616	0.6128617
1663683776091	10.70848	0.22492532	-0.37567315
1663683776104	11.254342	0.4106682	-0.6667002
1663683776113	11.78824	1.230509	-1.0423734
1663683776122	11.23161	1.2580265	-1.2604194
1663683776131	10.3028965	-0.602094	-1.9211375
1663683776217	10.417751	-2.8920252	-1.5284154
1663683776230	11.608779	-3.2189445	0.5243273
1663683776240	11.813365	-1.8565313	0.28025934
1663683776250	10.136296	0.17706887	-1.0196415
1663683776260	8.670094	1.8038892	-1.7285153
1663683776269	8.168498	2.0685952	-0.70378894
1663683776306	8.786145	0.30179477	-0.13280165
1663683776315	9.298509	-1.8565313	-0.016749758
1663683776323	9.071191	-3.1962128	-0.53629136
1663683776336	8.62822	-3.1998022	-1.4207385
1663683776345	8.373085	-2.440679	-2.400001
1663683776353	9.000303	-1.372882	-2.2827528
1663683776446	9.958031	-0.0741775	-1.7847466
1663683776458	10.493126	0.5877371	-0.89042914
1663683776467	10.105189	0.22492532	0.28025934
1663683776477	9.552148	-0.8437691	0.7603194
1663683776506	9.346365	-1.2735798	1.3707882
1663683776520	9.12144	-1.0642079	1.3217354
1663683776532	9.019445	-0.6870392	0.5171488
1663683776542	9.129815	-0.18065812	0.041874398
1663683776552	9.401401	0.2105684	0.09720842
1663683776586	9.990334	0.39391842	1.3588241
1663683776597	10.473983	0.3687938	2.8046873
1663683776606	10.090832	0.17108682	3.039483
1663683776615	9.273384	-0.30149564	1.5335002
1663683776624	9.129815	-1.0247263	0.19531415
1663683776634	9.138189	-1.5885352	0.15702899
1663683776706	8.866305	-2.032703	0.6693921
1663683776716	9.469596	-2.734099	0.40947178
1663683776722	10.980364	-3.6077783	-0.71216387
1663683776730	11.007881	-3.4055848	-1.5738791
1663683776822	10.7351	-3.1217363	-2.9877381
1663683776834	11.062917	-2.3653052	-3.4737802
1663683776844	9.814461	-0.008374879	-1.4578272
1663683776854	9.122637	0.86560357	0.16061822
1663683776865	9.760623	0.81894356	0.19411774
1663683776875	11.564512	1.4138591	0.14267205
1663683776883	11.784652	1.9848464	-0.74446696
1663683776907	11.5932255	1.8924236	-1.8409779
1663683776916	10.715957	1.3142579	-1.1371889
1663683776927	9.662517	-0.0526421	-0.32063824
1663683776938	9.030213	-1.082154	-1.0316057
1663683777023	8.062017	-1.4940187	-3.3792639
1663683777035	7.906185	-1.0833504	-3.7501514
1663683777042	8.863913	0.09092726	-1.7715861
1663683777054	9.617053	1.4377873	0.32452658
1663683777065	9.752248	1.84696	1.4054842
1663683777088	9.402596	1.1347961	0.8668
1663683777098	8.991928	-0.1794617	-0.6870392
1663683777108	8.733503	-0.8150552	-1.6268203
1663683777117	8.862716	-0.46809593	-1.250848
1663683777125	9.312865	0.25633112	-0.3074777
1663683777255	9.919745	0.8572287	1.0019945
1663683777270	10.296914	0.9349955	2.1379871
1663683777282	9.820443	-0.008374879	1.6615162
1663683777294	9.153743	-0.9517452	0.39631125
1663683777306	8.782557	-1.3334004	-1.4027922
1663683777318	9.1681	-0.95653087	-2.2325034
1663683777330	9.715159	-0.17826529	-0.6475576
1663683777345	10.270593	0.37836507	1.8436699
1663683777356	10.925329	0.70378894	2.6336005
1663683777367	11.645867	0.8045866	1.2343974
1663683777376	12.510275	0.96849495	-1.8110676
1663683777447	11.79183	0.9912268	-3.0846474
1663683777460	10.353146	0.2117648	-2.8429725
1663683777473	9.850353	-0.11964113	-2.251646
1663683777484	10.357931	-0.9242278	-0.34576288
1663683777496	10.824831	-1.2556337	-0.09332009
1663683777507	10.127921	-1.07019	-0.8497511
1663683777528	8.630612	-0.8066803	-1.3513466
1663683777537	7.8499537	-1.3561323	-0.9813564
1663683777546	8.36471	-2.3174486	-0.73848486
1663683777554	8.926126	-2.7759733	-1.1036894
1663683777586	9.263813	-1.9989042	-1.873281
1663683777596	9.573684	-0.622433	-2.030011
1663683777607	9.81805	-0.16271193	-1.3477573
1663683777614	10.115957	-0.25124636	-0.5171488
1663683777622	10.119546	-0.49441698	-0.30508488
1663683777630	9.923335	-0.76241314	-0.20458634
1663683777708	9.723534	-0.9182457	0.041874398
1663683777721	9.550952	-0.7851449	0.5075775
1663683777732	9.428918	-0.6762715	0.779462
1663683777740	9.445667	-0.34366915	0.6658029
1663683777837	9.387043	-0.06580263	0.45972106
1663683777850	9.315259	0.051445685	0.30538398
1663683777858	9.51147	-0.02632105	0.44656053
1663683777870	9.89821	-0.08973085	0.88354975
1663683777880	10.130314	0.07178468	0.90388876
1663683777889	9.894621	0.2335993	0.60687965
1663683777897	9.77498	0.21415763	0.6550352
1663683777907	9.661321	-0.020338992	0.8069794
1663683777918	9.376275	-0.6978069	0.2670988
1663683777927	9.241081	-1.4557334	-0.33379877
1663683777935	9.24467	-1.7368901	-0.08733802
1663683778066	9.503095	-1.5119648	0.6681957
1663683778083	9.99153	-1.1347961	0.39870408
1663683778091	11.077273	-1.5801603	-0.6774679
1663683778099	11.241181	-1.6698911	-1.4099708
1663683778109	10.102797	-1.6016957	-3.519244
1663683778122	10.679766	-1.0857433	-2.650051
1663683778132	11.120344	-0.4956134	0.6478567
1663683778140	11.068898	-0.1052842	1.4521443
1663683778148	10.133903	-0.3364907	0.45014977
1663683778156	8.566006	-0.44656053	-2.1340988
1663683778255	7.6740813	0.36400816	-3.152843
1663683778264	8.380263	1.3357933	-2.461018
1663683778271	9.8348	2.0398812	-1.047159
1663683778279	10.774581	1.7488543	0.5901299
1663683778285	10.910973	0.6164509	-0.5195416
1663683778291	10.489536	-0.3999005	-2.4143581
1663683778307	9.949656	-0.7600203	-2.801098
1663683778315	9.594321	-0.08135597	-2.3485553
1663683778323	9.391829	0.72293156	-1.346561
1663683778337	9.595518	1.5801603	-0.021535404
1663683778349	9.831211	2.070988	0.8979067
1663683778452	9.408579	1.4018949	0.33888352
1663683778464	8.551649	0.18903299	-1.0594223
1663683778474	7.858329	-0.6774679	-1.7500507
1663683778485	7.794919	-0.8258229	-1.2592229
1663683778493	8.211569	-0.44775695	-0.124426775
1663683778502	8.930911	0.14955142	1.0067801
1663683778517	9.570094	0.3592225	1.5669997
1663683778528	9.691231	0.050249275	0.67776704
1663683778536	9.343972	-0.41904306	-1.1575279
1663683778542	9.237492	-0.474078	-2.6488547
1663683778588	9.85155	0.4034897	-1.4446666
1663683778600	10.593624	1.1156535	1.320539
1663683778611	10.853544	1.2376875	2.8923244
1663683778622	10.3136635	0.5733801	2.3919253
1663683778669	9.864711	-0.06580263	0.9553344
1663683778679	9.638589	-0.23808585	0.4226323
1663683778707	9.629018	-0.19740787	0.17018951
1663683778718	11.189736	0.19621146	-0.55304116
1663683778728	13.415061	0.95413804	-2.5591238
1663683778736	13.43181	1.0893325	-4.348656
1663683778836	11.678171	0.5733801	-3.138486
1663683778849	9.723534	-0.25124636	-0.9287143
1663683778859	8.868698	-0.21296121	1.5681962
1663683778867	9.239884	0.22013968	2.0135603
1663683778876	9.396614	0.36281174	-0.3062813
1663683778887	9.206385	-0.059820566	-2.8800611
1663683778896	8.708379	-1.7715861	-4.5008993
1663683778906	8.755039	-3.5084763	-4.3354955
1663683778916	9.105886	-3.865306	-1.8385851
1663683778926	9.940084	-2.5208387	0.3281158
1663683778934	9.995119	-0.56500524	0.04426722
1663683779065	9.717552	0.71455663	-0.9071789
1663683779081	9.841979	1.1276177	-0.13160525
1663683779096	9.654142	0.04546363	0.20967108
1663683779108	9.47797	-1.0079765	0.65264237
1663683779116	9.65175	-1.2592229	1.3755739
1663683779124	9.84796	-0.9637093	1.8999012
1663683779132	9.619446	-0.5901299	1.1515459
1663683779140	9.293723	-0.41306102	-0.039481573
1663683779149	9.242277	-0.2416751	-0.3385844
1663683779157	9.482756	-0.27038896	0.53988063
1663683779257	9.886246	-0.15792629	1.4772689
1663683779272	10.155738	-0.043070808	1.704587
1663683779286	10.083653	-0.18903299	1.334896
1663683779298	9.64457	-0.43459642	0.49082774
1663683779313	9.171689	-0.8461619	-0.14596218
1663683779325	9.52822	-1.3968102	-0.55304116
1663683779337	10.551749	-2.4658036	-0.93589276
1663683779350	11.936894	-2.548356	-1.0845468
1663683779362	10.318449	-1.9175483	-2.251646
1663683779375	9.967602	-0.9661021	-3.1313076
1663683779387	10.887044	0.078963146	-0.71336025
1663683779449	11.117951	0.096909314	1.2212368
1663683779462	9.292527	-1.6746768	-0.26081768
1663683779475	7.376175	-2.5148566	-3.3720853
1663683779486	7.0325055	-1.5957136	-4.206283
1663683779497	8.715557	0.14117654	-2.2061825
1663683779509	10.860723	2.2037897	-0.4534399
1663683779526	13.386347	3.039483	1.0977074
1663683779543	12.583256	1.9609182	0.39032918
1663683779550	10.267004	0.0526421	-2.1918256
1663683779555	8.95484	-0.9409775	-3.1779675
1663683779585	8.599505	-0.78753775	-3.3397822
1663683779590	8.48465	-0.28235307	-2.2624137
1663683779594	8.787342	0.5913263	-0.32303107
1663683779598	9.122637	0.85244304	0.7328019
1663683779661	9.1465645	0.770788	0.6801598
1663683779674	8.906983	0.3293122	-0.104087785
1663683779685	8.7012005	-0.16869399	-0.811466
1663683779695	8.800503	-0.1698904	-0.5937191
1663683779714	9.138189	0.03708875	0.06610172
1663683779723	9.624231	0.27906293	0.55782676
1663683779837	9.699606	0.31016964	0.51475596
1663683779851	9.226724	-0.08733802	-0.41754755
1663683779861	8.902198	-0.29312077	-1.4793626
1663683779872	9.107083	0.08255238	-1.8864416
1663683779882	9.746265	0.750449	-0.80189466
1663683779895	10.41177	1.3489537	1.090529
1663683779907	11.0353985	1.556232	2.4589243
1663683779921	11.043774	0.7926225	2.0578275
1663683779927	10.255039	-0.48364928	0.90508515
1663683779941	9.740284	-0.91585284	0.4429713
1663683779952	9.661321	-0.49202415	-0.020338992
1663683780065	10.910973	0.37956148	-0.86889374
1663683780079	12.919448	1.1120644	-3.44387
1663683780089	12.474382	0.93738824	-4.8263235
1663683780097	10.682158	-0.6439684	-3.0032916
1663683780106	8.875876	-2.4011974	-1.9043877
1663683780114	9.013464	-1.9797616	1.2834502
1663683780122	9.476774	-0.67148584	2.3572295
1663683780133	9.188439	0.07537391	-0.27996024
1663683780144	9.059227	-0.25962126	-3.2437701
1663683780155	8.539685	-1.7141583	-4.5128636
1663683780208	8.807681	-2.8728826	-3.7680974
1663683780219	9.296116	-2.9997022	-0.9921241
1663683780227	9.780962	-1.8170497	0.6586244
1663683780235	9.990334	-0.48125646	0.22522444
1663683780267	9.952048	-0.034695927	-1.1395818
1663683780277	9.728319	-0.5721837	-1.4901303
1663683780288	9.696016	-1.483251	-1.0555339
1663683780306	9.667302	-1.611267	0.5099703
1663683780319	9.506684	-0.8772686	1.9381863
1663683780327	9.473185	-0.39870408	1.4760724
1663683780350	9.715159	-0.16151553	1.2559328
1663683780362	9.967602	-0.029910283	1.3396816
1663683780470	10.027422	-0.3062813	1.1407782
1663683780485	9.833604	-0.4429713	1.0713863
1663683780494	9.936495	-0.32183465	1.5717853
1663683780502	10.180862	0.021535404	1.3863416
1663683780513	10.107582	0.09451649	1.1826526
1663683780531	9.609875	-0.08135597	0.7423732
1663683780541	9.032906	-0.520738	0.3711866
1663683780549	8.456834	-1.1874382	-0.22971097
1663683780559	8.260622	-1.5801603	-0.9873384
1663683780587	9.42174	-2.5591238	-3.0176485
1663683780597	12.877573	-4.759324	-3.0762727
1663683780607	10.162916	-4.028018	-4.438686
1663683780619	6.9798636	-0.27038896	-7.125826
1663683780663	9.284152	2.3258235	-0.65952176
1663683780676	12.583256	2.3186452	5.135596
1663683780685	13.37199	0.021535404	3.9753757
1663683780706	11.412567	-1.1419746	-1.6471593
1663683780715	10.095618	-0.3687938	-4.263711
1663683780724	9.962816	2.3377876	-2.8980074
1663683780837	9.59163	3.5001013	-0.9849456
1663683780849	9.160921	2.8369904	-0.85214394
1663683780858	8.918947	1.2927225	-2.1664019
1663683780866	8.417352	-0.41904306	-4.176373
1663683780874	7.9340014	-1.4434702	-3.885645
1663683780884	8.804091	-1.0223335	-1.1611172
1663683780895	10.126724	0.1471586	1.7093726
1663683780905	10.34836	0.9840483	1.7503498
1663683780916	9.798908	1.311865	0.36640096
1663683780925	9.322437	0.9912268	-1.0893325
1663683780936	8.873484	0.41665024	-2.001297
1663683781068	8.8447695	0.05383851	-1.4889339
1663683781086	9.304491	0.22013968	0.043070808
1663683781095	9.46481	0.6308079	1.6890336
1663683781101	9.2075815	0.59730834	1.9585253
1663683781109	9.211171	0.009571291	0.97567344
1663683781120	9.590433	-0.8006983	-0.47018966
1663683781129	10.072886	-1.1371889	-1.623231
1663683781141	10.741082	-0.28953153	-0.81864446
1663683781154	10.949257	0.95772725	1.495215
1663683781164	10.53141	1.5981064	2.5989046
1663683781295	10.056136	1.244866	1.8628124
1663683781307	9.786943	0.62961143	0.6430711
1663683781316	9.608679	0.023928227	0.42382872
1663683781325	10.458429	-0.23569304	0.047856454
1663683781333	12.538989	0.67387867	-1.8613169
1663683781345	12.646666	1.3034902	-4.2218366
1663683781357	10.8714905	0.51475596	-2.5052853
1663683781365	9.23151	-1.0869397	-0.82701933
1663683781374	8.676076	-1.8684953	0.55304116
1663683781382	9.129815	-0.76241314	1.3671991
1663683781392	9.019445	-0.18903299	0.51116675
1663683781500	9.341579	0.033499517	-1.8661026
1663683781520	9.286545	-0.8497511	-2.844169
1663683781534	9.26142	-2.0805593	-3.4965122
1663683781546	9.480363	-2.868097	-2.013261
1663683781557	10.027422	-2.6276183	0.3699902
1663683781567	10.289736	-1.6399808	0.8488538
1663683781579	10.286146	-0.44177487	-0.08135597
1663683781589	10.002297	0.07298109	-0.75643104
1663683781599	9.57488	-0.49441698	-1.3274183
1663683781610	9.445667	-0.9637093	-0.83060855
1663683781619	9.393025	-0.9637093	0.9708878
1663683781629	9.3511505	-0.6439684	1.8053846
1663683781639	9.3104725	-0.38315073	1.1419746
1663683781651	9.219545	-0.317049	0.10199407
1663683781700	9.315259	-0.2739782	-0.23330021
1663683781710	9.540184	-0.21894327	0.13668999
1663683781721	9.803694	-0.14955142	0.8356933
1663683781735	9.996316	-0.05503492	1.4653047
1663683781746	10.126724	-0.02751746	1.9166509
1663683781755	10.14826	-0.07776674	1.8029919
1663683781838	9.814461	-0.2536392	1.1335998
1663683781850	9.433703	-0.64636123	0.59970117
1663683781859	9.11785	-1.2628121	0.047856454
1663683781869	9.041281	-2.353341	-0.74207413
1663683781880	10.272985	-3.8748772	-1.5499508
1663683781889	10.578071	-3.5682967	-2.9458637
1663683781898	9.940084	-2.3162522	-3.6867416
1663683781909	9.712767	-0.92542416	-3.399603
1663683781920	9.560523	0.8596215	0.39631125
1663683781929	10.158131	1.1264212	3.822235
1663683781937	10.350753	-0.22612174	1.7910278
1663683782095	10.931312	-0.62482584	-1.9007984
1663683782111	11.300105	0.14356937	-3.1683962
1663683782126	11.32523	2.0458634	-2.6428726
1663683782139	10.860723	3.4199417	-0.7073782
1663683782150	10.377073	3.165106	0.7962117
1663683782162	9.657731	1.4964114	-0.57816577
1663683782172	8.832806	-0.3278167	-2.9386854
1663683782184	8.452047	-1.1036894	-3.9131622
1663683782196	8.653344	-0.8425727	-2.4346972
1663683782207	9.345169	-0.05383851	-0.22253251
1663683782298	10.044172	0.948156	1.2355938
1663683782313	10.1016	1.5251254	1.2284154
1663683782324	9.507881	1.3166506	0.31974092
1663683782336	8.934501	0.535095	-0.6475576
1663683782348	8.507381	-0.07776674	-1.4697913
1663683782359	8.510971	-0.14237295	-1.2197413
1663683782370	8.909376	0.11844472	-0.19740787
1663683782382	9.266206	0.35324043	0.7363912
1663683782392	9.487542	0.3269194	1.183849
1663683782403	9.718748	0.1794617	1.2080764
1663683782414	9.835997	-0.013160525	0.56380886
1663683782465	9.699606	-0.23090738	-0.52911294
1663683782479	9.710373	-0.2105684	-1.0713863
1663683782491	10.005887	0.37956148	-0.20817557
1663683782504	10.240683	0.8668	1.4222339
1663683782514	10.347163	1.082154	2.1870399
1663683782531	10.182058	0.7851449	1.4174483
1663683782543	9.94487	0.32213375	0.22761725
1663683782553	9.966406	-0.0071784677	0.075673014
1663683782564	10.380663	-0.058624156	0.5518447
1663683782602	11.560923	0.4968098	-0.20458634
1663683782616	12.687344	1.6196418	-1.9977078
1663683782628	11.107183	1.8337995	-2.7003005
1663683782637	8.680861	0.34366915	-2.7580273
1663683782647	7.605886	-1.5789639	-1.913959
1663683782702	9.845568	-1.8074784	1.9776679
1663683782714	11.930913	-1.704587	2.3464618
1663683782725	11.466406	-1.5346966	-0.6451648
1663683782735	10.447661	-0.53988063	-1.7584256
1663683782745	9.568898	0.91226363	-2.09701
1663683782754	8.510971	0.86081797	-1.7895322
1663683782836	8.339585	-0.25004998	-0.93349993
1663683782847	8.989535	-1.5011971	-0.040677983
1663683782855	9.102298	-2.044667	-0.4103691
1663683782863	9.023035	-1.7763717	-1.8086748
1663683782873	9.542577	-0.9840483	-2.5698915
1663683782883	9.827621	-0.39631125	-2.1628125
1663683782892	9.68166	-0.39631125	-1.6220347
1663683782907	9.807282	-0.7396813	-0.8066803
1663683782918	9.959227	-1.1503495	0.14386846
1663683782927	9.796515	-1.5239289	0.5051847
1663683782935	9.623035	-1.4015958	0.9421739
1663683783092	9.519845	-1.1862419	1.0319048
1663683783108	9.314062	-0.8748758	0.6152545
1663683783122	9.35474	-0.57577294	0.35204405
1663683783135	9.734302	-0.25124636	0.5626124
1663683783148	9.917353	-0.22851457	1.0426725
1663683783159	9.777372	-0.47527438	1.3875381
1663683783171	9.457631	-0.7360921	1.3600205
1663683783183	9.2793665	-0.6583253	0.79860455
1663683783194	9.349955	-0.28713873	0.5673981
1663683783206	9.700802	0.15433706	1.1156535
1663683783298	10.058529	0.2623132	1.4102699
1663683783312	9.979566	-0.20937198	0.7363912
1663683783318	9.6015	-0.91465646	0.020338992
1663683783323	9.80489	-1.4159528	-0.54346985
1663683783331	10.308878	-2.4789643	-0.9406784
1663683783339	11.144273	-2.5519454	-1.6013966
1663683783347	10.601999	-2.2348964	-1.8972093
1663683783352	10.427323	-2.1080768	-1.3764713
1663683783358	10.804492	-1.5131612	0.08165507
1663683783362	10.2107725	-0.4848457	1.5478572
1663683783368	8.792128	-0.39750767	0.049052864
1663683783502	8.048857	-0.56859446	-2.4681966
1663683783512	8.13141	-0.33529428	-2.9506495
1663683783522	9.257831	0.49322057	-2.501696
1663683783532	11.102398	1.7608184	-0.61405814
1663683783539	11.784652	2.0985055	1.5897316
1663683783547	11.115559	1.1300105	0.40707895
1663683783556	10.264611	0.01794617	-1.5678971
1663683783562	9.768997	-0.44895336	-2.4418755
1663683783570	9.2997055	-0.25962126	-2.8788648
1663683783595	9.263813	0.41306102	-1.9558334
1663683783605	9.455238	1.2125629	-0.52313083
1663683783613	9.54497	1.4114662	0.31256247
1663683783625	9.349955	0.87996054	0.20249261
1663683783634	8.898608	-0.050249275	-0.30987054
1663683783704	8.623434	-0.8258229	-0.7815557
1663683783715	8.702396	-0.95653087	-0.7001997
1663683783725	9.025428	-0.2955136	-0.076570325
1663683783734	9.445667	0.53389853	0.5087739
1663683783744	9.359526	0.96729857	0.5386842
1663683783753	8.855537	0.6451648	0.29461628
1663683783835	8.801699	-0.08973085	-0.23569304
1663683783849	9.180064	-0.622433	-1.0160524
1663683783861	9.94846	-0.16869399	-0.7540382
1663683783871	10.543375	0.40468612	0.53270215
1663683783878	10.749456	0.70259255	1.6423737
1663683783886	10.36152	0.4010969	1.617249
1663683783894	10.058529	0.0035892338	0.59611195
1663683783906	10.124331	-0.2536392	0.2204388
1663683783914	11.199307	0.10049855	-0.22851457
1663683783923	12.240784	0.8955139	-0.7468598
1663683783933	12.011072	1.2340983	-2.1735802
1663683784091	9.89821	0.5673981	-2.3700907
1663683784104	8.770593	-1.0893325	-1.4961123
1663683784113	9.534202	-1.8337995	0.40827537
1663683784121	10.922936	-1.8661026	1.7599211
1663683784131	10.955239	-1.1563315	-0.27996024
1663683784142	10.048958	-0.21774685	-1.9307088
1663683784154	9.052048	0.6547361	-1.9091734
1663683784163	7.904989	0.39870408	-1.5846468
1663683784174	8.075178	-0.8066803	-2.14367
1663683784183	9.171689	-2.0685952	-1.4829519
1663683784313	9.761819	-2.7065816	-0.35174492
1663683784322	10.304092	-1.954637	-0.465404
1663683784332	10.233504	-0.90149593	-0.7648059
1663683784343	9.546165	-0.56380886	-1.1192428
1663683784353	9.237492	-0.86291164	-1.1324034
1663683784366	9.482756	-1.5406786	-0.7265208
1663683784380	9.719945	-1.6531414	-0.083748795
1663683784389	9.815658	-1.3609179	1.0534402
1663683784396	9.785748	-0.78873414	2.0219352
1663683784401	9.639785	-0.3999005	1.5598212
1663683784409	9.306884	-0.26799613	0.57457656
1663683784416	9.09153	-0.15672988	0.17377874
1663683784508	9.501899	-0.0071784677	0.39511484
1663683784528	10.010673	0.24915266	0.74835527
1663683784539	10.373485	0.5626124	1.1778669
1663683784548	10.316056	0.7360921	1.6423737
1663683784556	9.798908	0.57936215	1.637588
1663683784564	9.205189	0.058624156	1.0689936
1663683784574	8.866305	-0.6332007	0.18095721
1663683784584	9.201599	-2.0374885	-1.1156535
1663683784593	10.8714905	-3.8389847	-2.1460629
1663683784601	11.960823	-3.8916268	-2.2037897
1663683784614	9.5868435	-2.7113671	-2.3808584
1663683784631	9.049655	-1.4617156	-2.5938199
1663683784644	11.2017	-0.043070808	0.5494519
1663683784704	11.501102	0.16031912	2.300699
1663683784714	9.077172	-0.750449	-0.029910283
1663683784723	7.873882	-0.40827537	-3.4103706
1663683784730	8.713164	0.8069794	-3.9071803
1663683784739	10.359127	2.4227328	-2.3150558
1663683784745	11.553744	3.4869409	-0.27996024
1663683784837	11.680564	2.9183464	1.0881361
1663683784848	10.684551	0.9768698	-0.465404
1663683784856	9.315259	-0.9589237	-2.7723842
1663683784864	8.450851	-1.7703897	-3.738187
1663683784876	8.62463	-1.2352947	-3.1636107
1663683784884	9.346365	0.2117648	-0.64875406
1663683784905	9.761819	1.1359925	1.4401802
1663683784912	9.531809	1.1383854	1.3875381
1663683784921	8.788539	0.4106682	0.0526421
1663683784930	8.295318	-0.2416751	-0.8772686
1663683784940	8.320442	-0.474078	-1.0339985
1663683785092	8.765806	-0.13280165	-0.5805586
1663683785108	9.408579	0.49082774	0.07686943
1663683785122	9.767801	0.87996054	0.2730809
1663683785136	9.725926	0.85842514	0.6562316
1663683785148	9.597911	0.35204405	0.97806627
1663683785160	9.5760765	-0.4322036	0.33529428
1663683785169	9.833604	-0.9625129	-0.5829514
1663683785177	10.179666	-0.60329044	-0.5051847
1663683785184	10.412966	0.19142582	0.6586244
1663683785192	10.355538	0.6643074	1.2882359
1663683785308	10.332807	0.7109674	1.0809577
1663683785319	10.619946	0.56141603	0.09840483
1663683785325	11.359925	0.8356933	-0.44027936
1663683785337	11.996716	1.0366904	-0.8353942
1663683785344	11.801401	1.1096715	-1.387239
1663683785355	10.649856	0.20219351	-1.3274183
1663683785365	10.276575	-1.1072787	-1.07019
1663683785375	10.713265	-2.143969	-0.05503492
1663683785385	10.836795	-2.0578275	-0.5566304
1663683785395	10.003494	-1.1659029	-1.7344973
1663683785472	9.021839	-0.24885355	-1.2879368
1663683785486	8.094321	0.34366915	-1.0088738
1663683785496	7.6142607	0.14356937	-1.2532408
1663683785503	8.002197	-0.92662054	-0.9083753
1663683785511	8.959625	-1.759622	-0.35533416
1663683785519	9.710373	-1.9809581	-0.6308079
1663683785526	9.91137	-1.5658033	-1.1120644
1663683785536	9.954441	-0.9912268	-1.2029916
1663683785544	10.244272	-0.5374878	-0.81266236
1663683785553	10.330414	-0.47886363	-0.4642076
1663683785591	9.863514	-0.9804591	-0.30149564
1663683785602	9.348758	-1.5789639	-0.56859446
1663683785610	9.083155	-1.8014964	-0.57577294
1663683785619	9.369097	-1.5753746	0.2204388
1663683785627	9.699606	-0.89431745	0.96490574
1663683785708	9.654142	-0.21296121	1.1515459
1663683785722	9.54497	0.06819545	1.11685
1663683785734	9.554541	0.058624156	1.294218
1663683785745	9.761819	-0.20219351	1.3779668
1663683785756	9.786943	-0.62482584	1.1515459
1663683785766	9.743873	-0.6906284	0.9601201
1663683785836	9.71157	-0.36640096	0.6406783
1663683785849	9.667302	0.02751746	0.44536412
1663683785860	9.619446	0.14476576	0.76630145
1663683785872	9.454042	-0.019142581	0.9529416
1663683785882	9.348758	-0.6978069	0.54705906
1663683785892	9.376275	-2.5256243	-0.85094756
1663683785902	10.5996065	-4.1368914	-1.8146569
1663683785912	10.472787	-3.8174493	-2.0383859
1663683785924	10.497911	-1.6196418	-1.7608184
1663683785934	10.373485	-0.42622152	-1.6244274
1663683785943	10.995917	0.6451648	0.6056832
1663683786096	11.127522	0.9026923	1.7623138
1663683786115	9.961619	-0.18185452	-0.74446696
1663683786128	8.349156	-1.0606186	-3.9526439
1663683786141	7.6920276	-0.8282157	-4.1093736
1663683786154	8.635398	0.25872394	-1.7344973
1663683786165	9.990334	1.4234303	0.7746763
1663683786177	11.043774	2.1020947	2.0889342
1663683786188	11.505888	1.7572291	0.9936196
1663683786200	11.0353985	0.62482584	-1.2867404
1663683786211	10.523036	-0.22731815	-2.5232315
1663683786310	9.916156	-0.2620141	-2.6009982
1663683786324	9.506684	0.2635096	-2.0324037
1663683786336	9.395418	0.974477	-1.2424731
1663683786348	9.328419	1.2484552	-0.5303093
1663683786359	9.200403	1.1395818	-0.2847459
1663683786371	8.832806	0.77318084	-0.40677986
1663683786387	8.597113	0.31016964	-0.68105716
1663683786400	8.659326	-0.09451649	-0.8365906
1663683786411	8.940483	-0.16031912	-0.622433
1663683786421	9.315259	0.1363909	-0.12801601
1663683786433	9.565309	0.42981076	0.3915256
1663683786444	9.727123	0.55423754	0.90508515
1663683786468	9.78814	0.54346985	0.7603194
1663683786480	9.61466	0.29102704	-0.032303106
1663683786488	9.436096	-0.14356937	-0.7181459
1663683786495	9.627821	-0.19980069	-0.93349993
1663683786510	9.952048	0.35324043	-0.7719844
1663683786528	10.153046	0.9457632	-0.15074782
1663683786534	10.119546	1.0019945	0.6861419
1663683786540	10.089636	0.8153543	1.0067801
1663683786550	9.94128	0.39750767	0.95413804
1663683786557	9.889835	0.008374879	0.5673981
1663683786590	9.865907	-0.08733802	0.46929234
1663683786597	9.625428	-0.046660043	0.7722835
1663683786709	9.599107	-0.0849452	1.474876
1663683786725	10.64507	0.13280165	1.0402796
1663683786734	12.184552	0.84047896	-1.1623136
1663683786744	13.009478	1.6842481	-4.1368914
1663683786754	10.902597	1.3875381	-4.153641
1663683786764	8.289336	-0.6367899	-3.0212376
1663683786775	8.197212	-2.1571295	-1.090529
1663683786836	10.102797	-1.6483557	2.7233312
1663683786845	10.647463	-0.42622152	2.1655045
1663683786855	10.035797	0.6260222	-1.1563315
1663683786862	9.311669	0.23479572	-2.8752756
1663683786871	8.804091	-1.3704891	-3.9083767
1663683786880	9.013464	-2.699403	-3.0930223
1663683786905	9.361918	-2.6886353	-0.51116675
1663683786920	9.543773	-1.6686947	0.59611195
1663683786929	9.696016	-0.77796644	0.22642085
1663683786938	9.812068	-0.3376871	-0.89042914
1663683786954	9.426525	-0.7289136	-1.7811574
1663683787090	9.639785	-0.98524475	-0.6451648
1663683787099	9.934102	-0.73130643	1.2882359
1663683787107	9.812068	-0.34127632	2.1702902
1663683787112	9.540184	-0.22612174	1.4569299
1663683787117	9.226724	-0.3699902	0.16181463
1663683787121	9.12144	-0.33290145	0.13310076
1663683787125	9.329616	-0.31106696	0.581755
1663683787128	9.699606	-0.27517462	1.055833
1663683787131	10.287343	-0.12083755	1.6902301
