Timestamp 	 X 	 Y 	 Z 
1664202341188	-0.011835165	-0.0028251687	-0.0045813546
1664202341427	-0.031076854	-0.0014507623	0.0019088977
1664202341678	-0.022524992	0.015729317	0.0036650836
1664202341946	-0.03581092	-0.0086282175	0.0062611843
1664202341986	-0.017485503	-0.016340164	0.0017561859
1664202342199	-0.033138465	-0.018554486	0.0029015245
1664202342431	-0.06536066	0.0015271181	0.0092390645
1664202342681	-0.03581092	-0.006795676	0.008093726
1664202342935	-0.011835165	-0.01099525	-0.0019852535
1664202342989	-0.03245126	0.0104607595	0.006872032
1664202343241	-0.004352287	-0.007330167	0.0018325418
1664202343435	-0.0061084726	-0.008246438	-0.0010689828
1664202343681	-0.003970507	-0.010231691	0.004428643
1664202343933	-0.01175881	-0.009086353	0.0051158457
1664202344180	-0.0086282175	-0.0077883024	0.005497625
1664202344239	0.0025961008	-0.00167983	-6.8720314E-4
1664202344434	-0.0086282175	-3.0542363E-4	-4.5813544E-4
1664202344672	-0.005803049	-3.0542363E-4	-1.5271181E-4
1664202344924	-0.011300675	0.004275931	0.0014507623
1664202345178	0.006872032	-0.006795676	-9.162709E-4
1664202345257	7.635591E-5	0.0061084726	0.0018325418
1664202345427	0.015347538	-0.0086282175	0.0029778804
1664202345740	0.022448637	-0.017027367	-5.344914E-4
1664202345935	-0.014431266	-0.016340164	0.0051922016
1664202346146	-0.034283802	-0.0021379655	0.009391776
1664202346251	-0.0028251687	-0.0098499125	0.004046863
1664202346435	0.038330667	-0.027335415	-0.004275931
1664202346741	0.020768806	-0.00671932	-0.0075592347
1664202346937	-0.020921519	-0.005726693	3.8177954E-4
1664202347145	-0.009391776	4.5813544E-4	0.0038177953
1664202347241	0.0056503373	-0.0092390645	-7.635591E-5
1664202347488	-0.0028251687	-0.0038941512	0.0014507623
1664202347740	-0.009773556	-0.022295926	0.0051158457
1664202347924	-0.0096972	-7.635591E-4	0.007330167
1664202348144	0.013744064	0.017790927	0.005955761
1664202348348	0.033138465	0.018019995	0.009009997
1664202348501	0.051692948	0.008093726	0.021532366
1664202348675	0.0104607595	-0.004352287	0.010689827
1664202348937	-0.063909896	-0.04031592	0.06314634
1664202349174	0.007864659	-0.0075592347	0.11338852
1664202349425	0.11552649	0.033672955	0.108730815
1664202349489	-0.1349209	-0.10430217	-0.16095825
1664202349674	0.3456632	-0.08551861	-0.18951537
1664202349933	0.38025242	-0.34589225	-0.32619244
1664202350173	0.5376219	0.30198762	-0.3251998
1664202350425	0.39025503	0.09987353	0.15973656
1664202350489	-0.24342263	-0.09376506	0.22318831
1664202350676	-0.23838314	0.55991787	0.29152685
1664202350926	-0.41255096	-0.12056598	-0.081471756
1664202351177	-0.10575293	0.02519745	0.020005248
1664202351438	-0.059786674	-0.11835165	-0.26380965
1664202351490	0.31451	-0.28870168	-0.022524992
1664202351679	0.072461754	0.35131353	-0.0062611843
1664202351931	-0.12789614	-0.05993939	0.2928249
1664202352176	-0.073912516	0.028557109	-0.0104607595
1664202352431	-0.32428354	0.13117945	-0.15477343
1664202352489	0.1731752	-0.12575819	-0.10728005
1664202352740	0.42385164	-0.117053606	-0.2987043
1664202352932	0.5285356	-0.163478	-0.03260397
1664202353178	0.14499986	0.33947837	0.048638713
1664202353432	-0.35597125	0.38636088	0.437443
1664202353677	-0.28076068	-0.29328305	-0.014049487
1664202353737	-0.24449162	0.100102596	-0.0026724567
1664202353930	-0.09361234	-0.11796988	-0.20768806
1664202354178	-0.06543701	-0.23303823	-0.003970507
1664202354434	0.16301987	0.10346226	0.091168955
1664202354681	-0.41468894	-0.04734066	0.08078455
1664202354742	-0.42316443	0.33191913	0.388957
1664202354934	-0.40239564	-0.066658705	-0.016874656
1664202355179	-0.17470232	0.03115321	-0.016569233
1664202355430	0.18432316	-0.26709297	-0.24250636
1664202355678	0.1026987	0.0023670332	-0.111479625
1664202355739	0.45378315	0.1201842	0.041537613
1664202355934	-0.17882554	0.06673507	-0.049784053
1664202356180	-0.09155073	0.22922044	0.29954422
1664202356431	-0.07773031	-0.15981291	-0.0827698
1664202356681	0.24441525	0.01901262	-0.033138465
1664202356740	0.18310146	-0.22830416	-0.21914145
1664202356932	0.12362021	0.038865156	-0.19684553
1664202357194	0.51127917	0.067269556	0.025808297
1664202357429	-0.15820944	0.0626882	-0.06543701
1664202357672	-0.37796175	0.30404922	0.44095537
1664202357930	-0.097888276	-0.23517619	-0.11270132
1664202357989	-0.009162709	0.12927055	0.10521844
1664202358171	0.1899735	-0.32138202	-0.14316733
1664202358422	0.13453911	-0.03672719	-0.17920731
1664202358672	0.46157146	0.037796173	0.053067356
1664202358934	-0.32726142	0.10880717	-0.005879405
1664202358990	-0.56312484	0.37208232	0.4640912
1664202359172	-0.21623993	-0.29435202	-0.108654454
1664202359424	-0.24044475	0.26396236	0.13255386
1664202359672	0.043751936	-0.21677442	-0.21746163
1664202359939	0.009773556	-0.19531842	-0.12446013
1664202359990	0.41980478	0.031000499	0.037261683
1664202360173	-0.27022356	0.0030542363	-0.042682953
1664202360426	-0.2869455	0.46958882	0.404839
1664202360673	-0.23342001	-0.12446013	-0.06299362
1664202360928	0.012064233	0.04291202	0.06673507
1664202360987	0.12598725	-0.35490227	-0.10491302
1664202361179	0.0061848285	0.073072605	-0.26281703
1664202361424	0.40048674	-0.13431004	0.07773031
1664202361673	-0.009086353	-0.0012216945	-0.01977618
1664202361936	-0.22402823	0.23647425	0.3567348
1664202361987	-0.19165333	-0.14041851	-0.13056861
1664202362239	-0.1021642	0.20455748	-0.07062922
1664202362424	0.17248799	-0.27197975	-0.1643179
1664202362673	0.46424392	0.08070819	-0.3227564
1664202362937	0.5543439	-0.16111097	-0.0723854
1664202363174	0.42850935	0.24685864	-0.23242739
1664202363238	-0.121482246	-0.12774344	0.15927842
1664202363426	-0.12598725	0.42163733	0.3768164
1664202363674	-0.1357608	-0.29297763	-0.12446013
1664202363935	0.2417428	0.08994726	-0.02367033
1664202364176	-0.24120831	-0.2365506	-0.1622563
1664202364240	0.035963632	-0.24884391	-0.011300675
1664202364432	0.43912283	-0.013667707	-0.06642964
1664202364677	0.6574244	0.021608721	-0.14774868
1664202364932	1.0302702	-0.013362284	-0.19852535
1664202365177	0.2247918	0.15904936	-0.30053684
1664202365239	0.43163994	-0.16805935	-0.19226417
1664202365432	0.6274165	-0.11903886	-0.088114716
1664202365677	0.6939988	-0.17370969	-0.3458159
1664202365942	0.6966713	-0.15805672	-0.079181075
1664202366177	-0.13675343	-0.00335966	-0.02611372
1664202366247	0.0077883024	-0.11522106	0.03672719
