Timestamp 	 X 	 Y 	 Z 
1663079426883	10.483554	-0.7480562	-0.11006984
1663079426888	9.968799	-0.50398827	-0.8748758
1663079426892	9.409775	-0.6236294	-2.821437
1663079426895	9.383454	-0.8138588	-3.827918
1663079426899	9.482756	-0.8365906	-3.374478
1663079426902	9.768997	-0.73369926	-2.4239295
1663079427014	10.022636	-0.68823564	-1.8182461
1663079427026	10.039387	-0.7719844	-1.6519449
1663079427035	9.789336	-0.8967103	-1.7715861
1663079427044	9.343972	-0.7935198	-2.076671
1663079427052	9.08794	-0.40827537	-2.3282163
1663079427064	9.144172	-0.031106694	-2.428715
1663079427100	9.335598	0.17826529	-2.4681966
1663079427110	9.630214	0.16510476	-2.416751
1663079427120	9.883853	-0.0849452	-2.1652055
1663079427132	9.918549	-0.24885355	-1.9785652
1663079427262	9.736694	-0.15553348	-1.9486549
1663079427277	9.52822	0.06699903	-2.2779672
1663079427288	9.4229355	0.31615168	-2.4646072
1663079427295	9.486345	0.3185445	-2.359323
1663079427305	9.534202	0.0741775	-2.1352952
1663079427317	9.554541	-0.2632105	-1.9773688
1663079427327	9.413364	-0.5602196	-1.8326031
1663079427335	9.1872425	-0.7540382	-1.8098712
1663079427344	9.128618	-0.87248296	-1.8314066
1663079427353	9.186047	-0.9840483	-1.8134605
1663079427360	9.178867	-1.0534402	-1.8002999
1663079427483	9.194421	-1.0857433	-1.7404794
1663079427495	9.229117	-1.1611172	-1.7213368
1663079427504	9.525827	-0.9086744	-2.2899313
1663079427511	10.03819	-0.023928227	-3.705884
1663079427519	9.899406	0.43459642	-3.5934215
1663079427528	9.272188	-0.124426775	-2.2707887
1663079427536	9.249456	-0.581755	-1.474577
1663079427544	9.595518	-0.12801601	-1.5391831
1663079427553	9.764212	0.43818563	-1.5714862
1663079427559	9.752248	0.12801601	-2.0108683
1663079427569	9.61466	-0.95772725	-2.7879374
1663079427686	9.547362	-1.8577276	-2.9446673
1663079427700	9.42174	-2.1702902	-2.4131618
1663079427712	9.4636135	-2.0434706	-1.8768703
1663079427722	9.672089	-1.8206389	-2.0312073
1663079427735	9.764212	-1.6615162	-2.6141586
1663079427743	9.70798	-1.5215361	-2.748456
1663079427753	9.705587	-1.238884	-2.3952155
1663079427762	9.849157	-1.0342976	-1.9450657
1663079427772	9.940084	-1.1599208	-1.8517456
1663079427780	9.778569	-1.3716856	-2.062314
1663079427788	9.507881	-1.4928222	-2.1723838
1663079427792	9.30808	-1.5071791	-2.1364915
1663079427797	9.170493	-1.4099708	-2.111367
1663079427803	9.037691	-1.4015958	-2.1918256
1663079427886	8.959625	-1.4327025	-2.2779672
1663079427899	8.928518	-1.4482559	-2.219343
1663079427911	9.019445	-1.3645071	-2.1005993
1663079427919	9.262616	-1.3345969	-2.041975
1663079427926	9.506684	-1.5167505	-1.9259231
1663079427936	9.58804	-1.8900307	-1.8110676
1663079427992	9.584451	-2.2755744	-1.8649062
1663079428003	9.546165	-2.388037	-2.120938
1663079428014	9.542577	-1.9761724	-2.3808584
1663079428023	9.626625	-1.2640085	-2.14367
1663079428031	9.85155	-0.64277196	-1.8218354
1663079428038	9.889835	-0.44177487	-1.6782659
1663079428089	9.603892	-0.7683952	-1.9163518
1663079428102	9.428918	-1.5179468	-2.239682
1663079428110	9.6122675	-2.5881367	-2.4837499
1663079428120	9.663713	-3.4797623	-3.1576285
1663079428265	8.788539	-2.8429725	-4.002893
1663079428280	8.506186	-0.8856435	-2.902793
1663079428292	9.469596	0.90388876	-1.4279169
1663079428304	10.247861	1.1156535	-1.183849
1663079428315	9.838389	-0.18783657	-2.3054845
1663079428326	9.404989	-1.2293127	-3.1899316
1663079428338	9.748658	-1.2807583	-3.0056844
1663079428349	10.161719	-0.69900334	-2.137688
1663079428359	10.241879	-0.20937198	-1.4757733
1663079428370	9.934102	-0.07298109	-1.8098712
1663079428380	9.572487	-0.08135597	-2.396412
1663079428484	9.377472	-0.08733802	-2.5782664
1663079428496	9.52822	-0.1268196	-2.5794628
1663079428503	9.879067	-0.049052864	-2.457429
1663079428510	10.107582	0.21415763	-2.3688943
1663079428515	9.880263	0.35204405	-2.2911277
1663079428520	9.473185	0.325723	-2.3401806
1663079428525	9.221938	0.3400799	-2.5040889
1663079428529	9.111869	0.45014977	-2.5004997
1663079428532	9.116654	0.45972106	-2.2947168
1663079428536	9.159725	0.19980069	-1.9977078
1663079428539	9.148957	-0.18424734	-1.8361923
1663079428692	9.267402	-0.474078	-1.7416757
1663079428711	9.2590275	-0.663111	-1.7237296
1663079428719	9.128618	-0.7851449	-1.739283
1663079428726	8.842377	-0.9062816	-1.9785652
1663079428737	8.763413	-0.8593224	-2.3748765
1663079428748	8.968	-0.5602196	-2.874079
1663079428759	9.211171	-0.14237295	-3.2772696
1663079428770	9.303294	0.16630118	-3.2748768
1663079428779	9.475577	0.3376871	-2.9614172
1663079428788	9.661321	0.44656053	-2.5519454
1663079428799	9.596714	0.38913277	-1.8409779
1663079428809	9.525827	0.11964113	-1.061815
1663079428819	9.729516	-0.19860429	-0.77796644
1663079428828	10.192826	-0.2943172	-1.1934203
1663079428887	10.877473	-0.14117654	-2.1747768
1663079428900	11.122737	0.009571291	-3.077469
1663079428910	10.383056	-0.29790643	-2.926721
1663079428920	9.444471	-0.88205427	-2.2707887
1663079428930	8.989535	-1.3549358	-1.8864416
1663079428939	8.795717	-1.5574285	-1.8481563
1663079429012	8.694022	-1.4279169	-1.9713868
1663079429025	8.812467	-1.1407782	-1.9689939
1663079429037	9.133404	-0.9804591	-1.8266209
1663079429046	9.473185	-1.0031909	-1.6184454
1663079429054	9.749855	-1.2113664	-1.561915
1663079429065	9.989138	-1.317847	-1.8553349
1663079429079	10.098011	-1.2795619	-2.219343
1663079429089	10.050154	-1.0295119	-2.457429
1663079429099	9.954441	-0.8365906	-2.379662
1663079429107	9.85155	-0.8282157	-2.0359929
1663079429115	9.80489	-0.86171526	-1.7009978
1663079429264	9.754641	-0.8991031	-1.5487545
1663079429283	9.7247305	-0.878465	-1.7356937
1663079429299	9.54497	-0.85214394	-1.9965113
1663079429307	9.353543	-0.90388876	-2.1556342
1663079429313	9.239884	-1.0666007	-2.2241287
1663079429321	9.203992	-1.1407782	-2.2384856
1663079429331	9.337991	-1.1623136	-2.0802603
1663079429345	9.554541	-1.1802598	-1.9187447
1663079429363	9.662517	-1.2233306	-1.8421743
1663079429373	9.607482	-1.2005987	-1.9737796
1663079429434	9.488738	-1.1240284	-2.1472592
1663079429442	9.425328	-1.0319048	-2.2337
1663079429452	9.46481	-0.99601245	-2.219343
1663079429461	9.607482	-0.9589237	-2.0252252
1663079429469	9.70798	-0.9625129	-1.9737796
1663079429475	9.660124	-1.0031909	-2.0144575
1663079429483	9.531809	-1.0091729	-2.0778673
1663079429491	9.437292	-1.0019945	-2.0587249
1663079429499	9.406186	-1.049851	-2.001297
1663079429508	9.415757	-1.1300105	-2.0001006
1663079429518	9.437292	-1.1742777	-2.0491536
1663079429681	9.456435	-1.1754742	-2.1197417
1663079429699	9.479167	-1.1407782	-2.0838494
1663079429708	9.554541	-1.1192428	-2.0024934
1663079429714	9.597911	-1.082154	-1.9426728
1663079429724	9.5665045	-1.1108679	-1.9115661
1663079429737	9.620643	-1.1419746	-1.8888344
1663079429747	9.692428	-1.2352947	-1.9187447
1663079429754	9.605089	-1.1563315	-1.9055841
1663079429767	9.560523	-1.0067801	-1.9761724
1663079429777	9.536594	-0.88325065	-2.015654
1663079429787	9.498309	-0.81625164	-1.9666011
1663079429794	9.475577	-0.86291164	-1.8684953
1663079429804	9.500702	-0.9936196	-1.8661026
1663079429816	9.556933	-1.1371889	-1.9689939
1663079429888	9.650553	-1.1383854	-2.0455642
1663079429903	9.666106	-0.9984053	-2.0192432
1663079429911	9.684052	-0.8258229	-1.9271195
1663079429920	9.640982	-0.75284183	-1.8637097
1663079429929	9.5665045	-0.7923234	-1.879263
1663079429936	9.493524	-0.907478	-1.9199411
1663079429947	9.512667	-1.0271192	-1.8828523
1663079430012	9.536594	-1.0486546	-1.7883358
1663079430025	9.529416	-0.97806627	-1.8565313
1663079430037	9.509077	-0.92662054	-2.0204396
1663079430045	9.571291	-0.89042914	-2.1053848
1663079430053	9.615857	-0.927817	-1.9713868
1663079430083	9.625428	-0.96490574	-1.8517456
1663079430096	9.638589	-0.96729857	-1.8134605
1663079430105	9.599107	-0.89431745	-1.9247267
1663079430117	9.620643	-0.8282157	-1.9450657
1663079430128	9.615857	-0.7468598	-2.0252252
1663079430268	9.608679	-0.7396813	-2.0276182
1663079430287	9.578469	-0.80787677	-2.0288146
1663079430300	9.561719	-0.88325065	-2.009672
1663079430311	9.5557375	-0.9086744	-2.0168505
1663079430323	9.543773	-0.89431745	-2.0347965
1663079430335	9.444471	-0.88683987	-2.0228324
1663079430347	9.433703	-0.8497511	-2.074278
1663079430358	9.493524	-0.8557332	-2.0647068
1663079430368	9.523434	-0.92542416	-2.0347965
1663079430378	9.534202	-0.98644114	-1.9534405
1663079430389	9.549755	-1.055833	-1.9235303
1663079430502	9.613464	-1.082154	-1.9307088
1663079430512	9.6326065	-1.0606186	-1.954637
1663079430522	9.5868435	-1.0390832	-1.9426728
1663079430533	9.548559	-0.91585284	-2.0060828
1663079430543	9.630214	-0.81266236	-1.9582262
1663079430554	9.661321	-0.7372885	-2.0108683
1663079430561	9.69482	-0.79112697	-2.0324037
1663079430572	9.673285	-0.94337034	-1.9977078
1663079430581	9.599107	-0.9625129	-1.9354944
1663079430589	9.534202	-0.99720883	-1.8206389
1663079430598	9.48156	-0.9385847	-1.9295124
1663079430680	9.440882	-0.9349955	-2.0491536
1663079430692	9.42174	-0.927817	-2.164009
1663079430705	9.510274	-0.9457632	-2.0778673
1663079430714	9.6326065	-0.98644114	-1.8744774
1663079430725	9.660124	-1.0031909	-1.8278174
1663079430737	9.6326065	-1.0331012	-1.8852451
1663079430751	9.519845	-0.99601245	-2.0072792
1663079430759	9.474381	-0.9613165	-2.0862422
1663079430769	9.521041	-0.9062816	-2.0946171
1663079430780	9.567701	-0.8605189	-1.9773688
1663079430793	9.602696	-0.85094756	-1.9462621
1663079430800	9.573684	-0.8991031	-1.9558334
1663079430812	9.54138	-0.91106725	-1.9845473
1663079430894	9.577272	-0.9385847	-1.9510478
1663079430908	9.61466	-0.97567344	-1.9773688
1663079430918	9.602696	-0.93978107	-1.9701903
1663079430929	9.642178	-0.9170493	-1.8840487
1663079430940	9.646963	-0.9086744	-1.8302102
1663079430951	9.565309	-0.9493524	-1.9354944
1663079430962	9.510274	-1.0199406	-1.9941186
1663079430972	9.543773	-1.0510473	-1.9965113
1663079431010	9.585648	-1.0486546	-1.9570298
1663079431022	9.585648	-0.99720883	-1.9163518
1663079431033	9.543773	-0.9613165	-1.9247267
1663079431042	9.518648	-0.9206385	-1.9929222
1663079431085	9.543773	-0.92183495	-2.021636
1663079431100	9.548559	-0.9493524	-2.0371895
1663079431108	9.51147	-0.98524475	-2.009672
1663079431115	9.524631	-1.0319048	-1.9606191
1663079431135	9.5760765	-1.0043873	-1.8912272
1663079431146	9.613464	-0.9804591	-1.867299
1663079431264	9.627821	-0.99003035	-1.9271195
1663079431279	9.719945	-0.95054877	-1.887638
1663079431291	9.828818	-0.8880363	-1.8014964
1663079431301	9.926924	-0.84137625	-1.7440686
1663079431312	9.7247305	-0.88205427	-1.8014964
1663079431321	9.446864	-1.0211371	-2.0371895
1663079431334	9.284152	-1.0893325	-2.1870399
1663079431343	9.2590275	-1.096511	-2.141277
1663079431352	9.3308115	-1.0594223	-2.108974
1663079431362	9.458828	-0.9732806	-2.0587249
1663079431476	9.617053	-0.8545368	-1.9809581
1663079431489	9.777372	-0.8222337	-1.8744774
1663079431498	9.7654085	-0.89042914	-1.8864416
1663079431506	9.599107	-0.96729857	-2.0084755
1663079431515	9.406186	-0.99003035	-2.129313
1663079431525	9.309277	-0.95772725	-2.1954148
1663079431536	9.26142	-0.8665009	-2.1604197
1663079431545	9.269794	-0.8030911	-2.0587249
1663079431553	9.296116	-0.8449655	-2.0479572
1663079431562	9.434899	-0.97567344	-2.149652
1663079431575	9.766604	-1.0378869	-2.009672
1663079431678	10.192826	-1.0127622	-1.6196418
1663079431690	10.335199	-0.9242278	-1.2400804
1663079431699	9.887443	-0.81266236	-1.317847
1663079431706	9.407382	-0.8258229	-1.8493528
1663079431713	9.196814	-0.9182457	-2.3449662
1663079431724	9.378669	-1.0127622	-2.3509483
1663079431735	9.733106	-1.0175478	-1.9319052
1663079431745	9.966406	-0.9421739	-1.5894325
1663079431753	9.886246	-0.86291164	-1.6121643
1663079431761	9.595518	-0.86291164	-1.9857436
1663079431771	9.293723	-0.9421739	-2.32702
1663079431781	9.169296	-1.0055838	-2.4478576
1663079431790	9.209974	-1.0654043	-2.367698
1663079431891	9.30808	-1.0713863	-2.2002003
1663079431904	9.427721	-1.0630114	-2.0563319
1663079431912	9.534202	-1.0211371	-2.0240288
1663079431922	9.579665	-0.9936196	-2.0659032
1663079431933	9.567701	-0.92662054	-2.0647068
1663079431946	9.573684	-0.8991031	-2.0347965
1663079431958	9.58804	-0.91585284	-1.9582262
1663079431966	9.585648	-0.8955139	-1.9043877
1663079432011	9.623035	-0.92303133	-1.8852451
1663079432024	9.667302	-0.91465646	-1.8852451
1663079432032	9.664909	-0.9529416	-1.8696918
1663079432040	9.631411	-0.9529416	-1.89362
1663079432081	9.605089	-0.9517452	-1.9929222
1663079432092	9.513863	-0.9529416	-2.082653
1663079432102	9.498309	-0.92662054	-2.0455642
1663079432110	9.597911	-0.89431745	-1.9761724
1663079432139	9.669696	-0.8892327	-1.9486549
1663079432150	9.664909	-0.9589237	-2.0204396
1663079432157	9.621839	-1.055833	-2.0575283
1663079432263	9.471989	-1.1192428	-2.1257238
1663079432279	9.348758	-1.0713863	-2.161616
1663079432290	9.340384	-0.9936196	-2.1942184
1663079432300	9.38465	-0.9589237	-2.2037897
1663079432311	9.513863	-0.9493524	-2.1305094
1663079432322	9.546165	-0.95772725	-2.0395823
1663079432330	9.607482	-0.9385847	-2.0072792
1663079432340	9.594023	-0.9625129	-2.0694926
1663079432353	9.573684	-0.98644114	-2.068296
1663079432364	9.531809	-1.0259227	-2.1005993
1663079432480	9.506684	-0.98644114	-2.120938
1663079432494	9.482756	-1.0079765	-2.1604197
1663079432505	9.543773	-0.9708878	-2.1592233
1663079432514	9.685248	-0.974477	-2.0647068
1663079432523	9.709177	-0.9804591	-1.9977078
1663079432536	9.6326065	-1.0091729	-1.9833509
1663079432548	9.538987	-0.9912268	-2.0934207
1663079432554	9.498309	-0.97806627	-2.1687946
1663079432563	9.468399	-0.95772725	-2.225325
1663079432573	9.479167	-0.9385847	-2.193022
1663079432579	9.517452	-0.9625129	-2.1759732
1663079432680	9.55813	-1.0175478	-2.1245275
1663079432691	9.582058	-1.0211371	-2.0958135
1663079432700	9.553345	-1.0342976	-2.1281166
1663079432708	9.49472	-0.9984053	-2.1077776
1663079432719	9.460024	-0.97806627	-2.164009
1663079432730	9.427721	-0.9936196	-2.239682
1663079432740	9.357133	-0.9936196	-2.3198416
1663079432749	9.395418	-0.9517452	-2.2947168
1663079432760	9.527023	-0.95054877	-2.1747768
1663079432773	9.619446	-0.95653087	-2.030011
1663079432784	9.5665045	-0.9696914	-2.0108683
1663079432796	9.525827	-0.9637093	-2.1604197
1663079432892	9.529416	-0.94337034	-2.254039
1663079432907	9.529416	-0.8712866	-2.2097716
1663079432917	9.537791	-0.8449655	-2.1305094
1663079432926	9.524631	-0.8808578	-2.09701
1663079432936	9.522238	-0.98644114	-2.1053848
1663079432946	9.593125	-1.0522437	-2.201397
1663079432958	9.669696	-1.0725827	-2.2205393
1663079432966	9.717552	-1.0331012	-2.0898316
1663079432974	9.670892	-0.94337034	-1.954637
1663079433009	9.546165	-0.8748758	-2.0288146
1663079433021	9.42174	-0.84855473	-2.2384856
1663079433030	9.361918	-0.91226363	-2.37368
1663079433085	9.425328	-1.0139586	-2.292324
1663079433100	9.538987	-1.0869397	-2.2121646
1663079433108	9.572487	-1.1144571	-2.1460629
1663079433118	9.552148	-1.055833	-2.1101704
1663079433159	9.498309	-0.9613165	-2.1568305
1663079433170	9.470792	-0.9086744	-2.1568305
1663079433181	9.515059	-0.89431745	-2.1317058
1663079433261	9.580862	-0.90149593	-2.1652055
1663079433275	9.603892	-0.9314062	-2.1798615
1663079433286	9.540184	-0.9613165	-2.1245275
1663079433294	9.474381	-0.97567344	-2.0778673
1663079433305	9.504292	-1.0342976	-2.079064
1663079433316	9.542577	-1.055833	-2.0982063
1663079433326	9.550952	-1.0319048	-2.1197417
1663079433374	9.577272	-0.9637093	-2.0407786
1663079433386	9.5760765	-0.8700901	-2.0551355
1663079433397	9.570094	-0.9062816	-2.0946171
1663079433477	9.5353985	-0.9912268	-2.1005993
1663079433492	9.543773	-1.0630114	-2.0838494
1663079433501	9.52822	-1.055833	-2.030011
1663079433509	9.531809	-1.0199406	-2.021636
1663079433520	9.513863	-1.0199406	-2.0252252
1663079433528	9.49472	-0.99003035	-2.0551355
1663079433538	9.525827	-0.93619186	-2.0934207
1663079433549	9.556933	-0.95054877	-2.1568305
1663079433558	9.596714	-0.9804591	-2.0994027
1663079433569	9.607482	-1.0007981	-2.0276182
1663079433577	9.516255	-1.0031909	-2.0982063
1663079433681	9.505488	-0.9924232	-2.0407786
1663079433699	9.519845	-0.9804591	-2.0336
1663079433708	9.560523	-0.9517452	-2.0515463
1663079433717	9.572487	-0.9661021	-2.09701
1663079433729	9.6015	-0.95653087	-2.0611176
1663079433738	9.578469	-1.0007981	-2.021636
1663079433745	9.553345	-1.0223335	-1.9869401
1663079433763	9.510274	-1.0259227	-1.9977078
1663079433775	9.492328	-0.96849495	-2.0802603
1663079433786	9.516255	-0.94695956	-2.123331
1663079433796	9.507881	-0.933799	-2.14367
1663079433884	9.556933	-0.9409775	-2.0946171
1663079433899	9.597911	-0.9290134	-2.0359929
1663079433908	9.571291	-0.91585284	-2.0479572
1663079433915	9.548559	-0.94337034	-2.088635
1663079433929	9.499506	-0.9625129	-2.108974
1663079433938	9.512667	-0.994816	-2.053939
1663079433972	9.554541	-0.98644114	-2.0479572
1663079433981	9.565309	-0.9637093	-2.0599213
1663079433990	9.568898	-0.9457632	-2.0347965
1663079433998	9.550952	-0.92662054	-2.0359929
1663079434012	9.554541	-0.9529416	-2.0479572
1663079434022	9.579665	-1.0163515	-2.0276182
1663079434030	9.570094	-1.041476	-2.0312073
1663079434084	9.548559	-0.9912268	-2.068296
1663079434094	9.548559	-0.9314062	-2.1197417
1663079434104	9.549755	-0.90388876	-2.079064
1663079434111	9.525827	-0.91106725	-2.0479572
1663079434173	9.538987	-0.9828519	-2.0635104
1663079434188	9.5353985	-1.0331012	-2.1005993
1663079434198	9.527023	-1.0390832	-2.0982063
1663079434209	9.513863	-1.0103694	-2.0862422
1663079434264	9.509077	-0.93738824	-2.062314
1663079434281	9.537791	-0.88325065	-2.0491536
1663079434290	9.512667	-0.92303133	-2.079064
1663079434300	9.5353985	-0.9840483	-2.1281166
1663079434308	9.585648	-1.0247263	-2.1053848
1663079434318	9.670892	-1.0594223	-1.9797616
1663079434382	9.637392	-1.0247263	-1.879263
1663079434396	9.572487	-0.9876375	-1.8840487
1663079434407	9.54497	-0.8967103	-1.8182461
1663079434416	9.599107	-0.8557332	-1.6674982
1663079434480	9.685248	-0.9637093	-1.5750755
1663079434498	9.718748	-1.1946167	-1.7943178
1663079434505	9.6326065	-1.3058829	-2.3042881
1663079434512	9.504292	-1.3669	-2.5639095
1663079434523	9.542577	-1.4518452	-2.4179473
1663079434534	9.801301	-1.4051851	-2.0599213
1663079434546	9.850353	-1.2664014	-1.7333009
1663079434557	9.58804	-1.07019	-1.7093726
1663079434566	9.486345	-0.96729857	-1.8912272
1663079434572	9.462418	-0.96490574	-2.2983062
1663079434682	9.397811	-1.0534402	-2.461018
1663079434693	9.323633	-1.0833504	-2.1870399
1663079434705	9.427721	-1.0390832	-1.9163518
1663079434718	9.739087	-1.0737791	-1.9055841
1663079434728	9.895817	-1.1012967	-1.8074784
1663079434738	9.897014	-1.0462617	-1.7787645
1663079434748	9.500702	-1.1144571	-1.7548363
1663079434766	9.2997055	-1.1599208	-1.9366908
1663079434778	9.211171	-1.1228321	-2.120938
1663079434789	9.12144	-1.015155	-2.0336
1663079434800	9.311669	-0.8138588	-1.8493528
1663079434884	9.560523	-0.80189466	-1.8134605
1663079434898	9.667302	-0.8844471	-1.739283
1663079434908	9.742677	-0.99601245	-1.7380866
1663079434916	9.78814	-1.1012967	-1.8134605
1663079434924	9.796515	-1.1108679	-1.8816559
1663079434934	9.828818	-1.0055838	-1.6328024
1663079434979	9.846765	-0.78394854	-1.4554343
1663079434991	9.739087	-0.72293156	-1.5463617
1663079435000	9.549755	-0.8389834	-1.765604
1663079435007	9.365508	-1.0295119	-1.9737796
1663079435017	9.326026	-1.1156535	-1.9295124
1663079435025	9.345169	-1.0223335	-1.8984057
1663079435031	9.446864	-0.90029955	-1.8649062
1663079435088	9.534202	-0.89431745	-1.8613169
1663079435103	9.517452	-0.8545368	-1.8744774
1663079435113	9.509077	-0.7935198	-1.7668004
1663079435125	9.533006	-0.81864446	-1.6447664
1663079435195	9.64816	-0.8437691	-1.631606
1663079435206	9.669696	-0.8353942	-1.730908
1663079435213	9.654142	-0.91465646	-1.765604
1663079435220	9.668499	-0.95653087	-1.84696
1663079435263	9.668499	-0.9696914	-1.7775681
1663079435278	9.664909	-1.0187442	-1.5367904
1663079435287	9.667302	-1.0450653	-1.4973087
1663079435295	9.595518	-1.0570294	-1.5511472
1663079435301	9.548559	-1.0331012	-1.625624
1663079435312	9.629018	-1.0426725	-1.5762719
1663079435398	9.699606	-1.0594223	-1.535594
1663079435410	9.70798	-1.0342976	-1.6519449
1663079435416	9.725926	-0.99601245	-1.7440686
1663079435430	9.573684	-0.9840483	-1.6926229
1663079435482	9.416953	-0.9457632	-1.6890336
1663079435496	9.468399	-0.9098708	-1.7691933
1663079435506	9.522238	-0.9924232	-1.8409779
1663079435516	9.584451	-1.0319048	-1.7333009
1663079435525	9.603892	-1.0881361	-1.6339988
1663079435537	9.663713	-1.0737791	-1.7057835
1663079435547	9.655338	-1.0402796	-1.7105691
1663079435557	9.57488	-1.0175478	-1.7057835
1663079435596	9.523434	-0.99601245	-1.6962122
1663079435605	9.559326	-0.99003035	-1.6914265
1663079435616	9.57488	-1.0223335	-1.6615162
1663079435683	9.608679	-1.082154	-1.6651055
1663079435699	9.679267	-1.1742777	-1.6710875
1663079435708	9.717552	-1.1670992	-1.6387844
1663079435717	9.718748	-1.1072787	-1.6399808
1663079435728	9.673285	-1.0139586	-1.7464614
1663079435737	9.5557375	-0.96490574	-1.806282
1663079435763	9.488738	-0.9637093	-1.7440686
1663079435777	9.552148	-0.9732806	-1.7404794
1663079435789	9.675677	-1.0079765	-1.7620147
1663079435800	9.716355	-1.0307083	-1.7572291
1663079435888	9.717552	-1.0809577	-1.7943178
1663079435903	9.667302	-1.0582259	-1.751247
1663079435912	9.540184	-0.994816	-1.7727824
1663079435920	9.457631	-0.96729857	-1.8649062
1663079435930	9.460024	-1.0247263	-1.9115661
1663079435942	9.5557375	-1.0103694	-1.7644076
1663079435980	9.675677	-0.99960166	-1.7057835
1663079435992	9.716355	-1.041476	-1.7273189
1663079436000	9.706784	-1.0977074	-1.7404794
1663079436007	9.674481	-1.0797613	-1.7057835
1663079436014	9.582058	-1.0737791	-1.6902301
1663079436024	9.517452	-1.0654043	-1.8337995
1663079436032	9.505488	-1.0402796	-1.8565313
1663079436089	9.573684	-0.97806627	-1.7715861
1663079436104	9.687641	-0.96729857	-1.7081763
1663079436114	9.755837	-0.994816	-1.6339988
1663079436125	9.673285	-1.0630114	-1.7333009
1663079436198	9.537791	-1.1001002	-1.8864416
1663079436208	9.4839525	-1.076172	-1.9199411
1663079436214	9.524631	-1.0666007	-1.8493528
1663079436225	9.608679	-1.0390832	-1.7608184
1663079436264	9.660124	-1.0067801	-1.6890336
1663079436278	9.654142	-0.9816555	-1.7177476
1663079436289	9.600304	-1.0079765	-1.8302102
1663079436296	9.538987	-1.0582259	-1.867299
1663079436308	9.543773	-1.0833504	-1.8924236
1663079436321	9.577272	-1.0689936	-1.852942
1663079436405	9.57488	-1.0331012	-1.8242282
1663079436414	9.565309	-0.9876375	-1.7703897
1663079436423	9.61466	-0.9936196	-1.7608184
1663079436431	9.669696	-1.0187442	-1.7967107
1663079436440	9.663713	-1.0043873	-1.7907287
1663079436482	9.5760765	-0.96849495	-1.8122641
1663079436497	9.522238	-0.9816555	-1.8385851
1663079436507	9.522238	-1.0127622	-1.84696
1663079436514	9.595518	-1.0055838	-1.8206389
1663079436523	9.646963	-0.98524475	-1.7787645
1663079436532	9.656535	-0.96849495	-1.7751753
1663079436543	9.602696	-1.0139586	-1.8314066
1663079436598	9.5760765	-0.9696914	-1.8744774
1663079436607	9.607482	-0.9601201	-1.8828523
1663079436616	9.640982	-0.98644114	-1.7967107
1663079436628	9.594023	-0.9876375	-1.759622
1663079436684	9.501899	-0.9661021	-1.89362
1663079436699	9.495916	-0.9601201	-1.9223338
1663079436708	9.611072	-1.0067801	-1.7703897
1663079436714	9.686445	-1.0606186	-1.6854445
1663079436724	9.664909	-1.096511	-1.739283
1663079436760	9.593125	-1.0833504	-1.8014964
1663079436770	9.540184	-1.0713863	-1.8122641
1663079436779	9.5557375	-1.049851	-1.7751753
1663079436789	9.5868435	-1.0366904	-1.7751753
1663079436799	9.619446	-1.0067801	-1.8050855
1663079436891	9.613464	-0.9768698	-1.8230318
1663079436898	9.642178	-0.93260264	-1.7548363
1663079436905	9.643374	-0.9589237	-1.7488543
1663079436912	9.609875	-0.99003035	-1.8218354
1663079436920	9.560523	-1.0163515	-1.8912272
1663079436996	9.572487	-0.98883396	-1.9163518
1663079437002	9.567701	-1.0103694	-1.9199411
1663079437008	9.523434	-1.0594223	-1.867299
1663079437013	9.530613	-1.082154	-1.8314066
1663079437018	9.58804	-1.0989038	-1.7524434
1663079437021	9.620643	-1.0989038	-1.7548363
1663079437025	9.607482	-1.0642079	-1.8433708
1663079437082	9.57488	-1.0474582	-1.867299
1663079437088	9.571291	-1.0642079	-1.873281
1663079437092	9.594023	-1.0630114	-1.913959
1663079437097	9.582058	-1.0247263	-1.9055841
1663079437210	9.578469	-1.0031909	-1.8601205
1663079437216	9.504292	-0.9625129	-1.8433708
1663079437223	9.546165	-0.92542416	-1.9307088
1663079437227	9.568898	-0.9421739	-1.9869401
1663079437233	9.552148	-0.99720883	-1.9893329
1663079437258	9.549755	-1.0402796	-1.9606191
1663079437265	9.548559	-1.1036894	-1.9666011
1663079437273	9.603892	-1.0689936	-1.887638
1663079437279	9.64816	-1.0582259	-1.8684953
1663079437292	9.584451	-1.035494	-1.8816559
1663079437410	9.515059	-1.0474582	-1.9295124
1663079437416	9.536594	-1.0163515	-2.0048864
1663079437423	9.521041	-1.0606186	-2.0347965
1663079437430	9.523434	-1.0139586	-2.0048864
1663079437435	9.492328	-1.0522437	-2.0659032
1663079437480	9.492328	-1.0594223	-2.1005993
1663079437492	9.600304	-0.9828519	-1.9570298
1663079437507	9.690035	-0.9421739	-1.8720846
1663079437517	9.686445	-0.9661021	-1.9295124
1663079437524	9.630214	-1.0199406	-2.001297
1663079437530	9.584451	-1.041476	-1.9941186
1663079437538	9.547362	-1.0486546	-2.0240288
1663079437606	9.495916	-1.0187442	-2.0814567
1663079437621	9.468399	-1.0259227	-2.0551355
1663079437630	9.456435	-1.0271192	-2.0192432
1663079437642	9.512667	-1.0007981	-2.0084755
1663079437685	9.599107	-0.98524475	-2.0180469
1663079437697	9.667302	-1.0019945	-2.0001006
1663079437707	9.675677	-1.0486546	-1.9761724
1663079437715	9.615857	-0.97926265	-1.9905293
1663079437729	9.538987	-0.91585284	-2.0204396
1663079437762	9.434899	-0.8676973	-2.0874386
1663079437776	9.347562	-0.9445667	-2.1508484
1663079437789	9.348758	-0.9517452	-2.164009
1663079437798	9.486345	-1.041476	-2.1185453
1663079437809	9.579665	-1.0522437	-2.0730817
1663079437882	9.637392	-1.1132607	-1.9773688
1663079437896	9.5868435	-1.1383854	-1.9235303
1663079437907	9.524631	-1.1240284	-1.9235303
1663079437915	9.491131	-1.0570294	-1.9642082
1663079437926	9.549755	-1.0127622	-1.9558334
1663079438004	9.606286	-1.0247263	-1.9378872
1663079438011	9.661321	-1.0019945	-1.9151554
1663079438017	9.699606	-0.9804591	-1.913959
1663079438022	9.74148	-1.07019	-1.8720846
1663079438027	9.692428	-1.0989038	-1.8780667
1663079438031	9.6326065	-1.055833	-1.934298
1663079438036	9.579665	-1.015155	-1.9761724
1663079438083	9.466006	-1.055833	-2.0359929
1663079438088	9.389436	-1.0043873	-2.1460629
1663079438092	9.438489	-1.0642079	-2.2552354
1663079438097	9.525827	-1.1324034	-2.1592233
1663079438217	9.562916	-1.1312069	-2.0407786
1663079438226	9.546165	-1.1048858	-2.0635104
1663079438234	9.482756	-1.082154	-2.1221347
1663079438245	9.452846	-1.07019	-2.0694926
1663079438253	9.489935	-1.0773684	-2.0228324
1663079438262	9.529416	-1.076172	-2.076671
1663079438271	9.579665	-1.0163515	-2.0958135
1663079438279	9.584451	-1.0175478	-2.1137598
1663079438287	9.577272	-1.0055838	-2.111367
1663079438294	9.512667	-1.0390832	-2.120938
1663079438407	9.486345	-1.055833	-2.1137598
1663079438421	9.480363	-1.1060823	-2.079064
1663079438432	9.527023	-1.11685	-2.0659032
1663079438442	9.595518	-1.0845468	-2.0359929
1663079438456	9.630214	-1.0331012	-2.015654
1663079438467	9.621839	-1.0462617	-2.0670996
1663079438486	9.55813	-1.0594223	-2.123331
1663079438494	9.515059	-1.0366904	-2.141277
1663079438504	9.462418	-1.035494	-2.1317058
1663079438512	9.44806	-1.0259227	-2.108974
1663079438523	9.4839525	-1.0342976	-2.0778673
1663079438622	9.5353985	-1.0211371	-2.123331
1663079438632	9.54138	-1.0235299	-2.1472592
1663079438642	9.547362	-1.0271192	-2.1675982
1663079438652	9.533006	-1.049851	-2.141277
1663079438664	9.460024	-1.0115658	-2.1870399
1663079438682	9.376275	-0.9445667	-2.2863421
1663079438690	9.312865	-0.9026923	-2.306681
1663079438693	9.276974	-0.85094756	-2.3282163
1663079438699	9.345169	-0.80907315	-2.329413
1663079438703	9.445667	-0.73848486	-2.268396
1663079438765	9.582058	-0.689432	-2.1978076
1663079438777	9.6015	-0.73848486	-2.09701
1663079438783	9.531809	-0.770788	-2.0491536
1663079438788	9.480363	-0.6774679	-2.0359929
1663079438819	9.403793	-0.535095	-2.1329024
1663079438826	9.305687	-0.51236314	-2.210968
1663079438889	9.339187	-0.6308079	-2.1906292
1663079438907	9.570094	-0.82701933	-2.2217357
1663079438918	9.686445	-0.9194421	-2.111367
1663079438929	9.749855	-0.87966144	-1.9570298
1663079439013	9.739087	-0.8222337	-1.9043877
1663079439023	9.703195	-0.84735835	-1.8505492
1663079439031	9.70798	-0.8967103	-1.7548363
1663079439042	9.6529455	-0.98883396	-1.8337995
1663079439055	9.673285	-1.035494	-1.9845473
1663079439066	9.721141	-1.0055838	-2.0288146
1663079439079	9.670892	-0.994816	-2.1221347
1663079439083	9.510274	-1.1467602	-2.074278
1663079439088	9.242277	-1.3034902	-1.9151554
1663079439092	8.902198	-1.3334004	-1.9857436
1663079439096	8.966804	-1.3513466	-2.0407786
1663079439239	9.460024	-1.3884354	-2.0575283
1663079439249	10.028619	-1.6663018	-1.9941186
1663079439256	10.3232355	-2.1343977	-1.9091734
1663079439264	10.191629	-2.6479573	-2.0455642
1663079439274	9.97478	-2.8788648	-2.1556342
1663079439286	9.743873	-2.5148566	-2.0659032
1663079439292	9.6015	-1.8409779	-2.1245275
1663079439301	9.249456	-1.332204	-2.2348964
1663079439311	8.903394	-1.1240284	-2.4622145
1663079439319	8.7418785	-1.2329018	-2.4227328
1663079439439	8.848359	-1.6459628	-2.2121646
1663079439447	8.868698	-2.0745773	-2.1687946
1663079439458	8.826823	-2.143969	-2.079064
1663079439470	9.008678	-1.8421743	-1.9534405
1663079439479	9.175279	-1.5370895	-1.9630119
1663079439489	9.30808	-1.4422739	-1.7715861
1663079439499	9.419347	-1.4470595	-1.6926229
1663079439507	9.497113	-1.4820545	-1.7679968
1663079439519	9.705587	-1.5047864	-1.6902301
1663079439525	10.0417795	-1.3860425	-1.3561323
1663079439533	10.527822	-1.3477573	-0.7815557
1663079439617	10.956436	-1.6710875	-0.7683952
1663079439629	10.793724	-2.091327	-1.6399808
1663079439640	10.59841	-2.5184457	-2.4299114
1663079439650	9.916156	-2.3784657	-3.53719
1663079439660	8.839984	-1.4075779	-3.720241
1663079439669	8.7012005	-0.41665024	-2.8501508
1663079439680	8.979964	-0.22851457	-3.1193435
1663079439692	8.789735	-0.5159524	-3.8291144
1663079439701	8.784949	-0.67148584	-4.784449
1663079439712	9.186047	-0.52193445	-5.2429733
1663079439760	9.71157	-0.083748795	-4.296014
1663079439772	10.222736	0.5267201	-2.6201408
1663079439783	10.235897	0.9062816	-1.2149557
1663079439793	9.786943	0.7791629	-1.1491531
1663079439828	9.470792	0.32093734	-2.0778673
1663079439838	9.346365	-0.07776674	-2.8633113
1663079439886	9.237492	-0.26081768	-3.2389846
1663079439900	9.247063	-0.2644069	-3.1624143
1663079439911	9.333204	-0.16869399	-2.7723842
1663079439920	9.3200445	-0.12323037	-2.3724837
1663079440012	9.194421	-0.08853444	-2.2911277
1663079440024	9.138189	0.020338992	-2.5208387
1663079440035	8.860323	0.06580263	-2.844169
1663079440046	8.711968	0.18544376	-2.8992038
1663079440056	8.605488	0.32213375	-2.7532415
1663079440067	8.633005	0.37238303	-2.5256243
1663079440078	8.727522	0.30538398	-2.3377876
1663079440088	8.806484	0.11485548	-2.0838494
1663079440099	8.856734	-0.16749759	-2.0168505
1663079440111	9.084352	-0.52313083	-1.8720846
1663079440120	9.503095	-0.90029955	-1.5643078
1663079440243	9.806087	-0.96490574	-1.3848461
1663079440254	9.760623	-0.62961143	-1.3621143
1663079440264	9.608679	-0.111266255	-1.7021942
1663079440278	9.790533	0.19621146	-2.2444677
1663079440287	10.366306	0.24795625	-2.9530423
1663079440296	11.135898	0.9409775	-5.758926
1663079440304	11.362318	2.0338993	-8.016554
1663079440313	10.6103735	1.5693926	-6.3646092
1663079440322	9.725926	0.124426775	-3.7417765
1663079440333	9.367901	-1.3633107	-1.1539388
1663079440345	9.253045	-2.658725	-0.20817557
1663079440434	9.488738	-3.5706897	-1.0435698
1663079440445	9.629018	-3.5826538	-2.3581266
1663079440455	9.475577	-2.9781668	-3.144468
1663079440468	9.138189	-2.4323041	-2.992524
1663079440480	8.935697	-1.8385851	-2.7472596
1663079440488	8.838788	-1.2484552	-2.7580273
1663079440498	8.92493	-1.1192428	-2.9745777
1663079440508	9.021839	-1.1551352	-3.248556
1663079440517	8.948857	-1.3106686	-2.975774
1663079440528	8.808877	-1.387239	-2.7520452
1663079440651	8.563613	-1.5119648	-2.6512475
1663079440663	8.434102	-1.6830516	-2.6416762
1663079440674	8.438888	-1.7536399	-2.5387847
1663079440686	8.676076	-1.7153547	-2.2528424
1663079440699	9.081959	-1.5813566	-1.9307088
1663079440708	9.524631	-1.6220347	-1.6806588
1663079440718	9.82164	-1.8613169	-1.6423737
1663079440725	9.730712	-1.8541385	-1.7883358
1663079440736	9.415757	-1.5131612	-1.9271195
1663079440748	9.471989	-1.2400804	-1.6435701
1663079440769	10.029816	-1.061815	-1.1395818
1663079440779	10.512268	-0.8282157	-0.465404
1663079440789	10.527822	-0.6978069	-0.32542387
1663079440801	10.050154	-1.1682956	-1.3573287
1663079440844	9.556933	-2.9913275	-2.312663
1663079440852	8.970393	-4.861318	-5.3626146
1663079440862	7.6657066	-4.6695933	-8.181659
1663079440887	8.247461	-2.4801607	-6.5237317
1663079440900	11.802598	-0.19740787	-3.3409786
1663079440908	13.07528	0.7193423	-0.019142581
1663079441011	10.810473	0.2117648	0.10199407
1663079441024	8.904591	-0.53389853	-2.5962126
1663079441032	8.176873	-0.62841505	-4.199105
1663079441041	8.886644	0.23958136	-4.236193
1663079441052	10.141082	1.1718849	-3.5156546
1663079441060	10.659427	1.5011971	-2.678765
1663079441068	10.081261	1.0929217	-2.0168505
1663079441098	9.193225	0.26949164	-2.329413
1663079441109	8.613862	-0.33050862	-2.9793632
1663079441121	8.429316	-0.5949155	-3.429513
1663079441129	8.438888	-0.5937191	-3.482155
1663079441261	8.39821	-0.43579283	-3.1049864
1663079441273	8.475079	-0.26799613	-2.7314072
1663079441285	8.790932	-0.1794617	-2.349752
1663079441298	8.906983	-0.18065812	-1.9390837
1663079441309	9.01466	-0.11964113	-1.8828523
1663079441321	9.122637	0.1471586	-2.1759732
1663079441333	9.0341015	0.47886363	-2.4538395
1663079441344	8.953643	0.57816577	-2.4454648
1663079441356	9.027821	0.43100718	-2.3557339
1663079441366	9.284152	0.09930214	-1.9211375
1663079441461	9.607482	-0.29312077	-1.4542379
1663079441470	9.77498	-0.64875406	-1.1778669
1663079441479	9.864711	-0.8641081	-1.0582259
1663079441487	9.865907	-1.1551352	-0.7480562
1663079441498	9.716355	-1.6328024	-0.61884373
1663079441506	8.964411	-1.2520444	-2.1352952
1663079441513	8.940483	-0.09571291	-3.5611184
1663079441523	9.946067	1.1742777	-5.044369
1663079441535	10.655837	1.8254246	-6.1193447
1663079441544	11.62194	0.9026923	-5.9407806
1663079441551	11.332408	-0.84735835	-4.7748775
1663079441562	9.947263	-2.3712873	-2.7927232
1663079441573	8.745467	-2.4598217	-2.4047868
1663079441662	8.799306	-2.1272194	-2.1747768
1663079441669	9.649357	-1.9869401	-2.0001006
1663079441676	10.377073	-2.3162522	-1.6435701
1663079441685	10.239487	-2.984149	-1.1204392
1663079441696	9.377472	-3.4594233	-1.3561323
1663079441706	8.546864	-3.3110683	-2.461018
1663079441716	8.167302	-2.780759	-3.185146
1663079441727	8.124231	-2.1427727	-3.3254254
1663079441761	8.326425	-1.6339988	-3.0726833
1663079441773	8.848359	-1.3680964	-2.5184457
1663079441785	9.171689	-1.265205	-2.2588246
1663079441798	8.929715	-1.3980067	-2.4335005
1663079441861	8.580363	-1.495215	-2.585445
1663079441869	8.475079	-1.4665012	-2.2695923
1663079441880	8.799306	-1.4904294	-1.8218354
1663079441889	9.323633	-1.7907287	-1.5487545
1663079441896	9.864711	-2.152344	-1.3250256
1663079441904	10.150653	-2.361716	-1.4003994
1663079442009	9.874282	-2.3629124	-1.3597214
1663079442019	9.305687	-1.8696918	-1.486541
1663079442030	9.085547	-1.2436695	-1.5164514
1663079442041	9.353543	-0.87966144	-1.3058829
1663079442051	9.796515	-0.8006983	-1.0483555
1663079442060	10.51825	-0.602094	-0.61046886
1663079442070	11.053345	-1.2532408	-0.79950184
1663079442079	10.444073	-3.5527434	-2.1424735
1663079442089	9.29133	-5.9841504	-5.8414783
1663079442100	7.01097	-5.727819	-8.595916
1663079442109	8.162517	-1.8613169	-6.7836523
1663079442260	11.88186	1.1599208	-3.4019957
1663079442268	13.151851	1.6471593	-0.47976094
1663079442274	11.417354	0.49322057	-0.06580263
1663079442286	9.495916	-0.7085746	-1.4303098
1663079442295	8.495418	-0.878465	-3.1301112
1663079442308	8.7622175	-0.11006984	-3.638885
1663079442317	9.580862	0.73130643	-3.4211383
1663079442324	10.099207	0.87158567	-2.9530423
1663079442333	10.019048	0.6332007	-2.3186452
1663079442345	9.425328	0.1160519	-2.0850458
1663079442478	8.898608	-0.43818563	-2.4969103
1663079442491	8.56122	-0.622433	-3.0236306
1663079442500	8.370692	-0.25244278	-3.2784662
1663079442508	8.164909	0.22372891	-3.0320053
1663079442514	8.2678	0.44057846	-2.5734808
1663079442522	8.499007	0.17587246	-2.219343
1663079442540	8.680861	-0.16151553	-1.8708882
1663079442549	8.787342	-0.19142582	-1.8230318
1663079442557	8.646166	0.22013968	-2.117349
1663079442570	8.68804	0.78035927	-2.3653052
1663079442581	8.942876	0.89431745	-2.3282163
1663079442660	9.403793	0.40588254	-1.9043877
1663079442673	9.822836	-0.3364907	-1.2233306
1663079442684	10.160523	-1.1228321	-0.58654064
1663079442693	10.4464655	-1.8708882	0.21684955
1663079442701	10.081261	-2.4215364	0.71365935
1663079442712	9.158528	-2.181058	0.08763713
1663079442720	8.322835	-1.0139586	-1.7835501
1663079442727	9.439685	1.0067801	-5.434399
1663079442737	11.504691	2.9877381	-8.783752
1663079442748	12.235998	2.7759733	-7.8909307
1663079442775	12.44208	0.39511484	-4.3558345
1663079442785	11.869896	-2.1631117	-0.9813564
1663079442792	10.39502	-3.5264223	-0.42711884
1663079442800	8.960822	-3.6149569	-1.9127626
1663079442859	8.358727	-2.9183464	-3.045166
1663079442866	8.872287	-2.3832514	-2.8537402
1663079442872	9.619446	-2.3449662	-1.6097715
1663079442879	9.460024	-2.6563323	-0.5027919
1663079442887	8.8651085	-2.798705	-0.5374878
1663079442895	8.227122	-2.8226335	-1.7991035
1663079442993	7.5376906	-2.7424738	-3.2222347
1663079443006	7.3292155	-2.3952155	-3.6664026
1663079443013	7.902596	-1.7057835	-3.39721
1663079443023	8.838788	-0.98644114	-2.6979074
1663079443034	9.607482	-0.48963133	-2.0778673
1663079443041	9.977173	-0.3999005	-1.6423737
1663079443076	9.936495	-0.79112697	-1.4506488
1663079443087	9.584451	-1.6016957	-1.494916
1663079443097	9.250652	-2.2037897	-1.6914265
1663079443108	8.927322	-2.3437698	-1.7057835
1663079443269	8.788539	-2.0434706	-1.6220347
1663079443281	8.989535	-1.6076777	-1.3549358
1663079443294	9.426525	-1.483251	-1.1515459
1663079443308	9.870692	-1.8589242	-0.770788
1663079443318	10.324431	-2.2863421	-0.424726
1663079443328	10.623534	-2.2995026	-0.30987054
1663079443339	10.535	-1.5490535	-0.009571291
1663079443350	9.849157	-0.96849495	-0.049052864
1663079443361	9.340384	-2.0338993	-0.5733801
1663079443372	8.996714	-4.421936	-5.2310095
1663079443382	7.416853	-5.876174	-10.567303
1663079443474	7.233503	-3.5826538	-10.06481
1663079443487	12.331711	0.9409775	-3.905984
1663079443499	15.201004	3.2476585	2.9772696
1663079443508	12.566506	0.9804591	3.688237
1663079443515	9.965209	-1.8278174	-0.81625164
1663079443523	8.180463	-3.3672996	-4.2888355
1663079443531	8.168498	-2.8405795	-5.8223357
1663079443549	9.625428	-0.50398827	-5.0587263
1663079443556	11.211271	1.7703897	-2.9207392
1663079443568	11.414961	2.8202405	-1.5056837
1663079443578	9.993923	2.2360928	-1.6519449
1663079443670	8.48465	1.0546366	-2.8728826
1663079443679	7.7039914	0.08853444	-3.4833515
1663079443688	7.717152	-0.33888352	-3.3864422
1663079443697	8.204391	-0.4226323	-2.9315069
1663079443706	8.613862	-0.18424734	-2.3904297
1663079443715	8.733503	0.104087785	-1.9115661
1663079443724	8.526525	0.008374879	-1.7428722
1663079443734	8.318049	-0.30987054	-1.8505492
1663079443742	8.065607	-0.453739	-1.9295124
1663079443752	8.217551	-0.29312077	-2.0754745
1663079443763	8.987143	0.14476576	-2.1281166
1663079443772	10.11835	0.37477586	-1.6698911
1663079443782	10.714461	0.27906293	-1.2352947
1663079443791	10.255039	-0.3182454	-0.9095717
1663079443881	9.78814	-1.2424731	-0.8365906
1663079443890	9.444471	-1.7488543	-0.7396813
1663079443900	9.227921	-1.4494523	-0.6332007
1663079443909	8.604291	-0.4884349	-1.8768703
1663079443917	9.64457	0.78753775	-5.2944193
1663079443925	11.650654	1.5131612	-8.5779705
1663079444011	12.173784	0.6511469	-7.402496
1663079444024	12.057733	-0.6475576	-3.1695926
1663079444035	11.083256	-2.0183458	0.06610172
1663079444047	10.23829	-2.815455	-0.076570325
1663079444058	9.387043	-2.9398818	-1.9091734
1663079444068	9.009874	-2.6288147	-2.9865417
1663079444078	9.156136	-2.5965116	-2.4945176
1663079444087	9.093923	-2.8322048	-1.4219348
1663079444094	8.618649	-2.9817562	-0.79471624
1663079444102	8.273783	-2.841776	-1.0833504
1663079444263	7.969894	-2.5136602	-2.204986
1663079444279	7.77458	-2.1020947	-2.9015965
1663079444293	8.1433735	-1.4470595	-3.054737
1663079444304	8.703593	-0.9553344	-2.544767
1663079444314	9.385847	-0.8545368	-1.7261224
1663079444325	9.900602	-1.1802598	-1.1910275
1663079444337	9.886246	-1.8122641	-1.1300105
1663079444349	9.468399	-2.152344	-1.50688
1663079444359	9.036494	-1.9965113	-1.7835501
1663079444370	8.860323	-1.7285153	-1.7572291
1663079444386	8.770593	-1.6435701	-1.6806588
1663079444489	8.965608	-1.6088741	-1.4853446
1663079444499	9.554541	-1.5945172	-0.9095717
1663079444508	10.264611	-2.0255244	-0.12323037
1663079444520	10.550553	-2.469393	0.21924238
1663079444529	9.968799	-2.2372892	0.051445685
1663079444539	9.559326	-1.4183456	-0.39720857
1663079444551	9.488738	-1.2927225	-1.4494523
1663079444563	9.578469	-3.0116663	-3.8267217
1663079444572	8.9775715	-5.447859	-8.412866
1663079444581	8.162517	-4.752146	-10.39502
1663079444591	11.090434	-0.42622152	-5.239384
1663079444601	13.895121	2.7125635	1.3025929
1663079444698	11.511869	2.0518453	2.5881367
1663079444707	9.895817	-0.051445685	-0.09092726
1663079444715	9.243474	-1.5454643	-3.708277
1663079444725	9.705587	-1.7871394	-6.0915284
1663079444734	10.9349	-0.19381863	-5.037191
1663079444743	11.417354	1.7225332	-2.3018954
1663079444751	10.981561	2.2671995	-0.9107681
1663079444762	9.8886385	1.5550356	-1.8086748
1663079444773	8.483454	0.48006004	-3.0858438
1663079444787	7.420442	-0.3592225	-3.6903307
1663079444798	7.1270223	-0.8102696	-3.3936207
1663079444807	7.4790664	-0.9876375	-2.5399811
1663079444817	8.113463	-0.84855473	-1.7847466
1663079444899	8.670094	-0.3999005	-1.6938193
1663079444911	8.5887375	0.25393832	-1.9211375
1663079444922	8.17448	0.67148584	-2.0730817
1663079444933	7.94118	0.6643074	-2.1954148
1663079444943	8.1637125	0.3269194	-2.2002003
1663079444952	8.95484	0.0849452	-2.102992
1663079445014	9.917353	0.08733802	-1.6722839
1663079445029	10.385448	0.0047856453	-1.0845468
1663079445038	10.120743	-0.45613182	-0.6798607
1663079445046	10.0214405	-1.0127622	-0.4642076
1663079445055	10.046565	-1.5071791	0.023928227
1663079445066	9.489935	-1.8972093	0.4764708
1663079445093	8.546864	-1.7931215	-0.5841478
1663079445101	9.196814	-0.8979067	-4.9543395
1663079445109	11.257932	0.37716866	-9.753445
1663079445114	12.434901	0.9445667	-9.004191
1663079445263	12.086446	0.8380861	-3.821936
1663079445281	11.600404	-0.051445685	0.74835527
1663079445293	11.253146	-1.582553	0.0059820567
1663079445306	10.219148	-2.7532415	-2.6907291
1663079445317	9.516255	-2.8585258	-3.8880377
1663079445329	9.37149	-2.7472596	-3.2126634
1663079445338	9.160921	-2.9997022	-1.901995
1663079445346	8.373085	-3.3684962	-0.7468598
1663079445355	7.8116684	-3.3852458	-0.5063811
1663079445363	7.4324064	-2.7843482	-1.5128621
1663079445373	7.0337024	-2.1499512	-2.5316064
1663079445434	7.23111	-1.4123635	-3.124129
1663079445449	8.017751	-0.81864446	-2.9793632
1663079445456	8.999106	-0.581755	-2.367698
1663079445465	9.953245	-0.7109674	-1.7344973
1663079445477	10.692926	-1.0857433	-1.2975081
1663079445486	10.685748	-1.5658033	-0.9622138
1663079445497	10.07169	-1.9438694	-0.94307125
1663079445506	9.361918	-2.1260228	-1.4099708
1663079445513	8.8136635	-2.0084755	-1.8661026
1663079445523	8.5576315	-1.5741782	-1.9175483
1663079445533	8.784949	-1.2939188	-1.5750755
1663079445691	9.578469	-1.582553	-0.58654064
1663079445701	10.421341	-2.0084755	0.050249275
1663079445710	10.412966	-1.9259231	0.0
1663079445719	9.782158	-1.1156535	-0.5183452
1663079445728	9.18485	-1.1946167	-1.4099708
1663079445736	9.306884	-3.1133614	-3.024827
1663079445746	9.687641	-5.1472607	-8.316854
1663079445753	8.795717	-4.6289153	-11.481959
1663079445763	9.864711	-1.250848	-7.1413794
1663079445772	12.9338045	1.7715861	0.18574286
1663079445783	12.063714	1.4569299	3.1004999
1663079445793	10.200005	-0.6559325	0.38554356
1663079445804	9.27817	-1.9893329	-2.9709885
1663079445814	9.113065	-1.590928	-5.055137
1663079445893	9.812068	0.148355	-5.006084
1663079445902	10.605588	1.8852451	-3.4402807
1663079445910	10.664212	2.3174486	-1.9677975
1663079445919	9.947263	1.5131612	-1.6208383
1663079445930	9.111869	0.4214359	-2.2408783
1663079445939	8.291729	-0.23449662	-2.8956144
1663079446012	7.726723	-0.3484548	-3.2246277
1663079446023	7.713563	-0.2847459	-3.268895
1663079446031	8.20798	-0.23090738	-3.0475588
1663079446038	8.862716	-0.13040884	-2.2791636
1663079446049	9.032906	-0.0634098	-1.4255241
1663079446058	8.7012005	-0.18185452	-1.0977074
1663079446087	8.356335	-0.35084763	-1.5738791
1663079446099	8.1015	-0.48006004	-2.361716
1663079446107	8.330014	-0.31226337	-2.80708
1663079446116	9.079565	-0.02871387	-2.3808584
1663079446262	9.839586	-0.1160519	-1.4183456
1663079446277	10.41177	-0.5662017	-0.5841478
1663079446287	10.796117	-1.11685	0.09720842
1663079446294	10.696515	-1.5107684	0.21206391
1663079446304	9.584451	-1.1108679	-1.3441681
1663079446313	9.30808	0.0071784677	-4.4132624
1663079446321	10.464412	1.2807583	-7.131808
1663079446329	11.017453	1.4365909	-7.731509
1663079446335	11.152647	0.10767702	-7.0863442
1663079446345	11.0964155	-1.2783655	-4.0890346
1663079446353	10.43809	-2.2863421	-1.0606186
1663079446483	9.281759	-2.888436	-0.39481574
1663079446496	8.437691	-3.1591241	-1.7548363
1663079446506	8.188837	-2.943471	-2.8692935
1663079446516	8.576774	-2.8250263	-2.5878377
1663079446524	9.164511	-2.9614172	-1.7500507
1663079446530	9.585648	-3.161517	-1.0797613
1663079446535	9.391829	-3.0643084	-1.3501502
1663079446544	8.611469	-2.5387847	-2.5507488
1663079446555	7.998608	-1.8577276	-3.4510484
1663079446567	7.937591	-1.1515459	-3.4725838
1663079446577	8.265408	-0.7468598	-2.984149
1663079446685	8.843574	-0.7576275	-2.3844478
1663079446698	9.19801	-1.1216356	-1.6794624
1663079446708	9.364311	-1.4063815	-1.4003994
1663079446715	9.284152	-1.5418751	-1.5427724
1663079446722	9.243474	-1.5179468	-1.84696
1663079446732	9.242277	-1.6100706	-1.8266209
1663079446742	9.35833	-1.6615162	-1.7787645
1663079446752	9.713963	-1.7919251	-1.7129619
1663079446763	10.03819	-2.181058	-1.0387841
1663079446779	10.336395	-2.4239295	-0.4211368
1663079446792	10.249058	-2.1224337	-0.19980069
1663079446803	10.113564	-1.1347961	-0.51475596
1663079446817	9.662517	-0.50398827	-1.6890336
1663079446827	8.927322	-1.7715861	-2.4311078
1663079446885	9.030213	-4.5619164	-5.5986066
1663079446897	9.64457	-5.5483575	-11.502298
1663079446905	9.767801	-2.8429725	-8.109874
1663079446911	12.32214	1.1766706	-0.98614204
1663079446919	11.663814	1.7871394	3.3373895
1663079446930	10.0932255	0.24675983	2.4948168
1663079447014	9.667302	-1.0259227	-2.37368
1663079447026	9.663713	-1.4569299	-5.9204416
1663079447037	10.772188	-0.19860429	-6.3957157
1663079447045	11.49871	1.6495521	-4.4949174
1663079447054	10.949257	2.3772693	-1.8230318
1663079447065	9.88505	1.8349959	-0.96819586
1663079447086	8.901001	0.84047896	-2.1711874
1663079447098	7.9651084	0.11006984	-3.240181
1663079447104	7.2670026	-0.31944183	-3.3589249
1663079447114	7.222735	-0.56500524	-2.9219356
1663079447263	7.520941	-0.59970117	-2.3856442
1663079447276	8.014161	-0.19980069	-2.0551355
1663079447288	8.475079	0.50159544	-1.9295124
1663079447295	8.468798	0.67148584	-1.588236
1663079447306	8.277371	0.1471586	-1.4243277
1663079447317	8.555239	-0.26081768	-1.4937196
1663079447328	9.432507	-0.23569304	-1.730908
1663079447339	10.341181	-0.09092726	-1.5942181
1663079447349	10.436894	-0.2321038	-1.1850454
1663079447361	10.092029	-0.7600203	-0.8282157
1663079447373	10.076475	-1.2364911	-0.5949155
1663079447431	10.069297	-1.489233	-0.24765715
1663079447445	9.375079	-1.1383854	-0.78753775
1663079447458	9.190832	0.09810573	-3.4809587
1663079447467	10.261022	1.2317054	-6.890133
1663079447479	11.141879	1.3624134	-9.471989
1663079447490	11.674582	0.37597227	-7.4036922
1663079447499	11.714064	-0.91106725	-2.568695
1663079447507	10.914561	-2.1248264	0.76989067
1663079447515	10.107582	-2.9410782	0.032303106
1663079447526	9.048459	-2.9183464	-2.2983062
1663079447536	8.745467	-2.5749762	-3.1456645
1663079447690	9.11785	-2.7113671	-2.6859434
1663079447707	9.097511	-3.141178	-1.7117655
1663079447718	8.708379	-3.321836	-0.92512506
1663079447730	8.325228	-2.827419	-1.2484552
1663079447740	8.028518	-2.0255244	-2.3377876
1663079447751	7.9854474	-1.3202399	-2.929114
1663079447762	8.196015	-0.87248296	-3.100201
1663079447774	8.462815	-0.9493524	-2.6907291
1663079447786	8.692825	-1.230509	-2.1822543
1663079447798	8.95125	-1.4557334	-1.8505492
1663079447807	9.236296	-1.6184454	-1.6157535
1663079447817	9.561719	-1.7895322	-1.4195421
1663079447826	9.696016	-1.8553349	-1.2951152
1663079447837	9.630214	-1.7967107	-1.2580265
1663079447883	9.390633	-1.6639091	-1.2317054
1663079447896	9.327223	-1.4904294	-1.2568301
1663079447906	9.5868435	-1.5454643	-1.0423734
1663079447917	9.8348	-1.5646069	-0.750449
1663079447926	9.934102	-1.1730813	-0.62482584
1663079447938	10.165309	-0.50039905	-0.49172506
1663079448011	10.209576	-0.65712893	-0.7289136
1663079448022	9.84796	-2.9195428	-1.3884354
1663079448031	9.436096	-5.945865	-6.0664034
1663079448041	8.435298	-6.3825555	-10.90499
1663079448055	8.702396	-2.9985058	-8.841181
1663079448064	11.779866	1.2340983	-2.9853454
1663079448088	12.694522	3.045465	1.9848464
1663079448099	10.915758	1.7069799	2.3847468
1663079448107	9.9089775	-0.27038896	-1.934298
1663079448116	9.262616	-1.3836497	-5.022834
1663079448126	9.457631	-0.7325028	-5.4367924
1663079448263	9.958031	0.84167534	-4.141677
1663079448280	10.367502	1.7715861	-2.908775
1663079448294	10.265807	1.7871394	-2.0874386
1663079448307	9.512667	1.1431711	-2.1101704
1663079448319	8.47149	0.3281158	-2.7699914
1663079448332	7.835597	-0.07178468	-3.1683962
1663079448342	7.7650084	-0.2644069	-2.9973094
1663079448352	8.088339	-0.34127632	-2.7098715
1663079448361	8.515757	-0.27876383	-2.556731
1663079448373	8.774181	-0.13399807	-2.1568305
1663079448481	8.802896	-0.0634098	-1.887638
1663079448493	8.605488	-0.032303106	-1.8349959
1663079448503	8.573184	-0.038285162	-1.9103698
1663079448513	8.95125	-0.040677983	-2.1472592
1663079448522	9.67807	-0.05623133	-2.041975
1663079448535	10.142278	-0.1268196	-1.3226327
1663079448545	10.308878	-0.2835495	-0.6152545
1663079448555	10.525429	-0.62482584	-0.1902294
1663079448567	10.450055	-1.2233306	-0.04426722
1663079448576	9.4839525	-1.5179468	-0.46181476
1663079448585	8.2558365	-0.96490574	-2.2815564
1663079448685	8.811271	0.5051847	-6.029315
1663079448700	10.087243	1.4844474	-9.366704
1663079448709	11.324033	0.7480562	-8.62822
1663079448719	12.05175	-0.3472584	-3.976572
1663079448730	11.929716	-0.9984053	0.041874398
1663079448739	11.120344	-1.7093726	0.37956148
1663079448748	9.740284	-2.367698	-2.1735802
1663079448757	8.848359	-2.1595225	-3.9119658
1663079448769	8.662915	-2.160719	-3.8820555
1663079448779	9.029017	-2.7508488	-2.5806592
1663079448788	9.147761	-3.399603	-1.0351949
1663079448798	8.758628	-3.6017964	-0.21655045
1663079448807	8.157731	-3.10379	-1.076172
1663079448817	7.475477	-2.3030918	-2.329413
1663079448884	7.3435726	-1.3537394	-3.0942187
1663079448900	7.83799	-0.7325028	-3.4426737
1663079448908	8.473883	-0.663111	-2.8106692
1663079448914	8.990732	-0.6906284	-1.7297117
1663079448925	9.486345	-0.83778703	-1.16351
1663079448938	9.862318	-1.0953146	-1.2113664
1663079448948	10.074082	-1.4027922	-1.3633107
1663079449010	9.910174	-1.556232	-1.3669
1663079449018	9.469596	-1.6627127	-1.1910275
1663079449027	9.077172	-1.7727824	-1.0989038
1663079449033	8.863913	-1.9713868	-1.1180464
1663079449043	9.212367	-2.1774685	-0.7480562
1663079449090	9.746265	-2.1379871	-0.47377887
1663079449103	10.082458	-1.6471593	-0.20338993
1663079449111	10.410573	-0.95772725	-0.38285163
1663079449118	10.698908	-2.329413	-1.751247
1663079449130	10.556536	-5.0539403	-7.2840514
1663079449261	8.4197445	-5.53759	-10.834402
1663079449277	9.692428	-1.9689939	-7.538887
1663079449286	12.723236	1.1551352	-1.6387844
1663079449294	11.957233	1.6088741	1.6615162
1663079449301	10.332807	0.51116675	0.3269194
1663079449308	9.190832	-0.48006004	-2.7616165
1663079449315	8.589934	-0.5183452	-5.0946183
1663079449323	9.192028	0.42861435	-5.0383873
1663079449328	10.133903	1.3226327	-3.431906
1663079449335	10.597214	1.2687942	-1.9438694
1663079449342	10.185648	0.5518447	-1.46022
1663079449483	9.433703	-0.17826529	-2.1771696
1663079449494	8.545667	-0.5279165	-3.1109686
1663079449505	7.894221	-0.5877371	-3.3397822
1663079449514	7.7422767	-0.39032918	-3.0152557
1663079449525	7.998608	-0.050249275	-2.6069803
1663079449535	8.216354	0.1902294	-2.268396
1663079449545	8.48465	0.28384858	-1.8409779
1663079449555	8.528917	0.16869399	-1.6268203
1663079449563	8.522935	-0.05503492	-1.6399808
1663079449570	8.448459	-0.15553348	-1.7943178
1663079449693	8.617452	-0.05742774	-2.1508484
1663079449706	9.190832	-0.106480606	-2.0551355
1663079449718	9.791729	-0.60329044	-1.4673985
1663079449728	10.209576	-1.2795619	-0.65353966
1663079449739	10.436894	-1.7129619	-0.032303106
1663079449748	10.262218	-1.8074784	0.26590243
1663079449758	9.537791	-1.5287145	-0.7157531
1663079449768	9.390633	-0.7193423	-4.688736
1663079449777	10.543375	0.4884349	-9.178867
1663079449790	11.417354	1.5789639	-10.219148
1663079449799	11.577672	2.07697	-5.729016
1663079449810	12.121142	1.2520444	-0.6786643
1663079449821	12.498311	-1.3345969	0.07208378
1663079449829	10.889437	-3.6149569	-1.3884354
1663079449883	9.036494	-4.0998025	-2.6021945
1663079449894	8.096714	-3.8964126	-3.2820554
1663079449906	7.615457	-3.6520455	-2.8776684
1663079449913	7.662117	-3.382853	-1.5032908
1663079449923	7.9627156	-2.687439	-0.82941216
1663079449935	8.014161	-1.8744774	-0.7049854
1663079449945	8.001	-1.0989038	-1.5248263
1663079450011	7.929216	-0.63798636	-2.6069803
1663079450026	7.8499537	-0.5027919	-3.3314073
1663079450038	8.253444	-0.49082774	-3.2246277
1663079450046	9.108279	-0.5518447	-2.4119651
1663079450055	9.956834	-0.8808578	-1.6698911
1663079450078	10.397412	-1.5215361	-0.9562318
1663079450089	10.588839	-2.1655045	-0.43070808
1663079450099	10.311271	-2.4263222	-0.78035927
1663079450106	9.47797	-2.1475582	-1.2532408
1663079450138	8.987143	-1.5394822	-1.0689936
1663079450149	9.069994	-1.035494	-0.5051847
1663079450213	9.281759	-0.8605189	-0.36011982
1663079450226	9.794122	-0.89431745	-0.9239286
1663079450236	10.537393	-2.2337	-1.995315
1663079450246	11.077273	-5.4777694	-4.5188456
1663079450264	10.404591	-6.6819572	-9.29492
1663079450277	8.689237	-3.510869	-9.806087
1663079450287	10.460822	0.9768698	-4.364209
1663079450295	11.760723	3.545565	1.0319048
1663079450307	10.371092	2.7843482	1.4018949
1663079450329	9.705587	0.6726823	-2.2959132
1663079450338	9.80489	-0.61884373	-5.226224
1663079450437	9.990334	-0.7109674	-5.7804613
1663079450450	10.215558	0.46331027	-4.0005
1663079450458	10.031012	1.2963116	-1.9737796
1663079450469	9.570094	1.1790633	-1.4817554
1663079450480	8.920144	0.56141603	-2.2360928
1663079450489	8.1433735	-0.0023928226	-3.0092735
1663079450499	7.6980095	-0.39391842	-3.2246277
1663079450505	7.739884	-0.72053874	-2.9626136
1663079450517	8.304889	-0.7743772	-2.2911277
1663079450548	8.696415	-0.55304116	-1.8349959
1663079450678	8.789735	-0.26679972	-1.602593
1663079450691	8.589934	-0.08853444	-1.5822539
1663079450699	8.42812	0.14117654	-1.9199411
1663079450711	8.504989	0.43818563	-2.181058
1663079450719	8.899805	0.50039905	-2.248057
1663079450729	9.553345	0.08853444	-1.4997016
1663079450737	10.159327	-0.5422734	-0.6128617
1663079450748	10.721939	-1.2939188	-0.09930214
1663079450756	10.979168	-1.9462621	0.12951152
1663079450763	10.1904335	-1.9091734	-0.18544376
1663079450772	8.690433	-1.0319048	-1.8768703
1663079450784	8.731111	0.50159544	-5.628517
1663079450792	9.863514	1.9477576	-9.621839
1663079450888	10.901401	1.9298115	-9.452846
1663079450900	11.232807	0.8428718	-5.2166524
1663079450908	11.777473	-0.43100718	-1.0375878
1663079450918	12.078072	-2.115255	0.6765706
1663079450930	10.700105	-3.167499	-1.1718849
1663079450942	9.281759	-3.2775688	-2.9662027
1663079450953	8.583952	-2.8298118	-3.6843486
1663079450960	8.379066	-2.8932216	-3.0786655
1663079451012	8.407781	-3.0990045	-1.4315062
1663079451023	8.473883	-2.9374888	-0.28235307
1663079451034	8.343174	-2.4562325	-0.62841505
1663079451045	8.0201435	-2.0470598	-1.5451652
1663079451082	7.7817583	-1.7620147	-2.5878377
1663079451098	7.6106715	-1.5993029	-3.2569308
1663079451107	7.960323	-1.3106686	-3.423531
1663079451114	8.879466	-0.79112697	-3.0846474
1663079451158	9.709177	-0.32063824	-2.2995026
1663079451166	10.003494	-0.25962126	-1.4781662
1663079451268	10.019048	-0.8856435	-0.97896355
1663079451282	9.624231	-1.8924236	-1.0857433
1663079451291	9.18126	-2.5351956	-1.4195421
1663079451304	9.141779	-2.2863421	-1.7225332
1663079451314	9.808479	-1.6794624	-1.2987045
1663079451321	10.648659	-1.3058829	-0.16031912
1663079451329	10.588839	-1.1694921	0.13908282
1663079451339	10.277771	-1.2604194	-0.6116653
1663079451349	9.800104	-2.699403	-2.0383859
1663079451358	9.206385	-5.1568317	-4.8191447
1663079451365	9.69482	-5.1556354	-10.274182
1663079451493	9.850353	-2.2660031	-8.890233
1663079451508	11.176576	0.29940194	-3.938287
1663079451519	11.047363	1.0319048	-0.41635114
1663079451529	9.906585	0.3376871	1.0091729
1663079451541	9.427721	-0.39391842	-1.9666011
1663079451554	9.27817	-0.3807579	-4.8681974
1663079451568	9.686445	0.70977104	-5.168796
1663079451581	10.098011	1.7763717	-4.1021953
1663079451591	10.156934	1.8385851	-2.874079
1663079451603	9.626625	1.1144571	-1.8696918
1663079451675	9.156136	0.23838496	-1.9235303
1663079451685	8.682058	-0.47886363	-2.5998018
1663079451696	8.300103	-0.8641081	-3.12054
1663079451707	8.133802	-0.8844471	-3.1061828
1663079451714	8.100303	-0.57457656	-2.766402
1663079451723	8.408977	-0.14356937	-2.1221347
1663079451731	8.707183	0.013160525	-1.6770695
1663079451738	8.917751	-0.061016977	-1.5439688
1663079451747	8.723932	-0.19621146	-1.7117655
1663079451754	8.500203	-0.19142582	-2.1340988
1663079451764	8.607881	0.10289137	-2.300699
1663079451772	9.15135	0.15672988	-1.5942181
1663079451785	9.77498	-0.16749759	-0.76241314
1663079451890	10.536197	-0.8150552	-0.08853444
1663079451903	10.782956	-1.8828523	0.44775695
1663079451914	9.894621	-2.5232315	-0.046660043
1663079451923	8.667701	-2.0120647	-1.2999009
1663079451937	8.526525	-0.5027919	-4.6372905
1663079451947	10.33161	1.1886346	-8.3733835
1663079451955	12.02543	1.8625133	-9.377472
1663079451965	12.050554	1.1970096	-6.133702
1663079452012	12.111571	0.47168517	-1.8278174
1663079452025	11.904592	-1.1515459	-0.02632105
1663079452036	10.371092	-2.8669007	-2.5722845
1663079452047	8.67129	-3.482155	-3.8434713
1663079452080	8.145766	-3.269194	-3.5324044
1663079452092	8.356335	-3.1986058	-2.6799614
1663079452102	8.573184	-3.3433714	-0.9873384
1663079452110	8.676076	-3.0966115	0.17018951
1663079452161	8.246265	-2.5124638	-0.49172506
1663079452173	7.8367934	-1.8290138	-1.7476579
1663079452185	7.5723863	-1.1742777	-2.9159534
1663079452263	7.767401	-0.67148584	-3.5288153
1663079452279	8.521739	-0.2847459	-3.2760732
1663079452289	9.37149	-0.2440679	-2.4275186
1663079452296	9.942477	-0.48006004	-1.5248263
1663079452303	9.962816	-1.0689936	-0.84017986
1663079452311	9.763016	-1.8361923	-0.56380886
1663079452319	9.32483	-2.4945176	-0.6583253
1663079452371	8.835198	-2.5519454	-1.2221341
1663079452380	8.673683	-1.9007984	-1.6555341
1663079452394	9.332008	-1.317847	-1.3345969
1663079452480	10.37827	-1.0091729	-0.5183452
1663079452497	10.809278	-1.0749756	0.27667013
1663079452505	10.476376	-1.1694921	0.2754737
1663079452513	9.987941	-1.8361923	-0.669093
1663079452523	9.510274	-3.671188	-3.1396823
1663079452534	9.327223	-5.2836514	-7.900502
1663079452544	9.428918	-4.1727834	-9.864711
1663079452553	11.037792	-0.57577294	-6.862615
1663079452563	11.972787	1.5981064	-1.7703897
1663079452575	10.700105	0.97926265	1.5107684
1663079452585	10.239487	-0.41904306	0.21445672
1663079452676	10.070493	-1.2951152	-3.1540394
1663079452684	9.789336	-1.0510473	-4.9459643
1663079452694	9.686445	0.46331027	-4.9674997
1663079452703	10.022636	1.8756739	-3.8267217
1663079452712	9.827621	2.2217357	-2.5052853
1663079452719	8.995518	1.6674982	-1.9307088
1663079452728	8.391031	0.9182457	-2.4239295
1663079452763	8.236693	0.25393832	-2.6656044
1663079452774	8.429316	-0.33050862	-2.5914268
1663079452783	8.412566	-0.8593224	-2.489732
1663079452794	8.285747	-0.99601245	-2.5579274
1663079452807	8.035697	-0.80548394	-2.4107687
1663079452890	8.066803	-0.50039905	-1.9522442
1663079452904	8.509774	-0.4968098	-1.2987045
1663079452914	8.756235	-0.5913263	-1.1766706
1663079452923	9.013464	-0.46809593	-1.5020944
1663079452936	9.365508	-0.1363909	-1.7572291
1663079452945	9.379865	0.28265217	-1.6109679
1663079452964	9.138189	0.4884349	-1.250848
1663079452976	9.347562	0.2324029	-1.0220344
1663079452985	10.53141	-0.6655038	-0.36011982
1663079453010	10.843973	-1.7105691	-0.34456646
1663079453022	10.246665	-1.483251	-2.1771696
1663079453031	10.563714	-0.42741793	-5.4535418
1663079453083	10.539785	0.47886363	-8.869894
1663079453101	10.574481	0.79740816	-8.37458
1663079453111	11.769098	1.1156535	-4.345067
1663079453121	12.4731865	0.16031912	0.008374879
1663079453171	11.810972	-2.0889342	0.45613182
1663079453179	9.846765	-3.7648072	-1.1730813
1663079453188	8.506186	-3.909573	-2.8298118
1663079453260	8.273783	-3.5443685	-3.394817
1663079453277	8.217551	-3.0439694	-2.705086
1663079453289	8.436495	-2.3557339	-1.311865
1663079453297	8.878269	-1.8302102	-0.49800622
1663079453308	8.700004	-1.6794624	-1.1850454
1663079453318	8.1840515	-1.6100706	-2.161616
1663079453324	7.9686975	-1.4494523	-2.868097
1663079453360	7.882257	-1.3357933	-3.0966115
1663079453373	8.39462	-1.1503495	-2.6285157
1663079453382	9.103494	-0.9804591	-1.9833509
1663079453392	9.49472	-0.8967103	-1.4327025
1663079453481	9.606286	-1.1730813	-1.2831511
1663079453497	9.58804	-1.7021942	-1.4506488
1663079453506	9.335598	-2.1834507	-1.5367904
1663079453513	8.944072	-2.4023938	-1.4853446
1663079453520	8.676076	-2.2002003	-1.2747762
1663079453529	8.996714	-1.6447664	-0.91435736
1663079453539	9.7450695	-1.1204392	-0.7755736
1663079453547	10.1700945	-0.7959126	-0.7791629
1663079453564	10.294521	-0.45254257	-0.38644084
1663079453573	9.625428	-0.45014977	-0.3062813
1663079453681	9.361918	-1.5275182	-1.1694921
1663079453696	10.17488	-4.496114	-3.7537405
1663079453709	9.275777	-7.8442707	-8.735896
1663079453718	8.107481	-5.386842	-9.029316
1663079453725	12.049357	0.051445685	-3.2162528
1663079453737	13.982459	2.522334	2.12363
1663079453747	11.505888	1.041476	2.1702902
1663079453767	10.149456	-1.1706885	-1.4279169
1663079453774	9.547362	-2.3940191	-4.9881377
1663079453783	10.162916	-1.2915261	-5.2740803
1663079453787	11.072488	0.9206385	-3.0487552
1663079453792	11.3371935	2.3150558	-1.2496517
1663079453893	10.435698	2.3138595	-1.1850454
1663079453906	9.089137	1.3214363	-2.57707
1663079453919	7.818847	0.1794617	-3.6197424
1663079453926	7.2550383	-0.5267201	-3.5001013
1663079453938	7.5125656	-0.7576275	-2.5674987
1663079453946	8.129017	-0.56859446	-1.5571294
1663079453965	8.447262	-0.2739782	-1.2771691
1663079453977	8.546864	0.020338992	-1.5332011
1663079453986	8.515757	0.12921242	-1.9307088
1663079454010	8.615059	-0.014356935	-2.1329024
1663079454022	8.771789	-0.3364907	-1.7715861
1663079454032	8.8651085	-0.581755	-1.4829519
1663079454085	9.109476	-0.5566304	-1.5056837
1663079454099	9.397811	-0.0741775	-1.8613169
1663079454108	9.442079	0.4106682	-1.7488543
1663079454118	9.221938	0.02751746	-1.4003994
1663079454196	9.395418	-1.0522437	-0.83060855
1663079454207	9.996316	-1.9271195	0.11395818
1663079454214	9.815658	-2.105684	0.8392825
1663079454225	8.806484	-1.2053844	-0.55304116
1663079454259	9.253045	0.025124637	-4.2888355
1663079454270	11.947662	1.7057835	-8.728718
1663079454278	12.868002	1.8302102	-8.397312
1663079454286	12.586845	-0.015553347	-3.610171
1663079454294	11.842379	-1.8637097	-0.35533416
1663079454304	10.5015	-2.8836503	-0.19740787
1663079454399	9.218349	-2.7831519	-1.5978073
1663079454406	8.616255	-2.2002003	-2.609373
1663079454412	8.878269	-1.7931215	-2.5674987
1663079454421	9.522238	-2.0937197	-1.5451652
1663079454481	9.593125	-2.7496524	-0.45104706
1663079454495	9.072387	-3.1866415	-0.40438703
1663079454505	8.282157	-3.313461	-1.2999009
1663079454515	7.5879397	-3.0296125	-2.740081
1663079454525	7.382157	-2.3365912	-3.714259
1663079454534	7.984251	-1.4003994	-3.5503507
1663079454543	9.140582	-0.4645067	-2.8345976
1663079454553	9.972387	-0.07537391	-1.9498514
1663079454563	9.953245	-0.57936215	-1.3800604
1663079454573	9.452846	-1.623231	-1.3022938
1663079454582	9.105886	-2.4059832	-1.311865
1663079454683	8.933304	-2.5929224	-1.2903296
1663079454700	8.932108	-2.3162522	-1.4279169
1663079454710	8.972786	-1.89362	-1.6674982
1663079454717	8.806484	-1.509572	-1.7153547
1663079454725	8.740682	-1.2329018	-1.6268203
1663079454738	9.177671	-1.1467602	-1.2496517
1663079454762	9.783355	-1.1910275	-0.87367934
1663079454775	10.330414	-1.4003994	-0.47736812
1663079454785	10.836795	-1.317847	-0.15433706
1663079454793	10.826027	-1.637588	-0.2105684
1663079454884	10.164112	-3.4630125	-1.1335998
1663079454899	9.399008	-5.5136614	-4.1775694
1663079454907	9.131011	-5.0862436	-8.689237
1663079454914	10.094421	-2.181058	-7.2960153
1663079454924	11.940484	0.84167534	-3.3864422
1663079454934	11.517852	1.311865	-0.5721837
1663079454944	9.815658	-0.24526432	-0.36251262
1663079454999	8.860323	-1.1252248	-2.1532412
1663079455008	8.737093	-1.0941181	-3.0583265
1663079455019	9.342776	-0.2955136	-2.510071
1663079455026	10.259826	0.6343971	-2.2360928
1663079455036	10.84158	0.98644114	-2.5040889
1663079455047	10.496715	0.68464637	-2.676372
