Timestamp 	 X 	 Y 	 Z 
1663081869876	9.567701	0.7540382	-0.2739782
1663081869882	9.536594	0.6367899	-0.34337005
1663081869927	9.759426	0.5697909	-0.36490545
1663081869932	9.94846	0.60807604	-0.3290131
1663081869936	9.912567	0.63918275	-0.34097722
1663081869993	9.766604	0.6343971	-0.38644084
1663081869996	9.673285	0.6511469	-0.38165522
1663081869999	9.682856	0.6870392	-0.424726
1663081870002	9.728319	0.7109674	-0.4968098
1663081870013	9.728319	0.7109674	-0.4968098
1663081870113	9.798908	0.40588254	-0.14596218
1663081870117	9.800104	0.39391842	-0.14955142
1663081870121	9.786943	0.42502514	-0.2105684
1663081870227	9.739087	0.4872385	-0.27038896
1663081870234	9.71157	0.54705906	-0.32662028
1663081870242	9.763016	0.5458627	-0.28235307
1663081870248	9.897014	0.5518447	-0.111266255
1663081870252	9.975977	0.520738	-0.014356935
1663081870259	9.923335	0.43698925	-0.083748795
1663081870263	9.798908	0.34127632	-0.1794617
1663081870311	9.7654085	0.3065804	-0.17826529
1663081870319	9.790533	0.34247273	-0.111266255
1663081870325	9.802497	0.3269194	-0.05383851
1663081870421	9.767801	0.26829523	-0.05742774
1663081870430	9.715159	0.22851457	-0.08973085
1663081870436	9.710373	0.21655045	-0.07776674
1663081870443	9.743873	0.18664017	0.02751746
1663081870448	9.826426	0.14356937	0.13310076
1663081870453	9.85155	0.11485548	0.15463616
1663081870459	9.827621	0.10049855	0.0526421
1663081870504	9.789336	0.1268196	-0.05503492
1663081870512	9.747462	0.16510476	-0.14356937
1663081870518	9.733106	0.18664017	-0.08973085
1663081870524	9.752248	0.1591227	-0.011964113
1663081870630	9.809675	0.011964113	0.02632105
1663081870638	9.795319	-0.148355	0.03708875
1663081870644	9.730712	-0.25004998	0.040677983
1663081870649	9.685248	-0.2955136	0.06610172
1663081870655	9.667302	-0.33050862	0.14027923
1663081870659	9.68166	-0.3807579	0.23838496
1663081870718	9.698409	-0.38673997	0.21924238
1663081870734	9.646963	-0.30987054	-0.09092726
1663081870749	9.565309	-0.13280165	-0.12921242
1663081870766	9.669696	0.1160519	0.30897322
1663081870778	9.752248	0.32333016	0.67178494
1663081870790	9.80489	0.43579283	0.8225328
1663081870805	9.863514	0.50159544	0.89312106
1663081870818	9.8682995	0.4010969	0.86081797
1663081870831	9.873085	0.24197419	0.90388876
1663081870918	9.8886385	0.14596218	1.0654043
1663081870931	9.930513	0.03589234	1.1850454
1663081870941	9.969995	-0.04426722	1.2475579
1663081870948	10.120743	-0.15792629	1.0295119
1663081870958	10.478768	-0.25004998	0.6116653
1663081870968	10.718349	-0.276371	0.42023948
1663081871008	10.574481	-0.11964113	0.3173481
1663081871017	10.065707	0.058624156	0.14985052
1663081871028	9.572487	0.3173481	-0.0023928226
1663081871034	9.372686	0.5697909	0.08165507
1663081871042	9.504292	0.58893347	0.4621139
1663081871119	9.815658	0.5183452	0.6044868
1663081871135	10.026226	0.4106682	0.38913277
1663081871151	10.05494	0.40468612	0.1594218
1663081871166	10.0681	0.3711866	0.0047856453
1663081871180	9.892228	0.22013968	-0.0035892338
1663081871195	9.795319	0.17228323	0.092422776
1663081871239	9.595518	0.21296121	0.17018951
1663081871247	9.370294	0.28863424	0.07088737
1663081871255	9.15494	0.22492532	-0.010767702
1663081871263	9.119047	0.08973085	0.0840479
1663081871273	9.232706	0.02751746	0.17258233
1663081871281	9.369097	0.031106694	0.18095721
1663081871314	9.542577	0.21894327	-0.19740787
1663081871323	9.527023	0.4549354	-0.7935198
1663081871334	9.474381	0.8668	-1.1036894
1663081871404	9.58804	1.346561	-0.80907315
1663081871417	9.907782	1.7081763	-0.14356937
1663081871428	10.390234	1.9549361	0.47168517
1663081871439	10.623534	1.9357935	0.56380886
1663081871449	10.403395	1.5538392	0.09960124
1663081871480	9.8348	1.0773684	-0.39361933
1663081871489	9.436096	0.71455663	-0.5518447
1663081871498	9.51147	0.6547361	-0.43669012
1663081871507	9.797711	0.8536395	-0.148355
1663081871518	10.00469	1.0450653	-0.148355
1663081871526	9.975977	1.0642079	-0.3481557
1663081871588	9.816854	1.1647065	-0.5183452
1663081871600	9.660124	1.3022938	-0.68345
1663081871609	9.577272	1.474876	-0.7827521
1663081871618	9.609875	1.8086748	-0.8880363
1663081871628	9.597911	2.1511476	-0.73130643
1663081871636	9.561719	2.2360928	-0.44745782
1663081871715	9.489935	2.2002003	-0.3074777
1663081871727	9.529416	2.0733807	-0.1363909
1663081871737	9.595518	1.9310079	0.13429718
1663081871746	9.6326065	1.6902301	0.35682967
1663081871757	9.595518	1.2735798	0.54705906
1663081871766	9.552148	0.799801	0.8979067
1663081871776	9.624231	0.5195416	1.3085749
1663081871813	9.737891	0.39032918	1.6328024
1663081871822	9.801301	0.23958136	1.6004993
1663081871834	9.7654085	-0.0059820567	1.07019
1663081871920	9.706784	0.07298109	0.5554339
1663081871930	9.859925	0.5554339	0.30897322
1663081871940	10.359127	1.1419746	0.07806584
1663081871950	10.574481	1.6244274	-0.11006984
1663081871959	10.453644	2.0937197	-0.30269206
1663081871970	9.967602	2.2947168	-0.18424734
1663081871978	9.297313	1.9776679	0.1486541
1663081871987	8.912965	1.4389837	0.4621139
1663081872009	9.005089	0.9314062	0.69092757
1663081872035	9.364311	0.541077	0.5697909
1663081872117	9.687641	0.31016964	0.16301104
1663081872129	9.776176	0.2623132	-0.22971097
1663081872136	9.763016	0.42382872	-0.1471586
1663081872143	9.782158	0.7636095	0.3592225
1663081872152	9.891031	1.11685	0.799801
1663081872172	9.918549	1.3501502	0.91106725
1663081872183	9.80489	1.3334004	0.7040881
1663081872245	9.595518	1.1084751	0.44656053
1663081872255	9.455238	0.8859426	0.3687938
1663081872264	9.420543	0.6439684	0.42861435
1663081872272	9.470792	0.48963133	0.54466623
1663081872281	9.493524	0.48006004	0.6478567
1663081872313	9.442079	0.5243273	0.7040881
1663081872324	9.4839525	0.68105716	0.7710871
1663081872335	9.611072	0.8955139	0.9062816
1663081872366	9.767801	1.1060823	1.0211371
1663081872377	9.899406	1.2137593	1.0331012
1663081872387	9.973584	1.1503495	0.9314062
1663081872453	9.928121	1.0139586	0.8117651
1663081872463	9.791729	0.8560323	0.7292127
1663081872472	9.59163	0.7408777	0.63948184
1663081872509	9.488738	0.75643104	0.61764735
1663081872521	9.504292	0.93260264	0.6442675
1663081872532	9.596714	1.0809577	0.6646065
1663081872540	9.687641	1.1718849	0.6789634
1663081872550	9.7247305	1.1778669	0.718445
1663081872568	9.757033	1.1180464	0.7399804
1663081872579	9.715159	1.0450653	0.70289165
1663081872655	9.675677	1.0043873	0.59730834
1663081872665	9.706784	0.9876375	0.4860421
1663081872677	9.790533	1.0235299	0.45852464
1663081872686	9.849157	1.0773684	0.5171488
1663081872716	9.772587	1.0833504	0.5590232
1663081872726	9.674481	0.9924232	0.651446
1663081872737	9.608679	0.89431745	0.78424764
1663081872747	9.625428	0.8069794	0.7830512
1663081872758	9.676874	0.7815557	0.7471589
1663081872770	9.77498	0.8129615	0.71007013
1663081872779	9.840782	0.84047896	0.68135625
1663081872859	9.858728	0.82971126	0.66699934
1663081872870	9.796515	0.78753775	0.6646065
1663081872878	9.661321	0.7408777	0.6693921
1663081872915	9.579665	0.71336025	0.657428
1663081872928	9.550952	0.68345	0.7196414
1663081872937	9.568898	0.68464637	0.69212395
1663081872946	9.626625	0.7193423	0.6454639
1663081872957	9.740284	0.82731843	0.6753742
1663081872972	9.822836	0.9206385	0.72083783
1663081872981	9.869496	0.95413804	0.779462
1663081872991	9.84796	0.93260264	0.85124665
1663081873009	9.77498	0.8751749	0.84047896
1663081873035	9.692428	0.7540382	0.78783685
1663081873117	9.658928	0.663111	0.779462
1663081873128	9.668499	0.66071814	0.7938189
1663081873136	9.658928	0.70977104	0.82731843
1663081873145	9.672089	0.79112697	0.8356933
1663081873153	9.699606	0.9086744	0.86201435
1663081873161	9.685248	0.95653087	0.84167534
1663081873170	9.672089	0.94695956	0.9026923
1663081873273	9.688838	0.8847462	0.9625129
1663081873282	9.70798	0.86919284	0.89072824
1663081873290	9.670892	0.7791629	0.75553375
1663081873301	9.65175	0.68105716	0.68494546
1663081873309	9.698409	0.63559353	0.77347994
1663081873320	9.801301	0.68225354	0.846461
1663081873329	9.81805	0.689432	0.91346
1663081873339	9.733106	0.59970117	1.0534402
1663081873348	9.684052	0.52193445	1.0630114
1663081873356	9.669696	0.5267201	0.89431745
1663081873456	9.670892	0.60329044	0.68494546
1663081873466	9.693624	0.6332007	0.6152545
1663081873475	9.792926	0.55423754	0.78783685
1663081873483	9.9089775	0.47168517	0.90029955
1663081873492	9.88505	0.40827537	0.85124665
1663081873509	9.776176	0.42382872	0.7220342
1663081873521	9.701999	0.5027919	0.70648086
1663081873532	9.752248	0.6523433	0.8213364
1663081873542	9.837193	0.7899306	0.9170493
1663081873552	9.867104	0.8668	0.927817
1663081873560	9.808479	0.8356933	0.81655073
1663081873657	9.700802	0.70378894	0.72442704
1663081873668	9.64457	0.58654064	0.7004988
1663081873676	9.634999	0.48963133	0.71007013
1663081873685	9.679267	0.4657031	0.77587277
1663081873695	9.747462	0.44057846	0.80937225
1663081873717	9.776176	0.47048876	0.7746763
1663081873728	9.786943	0.55782676	0.7160522
1663081873738	9.746265	0.59730834	0.698106
1663081873758	9.692428	0.5733801	0.718445
1663081873765	9.656535	0.5027919	0.75912297
1663081873781	9.67807	0.40947178	0.8141579
1663081873858	9.713963	0.3472584	0.8380861
1663081873869	9.727123	0.32093734	0.8237292
1663081873876	9.698409	0.29461628	0.8105687
1663081873915	9.723534	0.36640096	0.84047896
1663081873926	9.789336	0.4657031	0.9421739
1663081873936	9.897014	0.5709873	1.0103694
1663081873944	9.920941	0.64277196	0.9924232
1663081873954	9.846765	0.6343971	0.8787641
1663081874011	9.749855	0.535095	0.76271224
1663081874022	9.693624	0.49082774	0.7603194
1663081874031	9.696016	0.45972106	0.79860455
1663081874040	9.728319	0.45134616	0.79501534
1663081874050	9.706784	0.48364928	0.7603194
1663081874070	9.67807	0.5075775	0.7471589
1663081874100	9.61825	0.541077	0.7722835
1663081874112	9.611072	0.57577294	0.8500503
1663081874122	9.692428	0.5901299	0.9421739
1663081874131	9.747462	0.58893347	0.9206385
1663081874147	9.746265	0.6260222	0.8333005
1663081874273	9.723534	0.6798607	0.82013994
1663081874281	9.729516	0.6774679	0.85483587
1663081874289	9.782158	0.69182485	0.9242278
1663081874298	9.837193	0.68823564	0.9409775
1663081874306	9.828818	0.65353966	0.86560357
1663081874314	9.730712	0.5805586	0.74835527
1663081874322	9.64457	0.52193445	0.6969096
1663081874330	9.5868435	0.51116675	0.7004988
1663081874339	9.640982	0.5673981	0.7818548
1663081874477	9.749855	0.63200426	0.88354975
1663081874487	9.815658	0.68225354	0.89072824
1663081874497	9.80489	0.6786643	0.8021938
1663081874504	9.790533	0.6451648	0.72323066
1663081874512	9.767801	0.6164509	0.70648086
1663081874521	9.755837	0.5913263	0.7268199
1663081874529	9.716355	0.5626124	0.71246296
1663081874537	9.690035	0.53988063	0.70289165
1663081874545	9.712767	0.55064833	0.70169526
1663081874554	9.74148	0.56859446	0.7040881
1663081874561	9.78814	0.57936215	0.72323066
1663081874676	9.80489	0.58893347	0.7722835
1663081874685	9.816854	0.59611195	0.8069794
1663081874695	9.749855	0.58654064	0.8033902
1663081874705	9.674481	0.57816577	0.82013994
1663081874713	9.667302	0.5733801	0.8536395
1663081874722	9.729516	0.5769694	0.8344969
1663081874731	9.772587	0.5662017	0.77826554
1663081874739	9.802497	0.53988063	0.7220342
1663081874749	9.797711	0.5027919	0.6765706
1663081874756	9.760623	0.4764708	0.6693921
1663081874766	9.7043915	0.48364928	0.7088737
1663081874778	9.672089	0.49441698	0.76271224
1663081874789	9.727123	0.50159544	0.8033902
1663081874882	9.789336	0.52552366	0.79501534
1663081874893	9.794122	0.55304116	0.80578303
1663081874901	9.74148	0.55782676	0.79860455
1663081874910	9.657731	0.535095	0.8225328
1663081874919	9.696016	0.48364928	0.86919284
1663081874926	9.777372	0.520738	0.92542416
1663081874936	9.827621	0.5626124	0.9062816
1663081875010	9.785748	0.59970117	0.8392825
1663081875021	9.723534	0.63918275	0.7639086
1663081875031	9.710373	0.68823564	0.76271224
1663081875041	9.715159	0.68345	0.81894356
1663081875050	9.752248	0.6523433	0.8572287
1663081875060	9.782158	0.62841505	0.90029955
1663081875069	9.797711	0.6116653	0.8787641
1663081875077	9.75823	0.61405814	0.8213364
1663081875086	9.730712	0.6116653	0.82013994
1663081875115	9.706784	0.62482584	0.8285148
1663081875127	9.682856	0.6523433	0.7818548
1663081875263	9.680463	0.6583253	0.7818548
1663081875274	9.675677	0.64875406	0.7962117
1663081875284	9.680463	0.6332007	0.8177471
1663081875295	9.686445	0.62961143	0.8213364
1663081875305	9.703195	0.63200426	0.78783685
1663081875315	9.698409	0.6451648	0.7710871
1663081875325	9.67807	0.65353966	0.77826554
1663081875335	9.685248	0.66071814	0.846461
1663081875345	9.747462	0.68345	0.94337034
1663081875357	9.786943	0.71694946	0.9601201
1663081875470	9.809675	0.7193423	0.9098708
1663081875483	9.791729	0.7253244	0.83688974
1663081875493	9.75823	0.6942177	0.7890333
1663081875502	9.740284	0.70259255	0.8021938
1663081875512	9.759426	0.6583253	0.8428718
1663081875520	9.783355	0.622433	0.84047896
1663081875529	9.790533	0.6152545	0.78664047
1663081875537	9.7654085	0.6236294	0.72083783
1663081875547	9.70798	0.6332007	0.6430711
1663081875557	9.657731	0.6798607	0.6092725
1663081875568	9.656535	0.72053874	0.6260222
1663081875668	9.682856	0.7516454	0.6801598
1663081875679	9.748658	0.7468598	0.76630145
1663081875689	9.812068	0.69900334	0.8285148
1663081875698	9.809675	0.669093	0.8117651
1663081875708	9.75823	0.6415756	0.7722835
1663081875717	9.68166	0.6200402	0.77826554
1663081875726	9.643374	0.6367899	0.8117651
1663081875736	9.690035	0.6750751	0.846461
1663081875743	9.746265	0.7181459	0.86560357
1663081875752	9.77498	0.7396813	0.85483587
1663081875758	9.754641	0.74566334	0.82013994
1663081875761	9.715159	0.7480562	0.7818548
1663081875774	9.71157	0.7480562	0.7710871
1663081875882	9.717552	0.75284183	0.779462
1663081875894	9.706784	0.7253244	0.78065836
1663081875902	9.700802	0.7396813	0.7962117
1663081875912	9.692428	0.7396813	0.8033902
1663081875920	9.684052	0.76959157	0.8177471
1663081875929	9.675677	0.77677006	0.8380861
1663081875936	9.731909	0.73848486	0.8536395
1663081876012	9.77139	0.7408777	0.85244304
1663081876024	9.78814	0.7001997	0.846461
1663081876035	9.767801	0.6726823	0.8069794
1663081876043	9.760623	0.67387867	0.79740816
1663081876052	9.754641	0.70618176	0.7962117
1663081876060	9.767801	0.70378894	0.79740816
1663081876087	9.735498	0.6942177	0.77706915
1663081876096	9.705587	0.64995044	0.7375876
1663081876115	9.679267	0.64037913	0.75553375
1663081876127	9.701999	0.6523433	0.77826554
1663081876136	9.729516	0.68823564	0.799801
1663081876246	9.752248	0.72053874	0.8177471
1663081876258	9.763016	0.7265208	0.8249256
1663081876266	9.74148	0.70977104	0.82612205
1663081876275	9.737891	0.68823564	0.799801
1663081876285	9.718748	0.6786643	0.75912297
1663081876294	9.700802	0.65712893	0.7710871
1663081876303	9.668499	0.68823564	0.785444
1663081876312	9.675677	0.71216387	0.80937225
1663081876322	9.696016	0.73369926	0.8679964
1663081876331	9.740284	0.7396813	0.9098708
1663081876429	9.753445	0.7432705	0.90029955
1663081876441	9.752248	0.7073782	0.8883354
1663081876449	9.723534	0.6559325	0.86201435
1663081876456	9.701999	0.63559353	0.87996054
1663081876466	9.697213	0.6439684	0.8751749
1663081876495	9.7043915	0.65952176	0.8488538
1663081876505	9.719945	0.6858428	0.87996054
1663081876515	9.706784	0.7181459	0.8991031
1663081876524	9.715159	0.7109674	0.84167534
1663081876535	9.763016	0.7049854	0.80578303
1663081876544	9.80489	0.68105716	0.8009974
1663081876632	9.795319	0.6858428	0.7830512
1663081876643	9.755837	0.669093	0.7543373
1663081876652	9.721141	0.6966105	0.7495517
1663081876660	9.650553	0.67387867	0.7256235
1663081876668	9.611072	0.6619146	0.69212395
1663081876679	9.634999	0.6523433	0.7148558
1663081876689	9.70798	0.66071814	0.779462
1663081876699	9.75823	0.65952176	0.8069794
1663081876719	9.77498	0.6547361	0.79501534
1663081876728	9.780962	0.6547361	0.80937225
1663081876753	9.777372	0.6942177	0.81655073
1663081876760	9.761819	0.70259255	0.78783685
1663081876772	9.727123	0.6798607	0.7579266
1663081876843	9.709177	0.6643074	0.7962117
1663081876850	9.739087	0.6523433	0.8428718
1663081876903	9.713963	0.6439684	0.8668
1663081876913	9.680463	0.62841505	0.84406817
1663081876923	9.680463	0.61046886	0.846461
1663081876933	9.7247305	0.62841505	0.8488538
1663081876943	9.784551	0.65353966	0.8632108
1663081877012	9.81805	0.6559325	0.84765744
1663081877024	9.791729	0.6655038	0.8333005
1663081877034	9.749855	0.6870392	0.80817586
1663081877043	9.70798	0.72053874	0.7615158
1663081877054	9.696016	0.7181459	0.71007013
1663081877089	9.693624	0.6966105	0.70289165
1663081877097	9.70798	0.67148584	0.72442704
1663081877107	9.734302	0.6643074	0.7639086
1663081877114	9.739087	0.67028946	0.78664047
1663081877121	9.723534	0.6870392	0.76271224
1663081877131	9.703195	0.7013961	0.7292127
1663081877207	9.721141	0.6906284	0.7435696
1663081877219	9.770194	0.669093	0.75553375
1663081877230	9.777372	0.6511469	0.7890333
1663081877238	9.763016	0.64875406	0.7962117
1663081877246	9.730712	0.6798607	0.78065836
1663081877261	9.731909	0.68105716	0.78065836
1663081877269	9.739087	0.689432	0.7938189
1663081877300	9.760623	0.6774679	0.7722835
1663081877317	9.747462	0.64875406	0.7316055
1663081877326	9.746265	0.6308079	0.7304091
1663081877400	9.725926	0.57577294	0.7507481
1663081877407	9.717552	0.5458627	0.8009974
1663081877415	9.759426	0.55304116	0.8392825
1663081877501	9.761819	0.5985048	0.8105687
1663081877510	9.742677	0.60687965	0.7722835
1663081877518	9.690035	0.61405814	0.7579266
1663081877531	9.682856	0.61046886	0.7830512
1663081877538	9.715159	0.6056832	0.8392825
1663081877543	9.779765	0.581755	0.87278205
1663081877547	9.822836	0.55782676	0.84047896
1663081877551	9.802497	0.52911294	0.7543373
1663081877572	9.736694	0.5159524	0.7363912
1663081877582	9.706784	0.520738	0.7543373
1663081877701	9.715159	0.5315057	0.7375876
1663081877711	9.730712	0.5518447	0.7280163
1663081877721	9.7450695	0.5626124	0.74476606
1663081877729	9.739087	0.54346985	0.7686943
1663081877738	9.751051	0.5374878	0.7746763
1663081877746	9.760623	0.53629136	0.7603194
1663081877756	9.748658	0.56141603	0.738784
1663081877763	9.712767	0.5769694	0.7304091
1663081877772	9.680463	0.5937191	0.7256235
1663081877781	9.600304	0.5937191	0.77826554
1663081877792	9.542577	0.5566304	0.8847462
1663081877904	9.679267	0.5315057	1.1072787
1663081877914	9.865907	0.520738	1.2116655
1663081877925	9.956834	0.5374878	1.090529
1663081877934	9.901799	0.5602196	0.9182457
1663081877941	9.825229	0.5673981	0.8500503
1663081877951	9.753445	0.5829514	0.82612205
1663081877961	9.710373	0.602094	0.7902297
1663081877968	9.679267	0.56500524	0.7399804
1663081877978	9.679267	0.5195416	0.7112665
1663081878011	9.663713	0.4956134	0.6897311
1663081878023	9.655338	0.4776672	0.651446
1663081878034	9.649357	0.5183452	0.64905316
1663081878113	9.68166	0.5422734	0.6861419
1663081878123	9.728319	0.5733801	0.74476606
1663081878133	9.755837	0.6008976	0.7543373
1663081878143	9.748658	0.61884373	0.7292127
1663081878153	9.715159	0.63918275	0.7088737
1663081878162	9.712767	0.6559325	0.70289165
1663081878170	9.728319	0.6870392	0.7148558
1663081878179	9.782158	0.669093	0.75553375
1663081878188	9.809675	0.62721866	0.8153543
1663081878263	9.798908	0.58534425	0.8321041
1663081878276	9.703195	0.5494519	0.76989067
1663081878285	9.61825	0.535095	0.7435696
1663081878295	9.607482	0.55064833	0.8045866
1663081878303	9.717552	0.58893347	0.92303133
1663081878319	9.830014	0.59970117	1.0067801
1663081878329	9.871889	0.5721837	0.9840483
1663081878352	9.843175	0.541077	0.9170493
1663081878531	9.761819	0.4968098	0.88235337
1663081878545	9.696016	0.49202415	0.85483587
1663081878559	9.682856	0.5087739	0.8153543
1663081878570	9.68166	0.5482555	0.8153543
1663081878582	9.713963	0.5829514	0.86201435
1663081878592	9.759426	0.6056832	0.90388876
1663081878604	9.760623	0.6152545	0.8979067
1663081878618	9.75823	0.59611195	0.87637126
1663081878629	9.7247305	0.5769694	0.8285148
1663081878642	9.719945	0.5626124	0.78424764
1663081878726	9.727123	0.57816577	0.7926225
1663081878738	9.736694	0.61046886	0.82612205
1663081878749	9.755837	0.64995044	0.85244304
1663081878759	9.747462	0.669093	0.8500503
1663081878770	9.739087	0.68225354	0.82971126
1663081878779	9.748658	0.68225354	0.8021938
1663081878788	9.735498	0.64636123	0.8177471
1663081878796	9.7450695	0.61764735	0.8344969
1663081878804	9.747462	0.59730834	0.8285148
1663081878814	9.718748	0.5913263	0.78664047
1663081878824	9.722338	0.57816577	0.7830512
1663081878837	9.721141	0.5697909	0.81655073
1663081878848	9.713963	0.5673981	0.8380861
1663081878928	9.705587	0.5494519	0.8356933
1663081878940	9.725926	0.5829514	0.8488538
1663081878951	9.723534	0.62841505	0.8392825
1663081878962	9.749855	0.62123656	0.81894356
1663081878973	9.748658	0.5937191	0.8380861
1663081878984	9.739087	0.5602196	0.8787641
1663081878995	9.705587	0.5195416	0.8644072
1663081879019	9.705587	0.5386842	0.86201435
1663081879030	9.7043915	0.5769694	0.87278205
1663081879037	9.754641	0.6164509	0.8644072
1663081879045	9.751051	0.6475576	0.80817586
1663081879053	9.75823	0.68464637	0.77706915
1663081879063	9.751051	0.6906284	0.81894356
1663081879116	9.739087	0.68823564	0.85842514
1663081879126	9.733106	0.69302124	0.8452646
1663081879135	9.729516	0.67148584	0.8213364
1663081879146	9.739087	0.6559325	0.78664047
1663081879156	9.718748	0.6726823	0.74476606
1663081879265	9.684052	0.6870392	0.7280163
1663081879279	9.693624	0.68464637	0.7686943
1663081879289	9.718748	0.68345	0.82612205
1663081879300	9.730712	0.68345	0.8225328
1663081879310	9.749855	0.65952176	0.785444
1663081879322	9.768997	0.64875406	0.7746763
1663081879331	9.737891	0.65952176	0.77826554
1663081879342	9.69482	0.68464637	0.77587277
1663081879351	9.7247305	0.6942177	0.79860455
1663081879361	9.814461	0.6966105	0.83090764
1663081879543	9.850353	0.68464637	0.77826554
1663081879555	9.797711	0.6547361	0.698106
1663081879564	9.703195	0.61764735	0.6334998
1663081879576	9.650553	0.64636123	0.6478567
1663081879587	9.667302	0.663111	0.698106
1663081879598	9.713963	0.6750751	0.7375876
1663081879608	9.733106	0.65712893	0.7507481
1663081879619	9.701999	0.62961143	0.7507481
1663081879629	9.675677	0.59730834	0.77587277
1663081879639	9.682856	0.59611195	0.8033902
1663081879702	9.728319	0.62482584	0.8632108
1663081879715	9.789336	0.6858428	0.91465646
1663081879727	9.852746	0.7265208	0.9290134
1663081879739	9.858728	0.74446696	0.8751749
1663081879751	9.815658	0.74446696	0.8141579
1663081879762	9.764212	0.72053874	0.785444
1663081879774	9.735498	0.6667002	0.76630145
1663081879787	9.716355	0.62961143	0.74476606
1663081879797	9.663713	0.5985048	0.74117684
1663081879808	9.685248	0.6236294	0.8321041
1663081879818	9.734302	0.67387867	0.86081797
1663081879829	9.751051	0.7049854	0.8380861
1663081879840	9.763016	0.70259255	0.8009974
1663081879851	9.747462	0.6858428	0.7543373
1663081879937	9.730712	0.7109674	0.74117684
1663081879954	9.673285	0.69302124	0.76630145
1663081879964	9.666106	0.689432	0.7890333
1663081879973	9.69482	0.69900334	0.79142606
1663081879981	9.749855	0.6978069	0.7902297
1663081879988	9.763016	0.70618176	0.7962117
1663081879999	9.764212	0.68345	0.77706915
1663081880035	9.747462	0.69900334	0.75553375
1663081880043	9.712767	0.73369926	0.7495517
1663081880048	9.666106	0.73489565	0.7830512
1663081880051	9.663713	0.7157531	0.84167534
1663081880054	9.706784	0.663111	0.9194421
1663081880060	9.764212	0.6870392	0.9385847
1663081880064	9.780962	0.72412795	0.8811569
1663081880067	9.791729	0.7576275	0.86919284
1663081880112	9.791729	0.77318084	0.8739785
1663081880119	9.755837	0.76600236	0.85483587
1663081880126	9.71157	0.70259255	0.83688974
1663081880261	9.64816	0.6236294	0.83688974
1663081880273	9.64457	0.5721837	0.85124665
1663081880282	9.667302	0.5901299	0.846461
1663081880292	9.706784	0.63918275	0.8392825
1663081880301	9.701999	0.71216387	0.83090764
1663081880311	9.700802	0.7372885	0.82612205
1663081880322	9.691231	0.7360921	0.86201435
1663081880331	9.672089	0.70259255	0.89312106
1663081880340	9.693624	0.67028946	0.89431745
1663081880349	9.746265	0.64277196	0.91226363
1663081880448	9.772587	0.6415756	0.8895318
1663081880458	9.783355	0.67148584	0.8679964
1663081880467	9.743873	0.70378894	0.8536395
1663081880478	9.713963	0.7289136	0.8739785
1663081880487	9.705587	0.7217351	0.89072824
1663081880495	9.685248	0.69900334	0.8787641
1663081880516	9.664909	0.6678966	0.8596215
1663081880525	9.674481	0.66071814	0.87278205
1663081880535	9.713963	0.67387867	0.90149593
1663081880544	9.748658	0.67148584	0.9290134
1663081880639	9.75823	0.6750751	0.91226363
1663081880648	9.713963	0.69302124	0.86919284
1663081880655	9.639785	0.70259255	0.8500503
1663081880662	9.639785	0.7157531	0.9170493
1663081880668	9.728319	0.74446696	1.0594223
1663081880714	9.813265	0.78394854	1.0809577
1663081880725	9.810872	0.770788	0.97567344
1663081880733	9.753445	0.7372885	0.8679964
1663081880743	9.687641	0.73011	0.8488538
1663081880752	9.687641	0.71694946	0.8811569
1663081880761	9.697213	0.7001997	0.91346
1663081880771	9.709177	0.69541407	0.88235337
1663081880777	9.688838	0.6415756	0.8213364
1663081880788	9.6529455	0.6451648	0.74476606
1663081880801	9.602696	0.663111	0.7435696
1663081880913	9.624231	0.70378894	0.79501534
1663081880920	9.672089	0.7360921	0.84765744
1663081880926	9.767801	0.7372885	0.8632108
1663081880932	9.808479	0.7408777	0.8668
1663081880940	9.789336	0.7013961	0.86560357
1663081880945	9.755837	0.71216387	0.86560357
1663081881015	9.716355	0.7683952	0.8787641
1663081881021	9.627821	0.7468598	0.8979067
1663081881028	9.6015	0.7253244	0.9589237
1663081881034	9.685248	0.71336025	1.0881361
1663081881040	9.803694	0.7468598	1.1048858
1663081881113	9.871889	0.7926225	1.0438689
1663081881120	9.846765	0.7600203	0.98883396
1663081881128	9.782158	0.69900334	0.9349955
1663081881135	9.701999	0.68464637	0.8919246
1663081881140	9.623035	0.63918275	0.84765744
1663081881146	9.611072	0.62961143	0.84167534
1663081881214	9.626625	0.62961143	0.8213364
1663081881221	9.608679	0.6415756	0.77826554
1663081881227	9.584451	0.6643074	0.74476606
1663081881232	9.640982	0.67028946	0.7639086
1663081881239	9.761819	0.6870392	0.79142606
1663081881255	9.830014	0.6978069	0.7902297
1663081881263	9.862318	0.7049854	0.7962117
1663081881313	9.822836	0.7396813	0.77826554
1663081881323	9.703195	0.7325028	0.70289165
1663081881330	9.637392	0.6786643	0.6658029
1663081881336	9.655338	0.62482584	0.7076773
1663081881379	9.684052	0.60807604	0.738784
1663081881385	9.719945	0.622433	0.78664047
1663081881503	9.733106	0.6044868	0.80817586
1663081881511	9.751051	0.6116653	0.7962117
1663081881519	9.792926	0.6367899	0.74596244
1663081881523	9.887443	0.63918275	0.67058855
1663081881528	9.952048	0.6439684	0.5063811
1663081881532	9.863514	0.63798636	0.30897322
1663081881536	9.570094	0.6308079	0.15343975
1663081881541	9.309277	0.6308079	0.20847467
1663081881564	9.303294	0.57457656	0.4657031
1663081881577	9.57488	0.5494519	0.738784
1663081881718	9.835997	0.48245287	0.8392825
1663081881730	9.899406	0.41306102	0.7471589
1663081881739	9.835997	0.34247273	0.7292127
1663081881747	9.827621	0.33290145	0.89431745
1663081881757	9.871889	0.44057846	1.0235299
1663081881767	9.907782	0.5602196	0.9637093
1663081881777	9.863514	0.7540382	0.8668
1663081881786	9.713963	0.85842514	0.8452646
1663081881795	9.547362	0.78753775	0.9062816
1663081881805	9.458828	0.7109674	0.95772725
1663081881814	9.467203	0.6451648	1.0127622
1663081881917	9.655338	0.55423754	1.0845468
1663081881929	9.912567	0.535095	1.192523
1663081881939	10.139885	0.5590232	1.1802598
1663081881949	10.115957	0.63559353	0.9625129
1663081881959	9.831211	0.70618176	0.60807604
1663081881969	9.522238	0.82971126	0.3711866
1663081881977	9.305687	0.90508515	0.31615168
1663081881986	9.293723	0.90149593	0.45014977
1663081881993	9.499506	0.8141579	0.6260222
1663081882021	9.74148	0.6451648	0.62123656
1663081882028	9.893424	0.41665024	0.5626124
1663081882036	10.014262	0.22971097	0.7495517
1663081882116	10.028619	0.076570325	0.9601201
1663081882128	9.91137	-0.0849452	1.015155
1663081882138	9.791729	-0.19740787	0.98883396
1663081882146	9.699606	-0.16031912	1.0402796
1663081882155	9.686445	-0.011964113	1.1431711
1663081882164	9.690035	0.11485548	1.1347961
1663081882175	9.763016	0.28983065	1.2320045
1663081882262	9.897014	0.3400799	1.4377873
1663081882275	10.023833	0.3185445	1.5981064
1663081882285	10.059726	0.18065812	1.4449657
1663081882295	9.973584	0.021535404	1.1180464
1663081882306	9.918549	-0.034695927	1.1706885
1663081882312	9.803694	0.13519448	1.4150555
1663081882318	9.529416	0.2431706	1.3420744
1663081882324	9.162118	0.285045	1.0809577
1663081882330	8.903394	0.26590243	0.74596244
1663081882340	8.878269	0.24197419	0.5733801
1663081882503	9.081959	0.28983065	0.6861419
1663081882524	9.32483	0.3472584	1.0725827
1663081882537	9.570094	0.35324043	1.5717853
1663081882549	9.813265	0.26470602	1.9585253
1663081882558	9.953245	0.17826529	2.0111675
1663081882567	9.886246	0.09571291	1.8580267
1663081882575	9.797711	-0.083748795	1.7886349
1663081882586	9.722338	-0.25004998	1.6160526
1663081882596	9.603892	-0.39511484	1.3588241
1663081882605	9.623035	-0.5159524	1.3959129
1663081882704	9.687641	-0.5243273	1.5323038
1663081882717	9.718748	-0.38434714	1.6746768
1663081882726	9.686445	-0.24047868	1.5418751
1663081882735	9.595518	-0.10289137	1.3935201
1663081882744	9.565309	-0.0059820567	1.1862419
1663081882754	9.470792	0.2009971	0.92303133
1663081882765	9.337991	0.3293122	0.95653087
1663081882774	9.387043	0.2213361	1.3887345
1663081882783	9.504292	0.14955142	1.5263218
1663081882792	9.434899	0.21894327	1.2619148
1663081882802	9.457631	0.48245287	1.3779668
1663081882811	9.80489	0.62961143	1.6459628
1663081882821	10.718349	0.25393832	1.4856437
1663081882887	11.999108	-0.39631125	1.3480564
1663081882899	12.319746	-0.98524475	1.1359925
1663081882909	11.4353	-0.63200426	0.82731843
1663081882919	9.800104	-0.19381863	0.051445685
1663081882928	8.862716	0.031106694	0.27786654
1663081882938	9.092726	-0.01794617	1.4030914
1663081882948	9.789336	-0.3687938	1.5538392
1663081882959	10.1700945	-0.37238303	0.66699934
1663081883009	10.247861	-0.020338992	-0.023928227
1663081883019	10.0417795	0.2527419	-0.53389853
1663081883030	9.452846	0.51236314	-0.6056832
1663081883039	9.272188	0.8333005	-0.19621146
1663081883056	9.367901	0.9314062	0.08763713
1663081883068	9.615857	0.9936196	0.21206391
1663081883074	9.94128	1.2520444	0.25872394
1663081883119	10.226326	1.4964114	0.040677983
1663081883130	10.415359	1.623231	-0.43070808
1663081883141	10.307682	1.7344973	-0.64636123
1663081883164	9.820443	1.8122641	-0.5721837
1663081883262	9.409775	1.9441684	-0.41635114
1663081883275	8.994321	1.899602	-0.0526421
1663081883286	8.86152	1.739283	0.4657031
1663081883296	8.879466	1.3863416	0.98524475
1663081883306	8.881859	0.7289136	1.2451651
1663081883316	8.777771	0.013160525	1.1766706
1663081883328	8.731111	-0.4022933	1.1575279
1663081883337	9.025428	-0.47527438	1.8687944
1663081883347	9.500702	-0.19501504	2.5115664
1663081883357	9.568898	0.37597227	2.070988
1663081883367	9.482756	1.0833504	2.1164517
1663081883376	9.61466	1.942972	3.0035906
1663081883442	9.450453	2.5701907	2.978466
1663081883454	9.850353	2.7424738	1.6387844
1663081883466	11.310873	2.5546372	0.06849455
1663081883510	11.455638	2.0673988	-1.0582259
1663081883522	11.802598	2.1894326	-0.62482584
1663081883532	11.830115	0.8644072	0.29102704
1663081883541	11.460424	-1.5669997	-0.69541407
1663081883552	11.050952	-2.6072793	-1.5236298
1663081883638	10.5385895	-2.204986	-0.5267201
1663081883648	9.223135	-1.718944	-0.033499517
1663081883658	8.001	-1.3776677	-0.15194423
1663081883667	7.6070824	-1.0319048	-0.42951167
1663081883677	8.11466	-0.25603202	-0.36251262
1663081883719	9.404989	0.80937225	0.48963133
1663081883731	10.92174	1.5681962	1.2690933
1663081883741	11.6339035	1.5454643	0.42861435
1663081883751	10.640285	0.8883354	-0.64636123
1663081883760	9.402596	0.29102704	-0.40558344
1663081883768	8.680861	-0.42023948	0.06729814
1663081883778	8.438888	-1.1682956	0.4645067
1663081883788	8.509774	-1.6722839	1.0426725
1663081883825	8.64138	-1.7440686	1.631606
1663081883834	8.744271	-1.3968102	1.753939
1663081883846	8.726325	-0.68823564	1.3372887
1663081883919	8.755039	0.15074782	0.66101724
1663081883938	9.005089	0.8213364	0.39391842
1663081883949	9.457631	1.1778669	0.9445667
1663081883964	9.85155	0.8679964	1.9621146
1663081883976	10.380663	0.64277196	2.937788
1663081884012	10.64148	0.5937191	3.260819
1663081884023	10.253843	0.28025934	2.449353
1663081884031	9.731909	0.039481573	1.724926
1663081884041	9.287741	-0.07178468	1.4174483
1663081884120	9.238688	-0.08973085	1.5059828
1663081884134	9.99153	-0.20458634	1.3372887
1663081884144	11.55494	-1.0773684	1.1802598
1663081884154	12.932609	-2.6024938	2.2839491
1663081884165	13.395919	-2.1690936	1.8125632
1663081884173	11.982359	-0.61046886	0.4142574
1663081884184	10.095618	0.11246266	-0.71694946
1663081884192	9.192028	0.8045866	-1.5391831
1663081884232	8.784949	1.4808581	-1.4338989
1663081884244	8.200802	1.4066806	-1.3537394
1663081884255	7.9112697	1.0582259	-1.6268203
1663081884266	7.926823	0.8668	-1.4733806
1663081884275	8.510971	0.57457656	-0.64875406
1663081884314	9.832407	0.54346985	0.49441698
1663081884327	11.229218	0.68345	1.4820545
1663081884337	11.916555	0.669093	1.5634105
1663081884377	11.334801	0.4226323	0.5985048
1663081884390	10.180862	0.49082774	-0.520738
1663081884426	9.0341015	0.907478	-0.9634102
1663081884436	8.606684	1.5179468	-0.84735835
1663081884448	8.82443	2.015953	-0.09930214
1663081884454	9.150154	2.0075781	0.8069794
1663081884482	9.311669	1.5921243	1.1084751
1663081884492	9.109476	0.9062816	0.698106
1663081884500	8.982357	0.25393832	0.33170503
1663081884508	8.987143	-0.09930214	0.40707895
1663081884580	9.072387	-0.014356935	0.8751749
1663081884591	9.221938	0.38315073	1.3540385
1663081884605	9.267402	0.7719844	1.462912
1663081884618	9.3511505	1.061815	1.3396816
1663081884626	9.687641	1.3695918	1.1371889
1663081884715	9.892228	1.483251	0.90029955
1663081884727	9.85155	1.4210376	0.85244304
1663081884737	9.705587	1.3827524	1.4736797
1663081884744	10.0011015	1.2939188	1.753939
1663081884756	11.539387	1.3660027	1.1730813
1663081884765	12.683755	1.9067806	-0.33499518
1663081884774	12.620345	2.2037897	-1.8385851
1663081884783	12.152249	1.6794624	-1.561915
1663081884794	10.956436	0.5925227	-0.5697909
1663081884814	9.253045	-0.28235307	0.20727827
1663081884825	8.499007	-0.64277196	0.76271224
1663081884914	8.582756	-0.8461619	0.948156
1663081884926	8.650951	-0.9708878	0.3472584
1663081884935	8.733503	-0.90508515	-0.6044868
1663081884942	9.097511	-0.6164509	-1.2616158
1663081884951	9.61825	-0.30029923	-1.1108679
1663081884980	10.229915	0.17228323	-0.50039905
1663081884989	10.855937	0.9206385	0.49800622
1663081885008	10.949257	1.3600205	1.434198
1663081885020	10.433305	1.1324034	1.355235
1663081885028	9.46481	0.48963133	0.4022933
1663081885116	8.64138	-0.21535404	-0.30867413
1663081885129	8.373085	-0.69900334	-0.23569304
1663081885140	8.386245	-0.85094756	-0.08973085
1663081885151	8.563613	-0.689432	0.24077778
1663081885161	9.041281	-0.18424734	0.71007013
1663081885171	9.437292	0.34247273	0.846461
1663081885181	9.59163	0.7492526	0.7603194
1663081885189	9.516255	0.8967103	0.62871414
1663081885198	9.286545	0.7938189	0.5733801
1663081885206	9.24467	0.5937191	0.8392825
1663081885262	9.415757	0.392722	1.2702898
1663081885274	9.531809	0.16630118	1.5777674
1663081885283	9.611072	-0.104087785	1.7141583
1663081885315	9.723534	-0.33888352	1.6842481
1663081885325	9.983155	-0.45732823	1.5011971
1663081885336	10.121939	-0.35204405	1.5191432
1663081885379	10.065707	0.022731815	1.7476579
1663081885390	10.002297	0.32452658	2.3835504
1663081885398	9.747462	0.5590232	2.4445674
1663081885407	9.521041	0.28863424	1.4186447
1663081885484	10.075279	-0.19740787	0.31974092
1663081885494	11.702099	-0.8042875	0.6693921
1663081885502	12.792628	-1.2484552	2.2911277
1663081885507	12.574882	-0.75284183	2.0925233
1663081885511	11.211271	-0.11485548	1.428216
1663081885515	9.808479	0.18544376	0.0047856453
1663081885582	8.932108	0.622433	-1.102493
1663081885591	8.105088	0.79112697	-1.0630114
1663081885601	7.562815	1.0809577	-0.56859446
1663081885612	7.7853475	1.5059828	-0.42592242
1663081885715	8.739486	1.7069799	-0.25842485
1663081885726	10.278968	1.8553349	0.7722835
1663081885739	11.893824	2.1140587	1.509572
1663081885749	12.259926	1.8038892	1.082154
1663081885756	11.393425	1.0606186	0.12472588
1663081885761	9.701999	0.7073782	-0.63559353
1663081885765	8.313264	1.0989038	-1.1814562
1663081885770	7.6680994	1.759622	-1.1300105
1663081885774	7.772187	2.3282163	-0.43788654
1663081885779	8.260622	2.501995	0.6200402
1663081885812	8.966804	2.0374885	2.1164517
1663081885824	9.54497	1.3576277	2.9485557
1663081885916	9.826426	0.6643074	2.5737798
1663081885927	9.733106	-0.18664017	1.724926
1663081885936	9.35474	-0.9385847	1.0295119
1663081885947	8.947661	-0.9517452	1.0235299
1663081885957	8.728718	-0.20817557	1.2643076
1663081885966	8.528917	0.6667002	1.1997014
1663081885974	8.811271	1.5131612	1.0749756
1663081885994	9.923335	2.4047868	1.3671991
1663081886004	11.963216	3.4749768	1.5107684
1663081886012	12.196516	3.87727	0.24915266
1663081886117	11.778669	3.6176488	-1.3441681
1663081886128	11.105988	1.6268203	-1.625624
1663081886138	10.088439	-1.1300105	-2.0359929
1663081886148	10.166505	-2.6623142	-1.6339988
1663081886157	11.058131	-2.3712873	0.0634098
1663081886166	10.592427	-2.1128623	0.7603194
1663081886176	9.038888	-1.7021942	0.014356935
1663081886184	7.847561	-0.94695956	-1.0630114
1663081886261	8.096714	-0.0047856453	-1.5535401
1663081886273	9.305687	0.76241314	-0.8449655
1663081886284	10.69173	1.326222	0.83688974
1663081886294	11.85195	1.6627127	2.0877378
1663081886302	11.7667055	1.4210376	1.3815559
1663081886314	10.4668045	0.6511469	0.43100718
1663081886324	9.041281	-0.2440679	-0.22492532
1663081886333	7.9794655	-0.9696914	-0.8282157
1663081886350	7.4718876	-1.4195421	-1.1682956
1663081886360	7.5400834	-1.489233	-0.94307125
1663081886385	7.947162	-1.1347961	-0.28953153
1663081886513	8.549256	-0.48006004	0.48963133
1663081886529	9.065208	-0.033499517	0.8644072
1663081886542	9.613464	0.16630118	1.0307083
1663081886553	10.177273	0.23718855	1.3241283
1663081886565	10.5685	0.18185452	1.5610176
1663081886579	10.465608	0.16749759	1.1132607
1663081886591	10.058529	-0.01794617	0.77706915
1663081886605	9.880263	-0.08973085	1.1961123
1663081886618	10.0214405	-0.1160519	1.6603198
1663081886630	10.130314	0.09810573	1.704587
1663081886710	10.231112	0.15194423	1.6184454
1663081886727	10.473983	-0.22013968	1.9250258
1663081886740	11.144273	-0.8991031	1.1889337
1663081886752	12.111571	-1.5107684	1.1096715
1663081886762	12.052947	-1.6746768	2.1212373
1663081886776	11.131112	-1.2604194	1.3588241
1663081886788	10.096814	-0.6415756	-0.13758731
1663081886798	9.846765	-0.09810573	-0.5279165
1663081886805	10.011869	0.40588254	-0.67387867
1663081886814	9.754641	1.0737791	-1.3980067
1663081886823	9.268599	1.6088741	-2.0084755
1663081886909	9.049655	1.5454643	-1.9929222
1663081886925	9.164511	1.0115658	-1.4829519
1663081886938	9.739087	0.6870392	-0.57936215
1663081886949	10.517054	0.7576275	0.5985048
1663081886959	10.770992	0.63918275	1.0307083
1663081886971	10.03819	0.25633112	0.17736799
1663081886983	8.958429	0.41306102	-0.8605189
1663081886996	8.201998	1.1108679	-1.5044873
1663081887010	7.824829	1.765604	-1.5966109
1663081887022	8.0404825	2.1714866	-1.0725827
1663081887034	8.655737	2.1595225	0.09720842
1663081887048	9.445667	1.8014964	1.3444673
1663081887115	10.048958	1.3779668	1.6423737
1663081887122	9.923335	0.7432705	1.2499508
1663081887125	9.617053	0.09451649	0.6358926
1663081887129	9.383454	-0.078963146	0.6128617
1663081887136	9.226724	0.28025934	0.92542416
1663081887197	9.263813	0.73369926	1.0342976
1663081887205	9.280562	1.0067801	0.97567344
1663081887214	9.311669	1.183849	0.8536395
1663081887263	9.355937	1.3082758	0.7076773
1663081887275	9.359526	1.5000007	0.5063811
1663081887286	9.506684	1.8014964	0.7507481
1663081887293	10.142278	2.0865414	1.2619148
1663081887302	11.485549	2.2731814	1.2559328
1663081887312	12.263515	2.4804597	0.7316055
1663081887321	11.812169	2.7903304	-0.17826529
1663081887327	11.12154	2.7029922	-0.5135596
1663081887339	10.450055	1.6866409	-0.31585258
1663081887397	9.7247305	0.1363909	-0.18783657
1663081887407	9.436096	-1.0797613	-0.40917268
1663081887417	9.450453	-1.5550356	-0.4223332
1663081887508	9.26142	-1.7117655	-0.44865423
1663081887519	8.944072	-1.8170497	-0.57457656
1663081887527	8.819645	-1.5837495	-0.48933223
1663081887535	9.182457	-0.8748758	-0.17587246
1663081887543	9.826426	0.096909314	-0.06460621
1663081887553	10.423734	1.0055838	-0.63559353
1663081887606	10.755439	1.576571	-0.73130643
1663081887618	11.006685	1.7931215	0.16779669
1663081887628	10.578071	1.7165512	1.1467602
1663081887709	9.669696	1.3082758	0.5075775
1663081887721	8.710772	0.5279165	-0.5027919
1663081887731	8.142178	-0.36400816	-0.5697909
1663081887742	8.048857	-0.9529416	-0.0023928226
1663081887751	8.365906	-0.87966144	0.9529416
1663081887761	8.691629	-0.4322036	1.4198412
1663081887772	9.009874	0.20578274	1.3887345
1663081887782	9.2793665	0.60807604	1.3803595
1663081887792	9.553345	0.8356933	1.2403795
1663081887800	9.579665	0.67148584	0.9026923
1663081887806	9.669696	0.45972106	1.0630114
1663081887911	9.942477	0.35204405	1.7009978
1663081887922	10.100404	0.24436702	1.7623138
1663081887931	9.867104	-0.040677983	1.3839488
1663081887941	9.438489	-0.3290131	1.334896
1663081887948	9.440882	-0.4668995	1.6794624
1663081887958	9.728319	-0.59611195	1.590928
1663081887967	10.549356	-0.79112697	0.7890333
1663081888009	11.485549	-0.8676973	1.4006985
1663081888022	11.936894	-1.0139586	2.3042881
1663081888031	11.775081	-1.0953146	1.7563318
1663081888041	11.189736	-0.8330014	0.7040881
1663081888050	10.7590275	-0.5243273	0.4956134
1663081888081	10.452448	0.023928227	0.82731843
1663081888092	10.601999	1.0438689	0.602094
1663081888101	10.259826	1.6639091	-0.83060855
1663081888122	9.624231	1.8242282	-2.2791636
1663081888132	9.029017	1.5658033	-2.1508484
1663081888149	8.623434	1.5634105	-1.0845468
1663081888220	8.19123	1.5335002	-0.21655045
1663081888229	8.182856	1.2113664	0.23838496
1663081888237	8.660522	0.73130643	0.61046886
1663081888260	9.51147	0.38793638	1.0019945
1663081888272	10.377073	0.5195416	1.035494
1663081888283	10.778171	0.9062816	0.5518447
1663081888294	10.660624	1.3767704	-0.2416751
1663081888304	9.937692	1.8254246	-0.6942177
1663081888315	9.328419	2.2205393	-0.77677006
1663081888324	9.015857	2.43709	-0.56859446
1663081888419	8.860323	2.376073	-0.12083755
1663081888430	8.705986	1.9920249	0.17258233
1663081888440	8.634201	1.3683954	0.20249261
1663081888448	8.776574	0.8979067	0.28743783
1663081888487	8.972786	0.58893347	0.46929234
1663081888498	9.069994	0.37597227	0.59970117
1663081888507	9.099904	0.2970091	0.8141579
1663081888516	8.982357	0.28863424	1.1742777
1663081888525	9.081959	0.31615168	1.8867407
1663081888536	9.527023	0.28145576	2.4349961
1663081888624	10.126724	0.4118646	2.3452654
1663081888634	10.588839	1.1252248	2.2743778
1663081888644	10.393824	1.9680966	1.8580267
1663081888655	9.971191	2.6347969	1.5454643
1663081888688	10.950454	2.8298118	1.0331012
1663081888700	12.096018	2.646761	0.47048876
1663081888709	12.604792	2.8573294	-0.49052864
1663081888719	12.306586	2.3341985	-1.2747762
1663081888729	11.266306	0.8859426	-1.198206
1663081888739	10.029816	-0.3687938	-0.9071789
1663081888754	8.673683	-1.090529	-0.57457656
1663081888763	7.969894	-1.4099708	-0.148355
1663081888772	7.858329	-1.3800604	-0.01794617
1663081888779	8.304889	-0.9816555	-0.011964113
1663081888815	9.470792	-0.010767702	-0.1902294
1663081888890	10.5685	1.1407782	-0.424726
1663081888902	11.26152	2.1176481	-0.37686956
1663081888912	11.043774	2.2791636	0.5063811
1663081888922	9.75823	1.745265	0.8703892
1663081888933	8.388638	0.74446696	0.1055833
1663081888940	7.778169	-0.5195416	-0.78873414
1663081889020	7.876275	-1.3058829	-0.9562318
1663081889032	8.352746	-1.3992031	-0.039481573
1663081889043	9.011071	-1.1132607	1.2990036
1663081889052	9.679267	-0.56141603	2.2265215
1663081889060	10.202397	0.16390835	2.2360928
1663081889069	10.216755	0.8033902	1.1659029
1663081889080	9.634999	1.07019	0.16540386
1663081889090	9.092726	0.7926225	0.38434714
1663081889114	9.176475	0.64875406	1.0163515
1663081889121	9.650553	0.58654064	1.3229318
1663081889146	9.935299	0.35443684	1.6064813
1663081889223	10.090832	-0.15433706	1.8783658
1663081889231	10.222736	-0.6092725	2.0207388
1663081889240	10.281361	-0.6451648	2.1559331
1663081889250	10.526625	-0.317049	2.2025933
1663081889260	10.970793	-0.22731815	1.8604196
1663081889268	11.122737	-0.54705906	1.9118652
1663081889319	11.094023	-1.090529	1.6220347
1663081889330	10.64148	-0.9445667	0.1893321
1663081889340	10.05494	-0.37238303	-0.86171526
1663081889349	9.863514	0.30538398	-0.3505485
1663081889421	10.056136	1.0450653	0.51236314
1663081889432	9.716355	1.224527	0.07447661
1663081889442	9.030213	1.3034902	-0.84137625
1663081889450	8.772985	1.3636098	-0.8712866
1663081889466	8.990732	1.2233306	-0.23569304
1663081889476	9.88146	1.16351	0.66699934
1663081889485	11.016256	1.0785648	1.3241283
1663081889493	11.682957	0.9206385	1.2978072
1663081889510	11.303694	0.74566334	0.53389853
1663081889521	10.08485	0.9314062	-0.38404804
1663081889624	8.9057865	1.5873387	-1.1312069
1663081889634	8.280961	2.2731814	-1.352543
1663081889644	8.146963	2.630011	-0.9275179
1663081889653	8.340781	2.638386	-0.0849452
1663081889664	8.67129	2.2671995	0.95054877
1663081889673	8.92134	1.4557334	1.4377873
1663081889684	8.989535	0.5303093	0.9828519
1663081889715	8.835198	-0.32422748	0.47527438
1663081889727	8.863913	-0.79830545	0.35682967
1663081889738	8.994321	-0.77677006	0.75912297
1663081889755	9.157332	-0.30508488	1.2116655
1663081889767	9.399008	0.36400816	1.5239289
1663081889776	9.58804	0.79112697	1.6292131
1663081889786	9.646963	1.0725827	1.5873387
1663081889826	9.810872	1.5311074	1.4557334
1663081889837	9.892228	1.9716859	0.9936196
1663081889847	10.022636	2.2002003	0.8033902
1663081889916	10.448858	2.2384856	0.95413804
1663081889930	11.496316	2.2241287	0.47048876
1663081889940	12.235998	2.716153	-0.08733802
1663081889950	11.912967	3.3529427	-0.5697909
1663081890014	11.331212	3.3553355	-0.062213387
1663081890025	10.818849	2.43709	0.68853474
1663081890035	10.089636	0.8979067	0.6693921
1663081890044	9.524631	-0.3592225	0.21924238
1663081890053	9.29133	-1.0953146	-0.21415763
1663081890118	8.953643	-1.6004993	-0.49292147
1663081890130	8.452047	-1.9642082	-0.52911294
1663081890138	8.325228	-2.0590239	-0.57816577
1663081890149	8.774181	-1.9151554	-0.5279165
1663081890156	9.584451	-1.2604194	-0.23449662
1663081890239	10.587642	-0.1698904	0.16540386
1663081890249	11.414961	1.0989038	0.90508515
1663081890256	11.3683	1.8948164	1.2690933
1663081890266	10.22154	1.8948164	0.6765706
1663081890275	8.890233	1.3564314	-0.4956134
1663081890285	7.984251	0.663111	-1.6842481
1663081890296	7.400103	-0.11006984	-2.120938
1663081890305	7.4419775	-0.57816577	-1.2520444
1663081890326	8.119446	-0.59611195	0.42741793
1663081890334	8.928518	-0.23449662	1.6004993
1663081890340	9.537791	0.3580261	1.7380866
1663081890409	9.734302	0.8213364	1.4258232
1663081890419	9.916156	1.0534402	1.1551352
1663081890429	9.932906	1.11685	1.0055838
1663081890436	10.115957	1.0067801	1.0941181
1663081890444	10.59482	0.72771716	1.5059828
1663081890513	10.896615	0.28743783	2.1966112
1663081890525	11.015059	-0.4645067	3.0646076
1663081890534	11.54178	-1.6399808	2.8537402
1663081890544	12.43849	-2.292324	1.4784653
1663081890554	12.568899	-1.9642082	2.120041
1663081890586	11.534601	-1.0342976	1.468894
1663081890595	10.198809	-0.34486556	-0.5913263
1663081890605	9.489935	0.033499517	-1.1132607
1663081890615	9.3104725	0.8572287	-1.0519446
1663081890626	8.933304	1.9127626	-1.1455638
1663081890717	8.402995	2.2791636	-1.4638093
1663081890728	8.133802	1.9932213	-1.9319052
1663081890738	8.337193	1.7368901	-1.5894325
1663081890746	9.29133	1.6016957	-0.663111
1663081890756	10.44168	1.3923237	0.5267201
1663081890765	11.483156	1.1347961	1.4605191
1663081890776	11.404193	0.70259255	0.90149593
1663081890785	10.17488	0.41904306	-0.32422748
1663081890794	8.818449	0.7001997	-1.0989038
1663081890836	8.109874	1.3226327	-1.3441681
1663081890844	8.162517	2.181058	-0.8772686
1663081890911	8.285747	2.5462625	0.08644072
1663081890918	8.442476	2.4047868	0.82013994
1663081890925	8.618649	1.8517456	0.9637093
1663081890931	8.759825	1.3214363	0.5087739
1663081890937	8.897412	0.90149593	0.2515455
1663081890965	9.109476	0.5458627	0.631107
1663081890973	9.470792	0.3699902	1.2667005
1663081891007	9.797711	0.35324043	1.7551354
1663081891014	9.955638	0.41665024	1.4700904
1663081891029	9.904192	0.6008976	0.8356933
1663081891035	10.142278	1.2616158	1.0031909
1663081891113	10.713265	2.1631117	1.6722839
1663081891121	11.891431	2.841776	1.6674982
1663081891128	12.693326	3.185445	0.8560323
1663081891134	12.173784	3.0921252	-0.5422734
1663081891169	11.411371	2.4430718	-1.2269198
1663081891176	10.586446	1.0103694	-1.4494523
1663081891234	9.734302	-0.32542387	-1.0869397
1663081891240	9.23151	-0.97806627	-0.6164509
1663081891246	8.729915	-1.495215	-0.61046886
1663081891252	8.319246	-1.8625133	-1.1252248
1663081891259	8.431708	-1.7763717	-1.4303098
1663081891264	9.253045	-1.1156535	-1.0713863
1663081891313	10.288539	-0.083748795	-0.37208393
1663081891320	11.149058	1.0833504	0.35563326
1663081891326	11.149058	1.6555341	0.8009974
1663081891359	10.192826	1.4557334	0.76630145
1663081891365	9.030213	0.87996054	0.11156536
1663081891436	8.284551	0.2335993	-0.71336025
1663081891442	7.947162	-0.35324043	-1.1575279
1663081891448	7.79133	-0.76959157	-0.9203394
1663081891508	7.9818583	-0.7636095	0.051445685
1663081891517	8.472686	-0.42502514	0.8392825
1663081891524	8.98475	-0.08733802	1.1515459
1663081891529	9.518648	0.4872385	0.93260264
1663081891535	9.670892	0.91585284	0.10797612
1663081891543	9.487542	0.8321041	-0.35533416
1663081891549	9.969995	0.8596215	0.9349955
1663081891652	10.763814	0.97806627	2.3129623
1663081891660	11.048559	0.8703892	2.8322048
1663081891669	10.85833	0.22851457	3.409174
1663081891676	10.876276	-0.70378894	4.0965123
1663081891703	11.114362	-1.4099708	2.9772696
1663081891715	11.73201	-1.5753746	0.46331027
1663081891724	11.990733	-1.4482559	1.0055838
1663081891735	11.73201	-1.3824533	1.7611175
1663081891749	11.0449705	-0.7073782	0.45852464
1663081891759	10.289736	0.104087785	-0.011964113
1663081891778	9.399008	0.7325028	-0.43669012
1663081891857	8.554042	1.3010973	-1.6208383
1663081891868	7.8834534	1.4844474	-2.3042881
1663081891877	7.7123666	1.2137593	-2.3904297
1663081891917	8.278568	1.0091729	-1.8684953
1663081891928	9.559326	1.1036894	-0.98853487
1663081891938	10.9684	1.3334004	0.39750767
1663081891947	11.818151	1.3959129	1.6280167
1663081891957	11.575279	0.90149593	1.3253247
1663081892012	10.253843	0.46809593	0.27786654
1663081892025	8.897412	0.8225328	-0.5267201
1663081892035	8.152945	1.4928222	-0.8676973
1663081892046	8.012965	1.9920249	-0.8425727
1663081892056	8.20798	2.2037897	-0.43070808
1663081892066	8.546864	2.0817556	0.1378864
1663081892105	8.849555	1.7356937	0.54466623
1663081892117	8.842377	1.2269198	0.65024954
1663081892128	8.836395	0.76719874	0.46809593
1663081892137	8.922537	0.50039905	0.5673981
1663081892267	9.396614	0.5063811	1.2355938
1663081892275	10.00828	0.61405814	2.1140587
1663081892285	10.371092	0.82013994	2.12363
1663081892294	10.28495	1.1754742	1.2379866
1663081892305	10.094421	1.5335002	0.81655073
1663081892318	10.051351	1.7883358	0.9828519
1663081892328	10.587642	2.0015962	1.0522437
1663081892337	11.737991	2.4179473	0.9840483
1663081892346	12.094821	2.8932216	0.7088737
1663081892358	12.02184	3.0705895	0.2431706
1663081892367	11.303694	1.7368901	-0.4881358
1663081892463	10.213165	-0.09212367	-1.3513466
1663081892475	9.504292	-1.0594223	-1.6603198
1663081892484	9.15135	-1.183849	-0.93589276
1663081892496	8.679665	-1.3190435	-0.28115666
1663081892504	8.316854	-1.4904294	-0.32063824
1663081892512	8.525328	-1.1694921	-0.18783657
1663081892517	9.276974	-0.37238303	0.35324043
1663081892523	10.368699	0.6200402	0.61884373
1663081892527	11.156237	1.3707882	-0.013160525
1663081892532	10.899008	1.2927225	-0.16510476
1663081892592	9.85155	0.7253244	0.2228316
1663081892605	8.950054	0.02632105	0.14626129
1663081892614	8.432905	-0.6619146	-0.13040884
1663081892622	8.362317	-1.0606186	-0.33140594
1663081892652	8.503793	-0.94695956	-0.40558344
1663081892661	8.818449	-0.32422748	0.23599213
1663081892703	9.196814	0.67148584	1.2260225
1663081892715	9.379865	1.4820545	1.462912
1663081892726	9.211171	1.7536399	0.631107
1663081892736	8.878269	1.6088741	-0.25722843
1663081892756	8.752646	1.0737791	-0.2727818
1663081892765	9.077172	0.5195416	0.3472584
1663081892776	9.5868435	0.09930214	1.2391831
1663081892858	10.186844	-0.09810573	2.2277179
1663081892869	10.747064	-0.019142581	3.214159
1663081892878	11.137094	0.30059835	3.5985062
1663081892887	10.966007	0.95653087	2.9521449
1663081892894	10.28495	1.3154542	1.623231
1663081892916	9.794122	1.1850454	0.6729814
1663081892927	10.981561	0.4429713	0.30418757
1663081892938	12.305389	-0.89431745	1.9992033
1663081893012	12.793824	-1.6160526	1.9728823
1663081893023	12.02543	-0.98524475	0.95054877
1663081893032	10.299307	-0.99601245	0.5159524
1663081893041	8.8746805	-1.0654043	-1.1958131
1663081893062	7.776973	-0.5303093	-1.8696918
1663081893071	7.2502527	0.15314065	-1.8780667
1663081893080	7.520941	0.33888352	-1.9438694
1663081893115	8.666505	0.45014977	-1.5332011
1663081893125	10.3543415	0.67028946	-0.14117654
1663081893137	11.808579	1.0594223	1.3588241
1663081893261	12.074482	1.1312069	1.5789639
1663081893269	10.95165	0.8428718	0.6646065
1663081893277	9.655338	1.0127622	-0.28953153
1663081893287	9.0015	1.9944177	-0.8437691
1663081893294	8.767003	2.9673991	-0.85812604
1663081893303	8.708379	3.3050864	-0.56380886
1663081893312	8.554042	3.0092735	-0.106480606
1663081893322	8.5779705	2.3581266	0.4322036
1663081893331	8.855537	1.6471593	0.8775677
1663081893340	9.18485	1.0319048	0.9637093
1663081893370	9.47797	0.45852464	0.7040881
1663081893381	9.427721	0.0011964113	0.53389853
1663081893391	9.202796	-0.20817557	0.7423732
1663081893484	9.212367	-0.11246266	1.2894323
1663081893494	9.507881	0.11964113	1.7297117
1663081893503	9.965209	0.74566334	1.753939
1663081893511	10.263414	1.5646069	1.5981064
1663081893521	10.263414	2.461018	1.8711873
1663081893529	10.149456	3.086143	2.2492533
1663081893537	10.694122	2.876472	1.2080764
1663081893547	11.341979	2.2241287	-0.40079778
1663081893575	11.178968	2.0255244	-1.9223338
1663081893585	11.832508	2.172683	-1.9713868
1663081893665	11.636296	1.346561	-0.61405814
1663081893675	10.616356	-0.0741775	-0.3278167
1663081893684	9.4229355	-1.0642079	-0.6667002
1663081893694	8.711968	-1.3896317	-0.5554339
1663081893703	8.496614	-1.5023935	-0.41156548
1663081893711	8.733503	-1.3836497	-0.37447673
1663081893721	9.517452	-0.79950184	-0.46899325
1663081893728	10.172487	-0.15672988	-0.6308079
1663081893768	10.3028965	0.36041892	-0.32662028
1663081893779	9.942477	0.6044868	0.5063811
1663081893788	9.3104725	0.74207413	0.74476606
1663081893812	8.615059	0.41904306	0.33050862
1663081893823	8.322835	-0.20458634	-0.061016977
1663081893876	8.521739	-0.79950184	0.07208378
1663081893885	8.965608	-0.7540382	0.948156
1663081893892	9.359526	-0.47527438	1.4772689
1663081893914	9.52822	-0.3580261	1.6100706
1663081893923	9.69482	-0.124426775	1.5526428
1663081893933	9.59163	0.44057846	0.6681957
1663081894020	9.169296	0.8129615	-0.11246266
1663081894030	8.993125	0.7851449	0.09960124
1663081894040	9.3200445	0.92662054	0.67776704
1663081894050	9.69482	1.1503495	1.1264212
1663081894057	9.901799	1.0749756	1.2619148
1663081894066	9.932906	0.6308079	1.4006985
1663081894076	9.841979	-0.0035892338	1.4413766
1663081894094	9.784551	-0.39032918	1.3444673
1663081894104	10.083653	-0.49322057	1.8376877
1663081894114	10.890634	-0.5099703	2.6048865
1663081894269	11.790633	-0.8066803	2.0267208
1663081894288	12.096018	-1.3417753	2.1212373
1663081894301	11.807384	-1.5155541	1.6268203
1663081894312	11.003096	-0.9086744	0.3173481
1663081894317	10.237094	-0.41545382	0.0035892338
1663081894323	10.123136	0.24915266	0.2431706
1663081894329	10.183255	1.0175478	0.47527438
1663081894336	9.703195	1.3345969	-0.37567315
1663081894343	8.866305	1.4665012	-1.9893329
1663081894352	8.338388	1.6746768	-2.5256243
1663081894475	8.522935	1.7237296	-1.7321045
1663081894488	9.467203	1.5586249	-0.28235307
1663081894498	10.512268	1.2065809	0.698106
1663081894508	11.086844	0.85842514	0.9529416
1663081894516	11.285748	0.62961143	0.46091747
1663081894526	10.360324	0.36520454	-0.49172506
1663081894536	9.0015	0.63559353	-1.2125629
1663081894546	8.162517	1.3058829	-1.3142579
1663081894556	7.8032937	1.8984057	-1.0088738
1663081894567	7.8140616	2.1619153	-0.5063811
1663081894577	8.158927	2.0614166	0.14147563
1663081894677	8.647362	1.5993029	0.7962117
1663081894688	9.269794	1.0857433	1.183849
1663081894699	9.70798	0.5195416	0.8847462
1663081894707	9.919745	0.008374879	0.36400816
1663081894718	9.925728	-0.19262223	0.2958127
1663081894728	9.701999	0.04426722	0.8751749
1663081894737	9.59163	0.49441698	1.4054842
1663081894746	9.730712	0.8392825	1.6124634
1663081894754	10.036994	1.4880366	1.9992033
1663081894762	10.482358	2.1475582	2.5953152
1663081894772	11.574083	2.400001	2.0805593
1663081894783	12.349657	2.2025933	0.40707895
1663081894791	11.294123	1.7883358	-1.4709877
1663081894811	10.769795	1.6471593	-2.0144575
1663081894820	10.714461	1.055833	-0.9705887
1663081894877	10.457233	0.23479572	-0.04546363
1663081894885	9.8886385	-0.3999005	-0.16390835
1663081894894	9.322437	-1.0259227	-0.40917268
1663081894915	8.763413	-1.7404794	-0.87367934
1663081894927	8.5014	-1.9307088	-1.352543
1663081894936	8.816056	-1.4506488	-1.2173486
1663081895019	9.579665	-0.6762715	-0.46301118
1663081895030	10.355538	0.1902294	0.092422776
1663081895039	10.781759	0.8500503	0.6681957
1663081895049	10.365109	1.0187442	0.8847462
1663081895057	9.517452	0.846461	0.32213375
1663081895066	8.780164	0.30299118	-0.27038896
1663081895077	8.47149	-0.33529428	-0.72412795
1663081895086	8.606684	-0.6559325	-0.71216387
1663081895095	8.819645	-0.6559325	-0.30867413
1663081895125	9.015857	-0.34965122	0.13429718
1663081895270	9.059227	0.29102704	0.31615168
1663081895289	9.209974	1.076172	0.5099703
1663081895302	9.329616	1.3791631	0.907478
1663081895312	9.515059	1.0199406	1.3791631
1663081895319	9.55813	0.5626124	1.474876
1663081895329	9.424132	0.0011964113	0.7507481
1663081895335	9.37149	-0.6164509	0.45732823
1663081895340	9.808479	-0.81625164	1.2056835
1663081895347	10.176077	-0.7827521	1.9908284
1663081895353	10.405787	-0.6667002	2.577369
1663081895496	10.36152	-0.392722	2.6766713
1663081895506	10.088439	0.058624156	1.9848464
1663081895513	10.349556	0.38673997	0.98644114
1663081895523	11.46521	0.22492532	0.785444
1663081895531	12.2838545	-0.61884373	1.9441684
1663081895539	12.22523	-1.0462617	1.7225332
1663081895549	11.244771	-0.69302124	0.6260222
1663081895556	10.219148	-0.7480562	0.6681957
1663081895564	9.814461	-0.33409786	0.53270215
1663081895574	9.630214	0.4872385	-0.10767702
1663081895583	8.867501	1.0271192	-0.95742816
1663081895684	8.113463	1.1539388	-1.873281
1663081895696	7.912466	1.1647065	-2.1822543
1663081895707	8.417352	1.3334004	-1.3884354
1663081895714	9.509077	1.4593227	0.05383851
1663081895723	10.907383	1.2496517	1.0989038
1663081895734	11.936894	0.8668	1.7141583
1663081895745	12.036197	0.8333005	1.1730813
1663081895754	10.588839	1.1682956	0.092422776
1663081895764	8.978767	1.623231	-0.61405814
1663081895773	8.228319	2.1702902	-0.7432705
1663081895785	8.243873	2.5941188	-0.11485548
1663081895795	8.466405	2.5151558	0.95653087
1663081895806	8.745467	1.9202402	1.9860427
1663081895897	8.981161	1.0271192	2.2779672
1663081895905	9.053245	0.1471586	1.4126626
1663081895914	8.909376	-0.4872385	0.36400816
1663081895923	8.843574	-0.6858428	0.28743783
1663081895932	9.019445	-0.30269206	0.927817
1663081895941	9.335598	0.4728816	1.3839488
1663081895951	9.716355	1.1300105	1.5753746
1663081895960	9.859925	1.4258232	1.6304095
1663081896021	9.965209	1.4844474	1.6387844
1663081896033	9.937692	1.1934203	1.4114662
1663081896041	9.936495	0.87637126	0.92662054
1663081896051	10.142278	0.86919284	1.1359925
1663081896060	10.544571	1.0797613	1.2523435
1663081896098	11.3371935	1.5203397	0.74117684
1663081896105	11.37189	2.0398812	0.10797612
1663081896117	11.113166	2.6778677	-0.47736812
1663081896126	10.689337	2.844169	-0.5315057
1663081896135	10.167702	2.2085752	-0.32063824
1663081896264	9.620643	1.1778669	-0.01794617
1663081896275	9.489935	0.31615168	0.27188447
1663081896286	9.273384	-0.40588254	0.31016964
1663081896297	8.878269	-1.0773684	0.090029955
1663081896305	8.499007	-1.5490535	-0.7109674
1663081896315	8.695218	-1.2771691	-1.230509
1663081896327	9.471989	-0.2620141	-0.43788654
1663081896336	10.676176	1.0773684	0.7938189
1663081896346	11.599208	2.254039	1.2499508
1663081896357	11.479567	2.65035	0.8021938
1663081896500	10.316056	2.0697916	0.38673997
1663081896510	9.032606	1.0725827	-0.41635114
1663081896519	8.108678	-0.1052842	-1.1766706
1663081896530	7.8344007	-1.0833504	-1.3094722
1663081896539	7.986644	-1.6052849	-0.5925227
1663081896549	8.449655	-1.5717853	0.4429713
1663081896560	9.06162	-1.0211371	1.1312069
1663081896568	9.225528	-0.3278167	0.9625129
1663081896576	9.165708	0.37357944	0.3819543
1663081896585	8.994321	0.7926225	0.04546363
1663081896597	9.0544405	0.78394854	0.21326032
1663081896697	9.577272	0.7372885	0.84406817
1663081896709	10.207183	0.7253244	1.4617156
1663081896719	10.690534	0.3807579	1.8735801
1663081896729	10.760224	-0.12562318	2.003989
1663081896739	10.3232355	-0.29312077	1.5885352
1663081896748	9.992726	-0.27038896	1.4904294
1663081896755	10.377073	-0.19740787	2.567798
1663081896764	10.95165	-0.29312077	3.045465
1663081896774	11.602797	-1.1563315	1.4593227
1663081896784	12.14866	-1.6866409	0.86919284
1663081896796	12.02543	-1.8290138	1.1682956
1663081896806	10.919347	-1.1778669	0.39032918
1663081896816	9.556933	-0.21415763	-0.5721837
1663081896903	9.172886	0.8380861	-0.669093
1663081896917	9.433703	1.6663018	-0.8533404
1663081896934	9.394221	2.0781665	-1.3992031
1663081896949	8.689237	1.7691933	-2.1894326
1663081896964	8.351549	1.5227325	-2.6656044
1663081896979	8.368299	1.346561	-2.204986
1663081896990	8.62463	1.1539388	-0.7899306
1663081897001	9.783355	1.2568301	0.8979067
1663081897019	11.217254	1.4676976	1.8197416
1663081897028	11.916555	1.4294125	1.1587243
1663081897037	11.560923	1.2233306	-0.276371
1663081897047	10.161719	1.049851	-1.0483555
1663081897055	8.962018	1.2125629	-1.2699906
1663081897064	8.389834	1.5610176	-1.2927225
1663081897110	8.286943	1.8744774	-0.8425727
1663081897120	8.482257	2.0482562	-0.15672988
1663081897129	8.697611	1.879263	0.3376871
1663081897139	8.851949	1.3983058	0.56141603
1663081897270	9.007482	0.79860455	0.7148558
1663081897281	9.241081	0.392722	0.7830512
1663081897289	9.332008	0.16031912	0.58654064
1663081897301	9.327223	0.05623133	0.46929234
1663081897310	9.273384	0.015553347	0.5554339
1663081897319	9.416953	0.18903299	0.78065836
1663081897327	9.806087	0.59970117	0.9098708
1663081897335	10.226326	1.5179468	1.3492528
1663081897345	10.491929	2.504388	1.6818552
1663081897354	10.7889385	3.0355947	1.1001002
1663081897485	11.30848	3.144767	0.16540386
1663081897496	11.1478615	2.9506495	-0.97537434
1663081897506	10.855937	2.6850462	-1.2819548
1663081897516	10.736296	1.913959	-0.7516454
1663081897525	10.567303	0.47527438	-0.6966105
1663081897536	10.197612	-1.0187442	-1.2161521
1663081897545	9.730712	-1.8337995	-1.3345969
1663081897553	9.026625	-2.2025933	-1.3477573
1663081897560	8.442476	-2.251646	-1.3980067
1663081897565	8.729915	-1.8613169	-1.1742777
1663081897571	9.673285	-1.1108679	-0.72771716
1663081897687	10.578071	-0.05503492	-0.15194423
1663081897698	11.1682005	1.076172	0.5063811
1663081897708	10.92174	1.7476579	1.0283155
1663081897716	9.918549	1.6280167	0.78065836
1663081897723	8.818449	0.80817586	-0.18903299
1663081897732	8.252247	-0.15792629	-1.1156535
1663081897741	8.1230345	-0.90388876	-1.4973087
1663081897748	8.243873	-1.1347961	-0.9825528
1663081897757	8.749057	-0.71336025	0.13070793
1663081897765	9.262616	0.0526421	0.8344969
1663081897774	9.687641	0.8392825	1.1012967
1663081897784	9.850353	1.2795619	0.92303133
1663081897793	9.475577	1.2340983	0.051445685
1663081897890	8.98475	0.79860455	-0.7085746
1663081897900	9.107083	0.43938205	-0.021535404
1663081897909	9.865907	0.12323037	0.9876375
1663081897918	10.756635	0.010767702	1.8723837
1663081897926	11.111969	-0.22731815	2.478067
1663081897935	11.078469	-0.8844471	3.0610185
1663081897944	11.2017	-1.4087744	2.9605198
1663081898021	11.322837	-1.4183456	0.9936196
1663081898032	11.46521	-0.5877371	0.27786654
1663081898042	11.084452	-0.17347965	1.7718852
1663081898051	10.219148	0.19262223	1.0259227
1663081898059	9.44806	0.41306102	-1.1012967
1663081898068	9.227921	0.18783657	-1.1515459
1663081898077	9.716355	0.42622152	-0.28594232
1663081898089	9.840782	0.8285148	-0.31944183
1663081898098	9.631411	1.1060823	-1.224527
1663081898108	9.470792	1.2352947	-1.8481563
1663081898117	9.345169	1.1324034	-1.6351951
1663081898259	9.293723	1.0342976	-0.9705887
1663081898277	9.6122675	1.198206	0.041874398
1663081898289	10.232307	1.3743775	0.62751776
1663081898301	10.546964	1.2687942	0.2623132
1663081898313	10.473983	1.2053844	-0.19381863
1663081898326	9.873085	1.3429717	-0.5829514
1663081898338	9.242277	1.6603198	-0.831805
1663081898350	8.867501	1.9848464	-0.64995044
1663081898361	8.795717	2.1332014	-0.12801601
1663081898380	8.79452	2.0458634	0.48125646
1663081898393	8.904591	1.7715861	0.7531409
1663081898402	9.027821	1.4318053	0.7280163
1663081898408	9.2075815	1.1886346	0.6346962
1663081898413	9.375079	1.0295119	0.56141603
1663081898495	9.44806	0.85124665	0.44656053
1663081898505	9.303294	0.57577294	0.6550352
1663081898514	9.180064	0.36520454	1.0247263
1663081898523	9.274581	0.40947178	1.3277174
1663081898534	9.497113	0.63559353	1.2822539
1663081898543	9.645767	0.9098708	0.9302098
1663081898551	9.6015	1.0929217	0.5518447
1663081898688	9.505488	1.1814562	0.474078
1663081898706	9.507881	1.2795619	0.89072824
1663081898718	9.734302	1.2903296	1.2200404
1663081898726	10.605588	1.2317054	0.8811569
1663081898737	11.447264	1.4114662	0.2623132
1663081898750	11.742777	1.9980069	-0.28953153
1663081898760	11.660225	2.5570302	-0.30508488
1663081898771	11.290534	2.4023938	-0.58654064
1663081898784	10.167702	1.3576277	-0.55782676
1663081898796	9.393025	0.148355	-0.39720857
1663081898805	9.445667	-0.29790643	-0.05383851
1663081898817	9.245867	-0.29671	0.4668995
1663081898829	8.680861	-0.2883351	0.50398827
1663081898889	8.140981	-0.39511484	0.05742774
1663081898905	8.044071	-0.30987054	-0.41515473
1663081898919	8.76461	0.22731815	-0.38285163
1663081898932	10.031012	0.77318084	0.025124637
1663081898944	11.058131	1.0091729	0.42861435
1663081898956	11.751152	1.0522437	0.718445
1663081898966	11.557333	0.6774679	1.2619148
1663081899016	10.546964	0.27667013	0.95054877
1663081899022	9.329616	-0.14955142	-0.32422748
1663081899029	8.487042	-0.6774679	-1.3310076
1663081899037	8.25464	-0.750449	-1.4685949
1663081899044	8.56122	-0.2428715	-0.84735835
1663081899053	9.069994	0.41904306	0.085244305
1663081899092	9.452846	0.8979067	0.581755
1663081899104	9.684052	1.1347961	0.622433
1663081899114	9.721141	1.0019945	0.61405814
1663081899123	9.5760765	0.5925227	0.13310076
1663081899134	9.549755	0.1471586	-0.040677983
1663081899155	9.603892	-0.104087785	0.2958127
1663081899268	9.716355	-0.106480606	0.7256235
1663081899279	9.846765	0.02632105	1.198505
1663081899288	9.94487	0.069391854	1.6878372
1663081899297	10.089636	0.0849452	1.7440686
1663081899307	10.233504	0.09930214	1.3516457
1663081899315	10.767403	-0.02632105	0.28863424
1663081899323	11.24836	-0.12921242	-0.07298109
1663081899331	11.349157	-0.35204405	0.33529428
1663081899340	10.985149	0.3999005	-1.0435698
1663081899481	10.287343	1.4449657	-2.4239295
1663081899493	9.969995	1.8649062	-2.0347965
1663081899502	10.08485	2.2301106	-1.0483555
1663081899511	9.940084	2.3581266	-0.20697916
1663081899521	9.721141	2.248057	0.2970091
1663081899531	9.193225	1.8565313	0.049052864
1663081899538	8.526525	1.3731811	-0.62123656
1663081899545	8.1015	0.9661021	-1.0582259
1663081899556	8.17448	0.55304116	-1.2795619
1663081899566	8.830413	0.4764708	-1.2233306
1663081899576	9.953245	0.9098708	-0.8461619
1663081899688	10.836795	1.8744774	-0.64875406
1663081899699	10.824831	2.8908288	-0.7540382
1663081899709	10.099207	3.4630125	-0.85214394
1663081899721	9.1872425	3.6320057	-0.7049854
1663081899730	8.416156	3.3649068	-0.37806597
1663081899739	8.068	2.780759	-0.17228323
1663081899749	8.140981	1.9716859	-0.019142581
1663081899758	8.401798	1.1084751	0.20608185
1663081899767	8.79452	0.4441677	0.44536412
1663081899778	9.129815	0.14955142	0.37357944
1663081899787	9.035298	-0.1268196	0.30179477
1663081899798	8.935697	-0.21415763	0.2970091
1663081899808	9.190832	-0.07298109	0.29102704
1663081899817	10.065707	0.44895336	-0.17347965
1663081899828	11.534601	1.5849459	-1.0268201
1663081899886	12.38555	2.864508	-1.7739788
1663081899896	12.037394	3.6990047	-1.9642082
1663081899905	11.473584	3.4558342	-1.1850454
1663081899913	10.133903	2.053042	0.31136605
1663081899922	8.856734	0.75284183	0.8237292
1663081900020	8.321639	-0.24646074	0.6586244
1663081900032	8.206783	-1.1443675	0.019142581
1663081900041	8.539685	-1.462912	-0.8282157
1663081900050	9.649357	-0.6343971	-1.1048858
1663081900060	10.751849	0.53988063	-0.94307125
1663081900068	11.481959	1.2664014	-1.1575279
1663081900075	11.678171	1.468894	-0.31345975
1663081900090	11.10838	1.5921243	0.74835527
1663081900100	10.300504	1.5945172	0.45134616
1663081900109	9.626625	0.97926265	-0.74207413
1663081900116	9.169296	0.07298109	-1.9007984
1663081900260	8.843574	-0.7217351	-2.3078775
1663081900278	8.749057	-1.1994023	-1.4841483
1663081900290	9.005089	-1.3836497	-0.148355
1663081900300	9.457631	-0.9457632	0.5374878
1663081900310	9.729516	-0.20817557	0.3149553
1663081900324	10.070493	0.37357944	0.30418757
1663081900336	10.513465	0.6762715	0.95653087
1663081900345	10.753046	0.8703892	1.1889337
1663081900354	10.730314	1.0522437	0.0035892338
1663081900361	10.311271	0.92303133	-0.9550353
1663081900481	9.905389	0.53270215	-1.4877375
1663081900493	9.553345	0.5925227	-2.359323
1663081900504	9.412168	0.5877371	-2.489732
1663081900515	9.639785	0.7265208	-1.5870396
1663081900527	9.91496	1.035494	-0.71336025
1663081900538	9.831211	1.2293127	-0.41754755
1663081900545	9.722338	1.3094722	-0.23330021
1663081900556	9.794122	1.4306089	-0.4019942
1663081900565	9.77139	1.4904294	-0.59970117
1663081900575	9.568898	1.4509479	-0.6667002
1663081900584	9.30808	1.2556337	-0.79112697
1663081900691	9.23151	1.1790633	-0.81625164
1663081900704	9.275777	1.3034902	-0.5733801
1663081900715	9.318848	1.483251	-0.26919255
1663081900728	9.352347	1.5717853	-0.014356935
1663081900738	9.408579	1.6208383	0.117547415
1663081900747	9.401401	1.6136597	0.09960124
1663081900755	9.298509	1.5179468	0.0059820567
1663081900764	9.046066	1.3310076	-0.05383851
1663081900777	8.881859	1.2556337	-0.104087785
1663081900787	8.845966	1.3983058	0.0059820567
1663081900798	9.030213	1.6830516	0.19651055
1663081900807	9.303294	1.8948164	0.20368902
1663081900815	9.617053	1.9286151	-0.13519448
1663081900827	10.065707	1.9501505	-0.357727
1663081900889	10.81167	1.9657038	-0.25124636
1663081900900	10.987542	1.8122641	-0.22253251
1663081900910	10.56491	1.5729818	-0.33260235
1663081900920	9.852746	1.2317054	0.023928227
1663081900929	9.493524	1.049851	0.76510507
1663081900936	9.61825	0.7636095	1.0510473
1663081901021	9.873085	0.25034907	0.41784665
1663081901034	10.11835	-0.12203395	-0.2943172
1663081901045	10.145867	-0.18664017	-0.37567315
1663081901054	9.931709	-0.04426722	-0.3505485
1663081901065	9.80489	0.08135597	-0.20578274
1663081901075	9.802497	0.16031912	-0.0741775
1663081901091	9.831211	0.13758731	-0.31944183
1663081901101	9.9089775	0.14117654	-0.5662017
1663081901113	9.9807625	0.2009971	-0.48933223
1663081901123	9.979566	0.23479572	-0.17587246
1663081901133	9.907782	0.2009971	0.11395818
1663081901263	9.764212	0.021535404	0.15583257
1663081901277	9.6326065	-0.13399807	-0.07178468
1663081901288	9.666106	-0.16510476	-0.35533416
1663081901298	9.693624	-0.13280165	-0.4426722
1663081901307	9.734302	-0.059820566	-0.37088752
1663081901317	9.721141	-0.034695927	-0.19262223
1663081901328	9.58804	-0.11844472	-0.076570325
1663081901338	9.501899	-0.2632105	-0.13519448
1663081901348	9.636196	-0.25124636	-0.29312077
1663081901357	9.749855	-0.039481573	-0.38524446
1663081901366	9.658928	0.21296121	-0.55782676
1663081901481	9.397811	0.16630118	-0.5662017
1663081901492	9.275777	0.023928227	-0.106480606
1663081901502	9.54497	-0.08255238	0.6236294
1663081901511	10.129117	0.07178468	0.8979067
1663081901521	10.451251	0.39870408	0.29341987
1663081901529	10.274182	0.5673981	-0.68225354
1663081901540	10.172487	0.42981076	-0.59611195
1663081901550	10.20838	0.4022933	-0.13758731
1663081901560	9.722338	0.37836507	0.07686943
1663081901569	9.361918	0.40707895	0.86919284
1663081901601	9.640982	0.73848486	1.6244274
1663081901610	9.904192	0.14955142	0.90149593
1663081901616	9.981958	0.4022933	0.48125646
1663081901686	9.858728	0.7325028	0.6260222
1663081901695	9.900602	0.70378894	0.41545382
1663081901704	10.060922	0.7109674	0.61046886
1663081901713	10.4464655	0.8632108	0.92662054
1663081901723	10.227522	0.99960166	0.7435696
1663081901731	9.742677	0.9026923	0.5985048
1663081901740	9.378669	0.9302098	0.7112665
1663081901750	9.492328	1.1335998	0.76630145
1663081901766	9.567701	1.0223335	0.82731843
1663081901775	9.518648	0.9242278	0.54466623
