Timestamp 	 X 	 Y 	 Z 
1663667075983	9.189635	1.4724833	-2.440679
1663667075986	9.44806	1.3238292	-1.4231312
1663667076009	9.32124	1.3190435	-2.4717858
1663667076014	9.141779	1.4581263	-3.470191
1663667076036	9.038888	1.6543378	-3.6233318
1663667076074	9.005089	1.730908	-3.3000016
1663667076087	9.05803	1.6495521	-3.1253254
1663667076100	9.05803	1.6495521	-3.1253254
1663667076160	9.211171	1.4509479	-3.0894332
1663667076166	9.183653	1.5394822	-3.0894332
1663667076203	9.102298	1.5837495	-3.1360931
1663667076209	9.044869	1.5586249	-3.2246277
1663667076214	9.071191	1.5287145	-3.2210383
1663667076281	9.123833	1.4856437	-3.1827533
1663667076289	9.15494	1.483251	-3.1719856
1663667076297	9.177671	1.5203397	-3.185146
1663667076304	9.233903	1.5418751	-3.0870404
1663667076332	9.211171	1.5382859	-3.0296125
1663667076341	9.147761	1.5083755	-3.1229327
1663667076363	9.090333	1.5191432	-3.2162528
1663667076403	9.075976	1.5215361	-3.223431
1663667076407	9.111869	1.5299109	-3.1372895
1663667076412	9.18485	1.5586249	-3.024827
1663667076501	9.192028	1.5502499	-3.0499516
1663667076509	9.177671	1.5155541	-3.1516466
1663667076517	9.156136	1.4784653	-3.1887352
1663667076524	9.116654	1.4736797	-3.1671999
1663667076557	9.12144	1.4653047	-3.1289146
1663667076563	9.1465645	1.4712868	-3.0870404
1663667076570	9.177671	1.5071791	-3.077469
1663667076577	9.1669035	1.5287145	-3.0858438
1663667076587	9.150154	1.5263218	-3.1289146
1663667076606	9.12144	1.4904294	-3.1504502
1663667076618	9.098708	1.4676976	-3.164807
1663667076649	9.099904	1.5167505	-3.1779675
1663667076653	9.12503	1.582553	-3.132504
1663667076687	9.159725	1.611267	-3.0822546
1663667076693	9.127422	1.5299109	-3.0762727
1663667076703	9.114262	1.4569299	-3.1109686
1663667076743	9.122637	1.468894	-3.1779675
1663667076752	9.159725	1.50359	-3.1683962
1663667076825	9.174082	1.5394822	-3.1073792
1663667076838	9.156136	1.5370895	-3.0990045
1663667076851	9.15494	1.5586249	-3.124129
1663667076862	9.159725	1.5454643	-3.1145577
1663667076871	9.115458	1.5358931	-3.1289146
1663667076881	9.09153	1.5323038	-3.1576285
1663667076891	9.131011	1.5370895	-3.1372895
1663667076961	9.157332	1.5430715	-3.0978081
1663667076973	9.159725	1.5287145	-3.1073792
1663667076983	9.116654	1.4928222	-3.193521
1663667077047	9.092726	1.4784653	-3.1875389
1663667077060	9.111869	1.489233	-3.1420753
1663667077072	9.158528	1.4964114	-3.1025937
1663667077080	9.195618	1.50359	-3.0559337
1663667077089	9.176475	1.5167505	-3.100201
1663667077095	9.140582	1.4904294	-3.1552358
1663667077107	9.109476	1.4593227	-3.161218
1663667077115	9.113065	1.4222339	-3.1061828
1663667077144	9.152547	1.4090735	-3.0762727
1663667077157	9.171689	1.4018949	-3.1013973
1663667077168	9.159725	1.4030914	-3.1229327
1663667077256	9.176475	1.4377873	-3.124129
1663667077270	9.183653	1.407877	-3.1420753
1663667077281	9.177671	1.4102699	-3.0786655
1663667077290	9.189635	1.4090735	-3.012863
1663667077301	9.174082	1.4102699	-3.0284162
1663667077313	9.178867	1.3743775	-3.0894332
1663667077326	9.193225	1.3310076	-3.1169505
1663667077335	9.229117	1.3501502	-3.091826
1663667077348	9.219545	1.3540385	-3.1025937
1663667077361	9.200403	1.352543	-3.1624143
1663667077457	9.201599	1.3441681	-3.1289146
1663667077470	9.178867	1.346561	-3.0535407
1663667077481	9.140582	1.355235	-3.0690942
1663667077491	9.12144	1.3357933	-3.1301112
1663667077503	9.162118	1.3202399	-3.1229327
1663667077513	9.201599	1.332204	-3.1025937
1663667077525	9.176475	1.346561	-3.118147
1663667077537	9.1872425	1.3827524	-3.144468
1663667077550	9.18485	1.3863416	-3.1337004
1663667077556	9.206385	1.3719847	-3.1193435
1663667077578	9.1681	1.3648062	-3.1600213
1663667077585	9.127422	1.3477573	-3.2246277
1663667077656	9.099904	1.3791631	-3.2126634
1663667077671	9.109476	1.4198412	-3.1396823
1663667077685	9.079565	1.4389837	-3.0846474
1663667077696	9.066405	1.4389837	-3.1169505
1663667077722	9.072387	1.4258232	-3.1755748
1663667077734	9.115458	1.4353945	-3.2162528
1663667077747	9.160921	1.4054842	-3.2174492
1663667077757	9.190832	1.3983058	-3.191128
1663667077767	9.178867	1.3947165	-3.1600213
1663667077821	9.136993	1.3995022	-3.170789
1663667077832	9.103494	1.4042878	-3.140879
1663667077844	9.0951185	1.3947165	-3.138486
1663667077856	9.089137	1.3755739	-3.158825
1663667077869	9.114262	1.4054842	-3.203092
1663667077880	9.156136	1.4198412	-3.2210383
1663667077925	9.189635	1.3995022	-3.2078779
1663667077936	9.175279	1.3923237	-3.185146
1663667077960	9.107083	1.3875381	-3.2294133
1663667077974	9.047262	1.4090735	-3.2820554
1663667078056	9.066405	1.4449657	-3.3062828
1663667078070	9.114262	1.4665012	-3.2473595
1663667078084	9.153743	1.434198	-3.1636107
1663667078096	9.152547	1.4413766	-3.1468608
1663667078108	9.1465645	1.474876	-3.1827533
1663667078120	9.150154	1.5131612	-3.1839497
1663667078130	9.177671	1.5323038	-3.179164
1663667078140	9.145369	1.556232	-3.1875389
1663667078153	9.071191	1.5538392	-3.240181
1663667078165	9.042477	1.5646069	-3.2844481
1663667078257	9.053245	1.582553	-3.2880373
1663667078272	9.115458	1.5873387	-3.2377882
1663667078284	9.108279	1.5777674	-3.2557342
1663667078297	9.0951185	1.5801603	-3.2796626
1663667078307	9.084352	1.5837495	-3.2413774
1663667078319	9.096315	1.5933207	-3.179164
1663667078332	9.089137	1.590928	-3.1755748
1663667078345	9.066405	1.5861423	-3.2210383
1663667078358	9.038888	1.5693926	-3.3000016
1663667078371	9.044869	1.5993029	-3.330211
1663667078381	9.084352	1.6304095	-3.2916267
1663667078457	9.111869	1.6651055	-3.219842
1663667078472	9.136993	1.6686947	-3.1839497
1663667078484	9.12503	1.6842481	-3.1839497
1663667078495	9.085547	1.6734804	-3.2090743
1663667078508	9.050852	1.6674982	-3.2425737
1663667078522	9.032606	1.6567305	-3.266502
1663667078534	9.030213	1.6698911	-3.2748768
1663667078552	9.029017	1.698605	-3.26052
1663667078559	9.052048	1.7069799	-3.2018957
1663667078566	9.073584	1.6878372	-3.158825
1663667078572	9.0747795	1.6794624	-3.203092
1663667078579	9.041281	1.6830516	-3.2712877
1663667078655	9.037691	1.6615162	-3.2916267
1663667078666	9.0544405	1.6770695	-3.2377882
1663667078675	9.072387	1.6974086	-3.1743784
1663667078687	9.079565	1.7009978	-3.1636107
1663667078726	9.055637	1.6878372	-3.1779675
1663667078741	9.044869	1.6663018	-3.1839497
1663667078753	9.075976	1.6962122	-3.1576285
1663667078764	9.0951185	1.7021942	-3.1660035
1663667078776	9.069994	1.6734804	-3.2222347
1663667078823	9.055637	1.6782659	-3.2306097
1663667078836	9.077172	1.6854445	-3.1827533
1663667078848	9.132208	1.6890336	-3.1253254
1663667078858	9.136993	1.6483557	-3.1133614
1663667078871	9.122637	1.6411772	-3.193521
1663667078880	9.101101	1.6292131	-3.240181
1663667078924	9.069994	1.6052849	-3.2760732
1663667078935	9.048459	1.617249	-3.2904303
1663667078963	9.0747795	1.6854445	-3.2473595
1663667078972	9.086744	1.6962122	-3.1827533
1663667079057	9.05803	1.6902301	-3.1456645
1663667079071	9.049655	1.6471593	-3.170789
1663667079083	9.064013	1.6411772	-3.2138598
1663667079094	9.092726	1.6304095	-3.248556
1663667079105	9.096315	1.6148561	-3.2760732
1663667079117	9.068798	1.6387844	-3.2425737
1663667079128	9.062816	1.6926229	-3.1971102
1663667079138	9.083155	1.7117655	-3.1480572
1663667079150	9.092726	1.6950158	-3.1456645
1663667079161	9.090333	1.6722839	-3.1959138
1663667079255	9.075976	1.6615162	-3.2413774
1663667079269	9.092726	1.6651055	-3.2150564
1663667079282	9.109476	1.6878372	-3.1815567
1663667079294	9.101101	1.6639091	-3.1779675
1663667079304	9.098708	1.6459628	-3.193521
1663667079316	9.050852	1.6495521	-3.225824
1663667079325	9.068798	1.6663018	-3.2377882
1663667079336	9.081959	1.6818552	-3.2018957
1663667079346	9.09153	1.6710875	-3.1899316
1663667079356	9.092726	1.6423737	-3.1887352
1663667079367	9.092726	1.6483557	-3.1875389
1663667079457	9.097511	1.6459628	-3.2018957
1663667079470	9.071191	1.625624	-3.2162528
1663667079481	9.06162	1.6268203	-3.248556
1663667079492	9.066405	1.6447664	-3.2581272
1663667079504	9.052048	1.6639091	-3.2509487
1663667079515	9.01466	1.6471593	-3.2425737
1663667079527	9.027821	1.6411772	-3.2246277
1663667079530	9.083155	1.6543378	-3.2006993
1663667079536	9.097511	1.6519449	-3.2126634
1663667079547	9.102298	1.625624	-3.219842
1663667079566	9.101101	1.6280167	-3.2138598
1663667079573	9.062816	1.6076777	-3.2306097
1663667079655	9.06162	1.625624	-3.2425737
1663667079669	9.073584	1.657927	-3.2389846
1663667079682	9.096315	1.6531414	-3.2210383
1663667079692	9.093923	1.6339988	-3.2018957
1663667079741	9.073584	1.617249	-3.2210383
1663667079748	9.056833	1.6160526	-3.2653055
1663667079753	9.052048	1.6280167	-3.2916267
1663667079757	9.062816	1.6268203	-3.266502
1663667079823	9.068798	1.6136597	-3.2449665
1663667079836	9.064013	1.6040884	-3.2377882
1663667079847	9.084352	1.5729818	-3.2138598
1663667079859	9.097511	1.5610176	-3.2270205
1663667079872	9.089137	1.5287145	-3.2449665
1663667079884	9.098708	1.5454643	-3.2712877
1663667079894	9.077172	1.556232	-3.2784662
1663667079947	9.053245	1.590928	-3.2856445
1663667079960	9.052048	1.6064813	-3.2629128
1663667079970	9.078369	1.5777674	-3.2306097
1663667079981	9.127422	1.5394822	-3.205485
1663667080058	9.123833	1.5418751	-3.2389846
1663667080070	9.085547	1.5466608	-3.268895
1663667080080	9.08794	1.5658033	-3.2820554
1663667080090	9.08794	1.5813566	-3.2557342
1663667080102	9.083155	1.5921243	-3.26052
1663667080112	9.069994	1.6004993	-3.272484
1663667080123	9.079565	1.6088741	-3.2533414
1663667080136	9.097511	1.611267	-3.2449665
1663667080148	9.102298	1.6268203	-3.268895
1663667080160	9.085547	1.623231	-3.2964122
1663667080256	9.046066	1.6160526	-3.2964122
1663667080268	9.042477	1.6220347	-3.330211
1663667080280	9.015857	1.637588	-3.3565319
1663667080291	9.026625	1.6483557	-3.3266218
1663667080301	9.03141	1.6615162	-3.301497
1663667080312	9.021839	1.6651055	-3.3170505
1663667080324	9.026625	1.6280167	-3.3086755
1663667080337	9.052048	1.6208383	-3.252145
1663667080350	9.0747795	1.5873387	-3.2330024
1663667080361	9.093923	1.5693926	-3.248556
1663667080372	9.075976	1.5693926	-3.2748768
1663667080457	9.078369	1.5957136	-3.3086755
1663667080470	9.062816	1.6328024	-3.292823
1663667080482	9.080762	1.6304095	-3.231806
1663667080493	9.0951185	1.637588	-3.211467
1663667080504	9.089137	1.6363916	-3.2353954
1663667080513	9.075976	1.611267	-3.252145
1663667080538	9.085547	1.6040884	-3.2461631
1663667080550	9.072387	1.6004993	-3.2569308
1663667080555	9.065208	1.6196418	-3.2796626
1663667080560	9.060423	1.6280167	-3.2880373
1663667080566	9.055637	1.631606	-3.2653055
1663667080573	9.062816	1.6196418	-3.231806
1663667080657	9.102298	1.625624	-3.2174492
1663667080670	9.123833	1.6351951	-3.2581272
1663667080683	9.107083	1.6280167	-3.2700913
1663667080694	9.081959	1.6280167	-3.2593236
1663667080745	9.037691	1.6328024	-3.2964122
1663667080757	9.013464	1.6399808	-3.3409786
1663667080766	9.025428	1.6459628	-3.336193
1663667080777	9.036494	1.6471593	-3.2856445
1663667080821	9.036494	1.6220347	-3.2557342
1663667080835	9.029017	1.6196418	-3.2832518
1663667080846	9.053245	1.6339988	-3.2916267
1663667080857	9.052048	1.6543378	-3.2772696
1663667080870	9.081959	1.6507485	-3.289234
1663667080879	9.069994	1.6483557	-3.280859
1663667080892	9.055637	1.6280167	-3.3110683
1663667080979	9.0436735	1.6124634	-3.3278182
1663667080992	9.049655	1.6124634	-3.3170505
1663667081000	9.072387	1.625624	-3.2940195
1663667081008	9.071191	1.6148561	-3.2940195
1663667081053	9.053245	1.6519449	-3.3122647
1663667081063	9.025428	1.6734804	-3.3338
1663667081071	9.015857	1.6591234	-3.3182468
1663667081076	9.030213	1.6064813	-3.2365918
1663667081080	9.0544405	1.5885352	-3.2353954
1663667081084	9.065208	1.6196418	-3.3242288
1663667081088	9.09153	1.6543378	-3.3852458
1663667081140	9.073584	1.6519449	-3.3756745
1663667081149	9.05803	1.6974086	-3.3732817
1663667081156	9.047262	1.7129619	-3.3493536
1663667081164	9.01466	1.6938193	-3.3433714
1663667081252	9.006286	1.6591234	-3.3469608
1663667081264	9.013464	1.6758732	-3.3230324
1663667081276	8.999106	1.7033906	-3.3110683
1663667081285	8.994321	1.7129619	-3.3385859
1663667081295	9.012267	1.7201403	-3.3768709
1663667081318	9.019445	1.7177476	-3.4007993
1663667081327	9.0015	1.730908	-3.4007993
1663667081332	8.963215	1.7344973	-3.3409786
1663667081337	8.939286	1.7440686	-3.2976086
1663667081352	8.93809	1.8206389	-3.2916267
1663667081457	8.975179	1.901995	-3.2533414
1663667081469	9.023035	1.9286151	-3.2820554
1663667081480	8.996714	1.9597218	-3.35055
1663667081489	9.035298	2.1487548	-3.3373895
1663667081502	9.098708	2.400001	-3.2150564
1663667081513	9.103494	2.5749762	-3.05713
1663667081550	9.026625	2.600101	-2.9997022
1663667081558	8.982357	2.6312077	-3.042773
1663667081564	9.060423	2.6156542	-3.1576285
1663667081572	9.111869	2.6072793	-3.170789
1663667081580	9.093923	2.5941188	-3.1767712
1663667081655	8.9775715	2.5546372	-3.1636107
1663667081669	8.818449	2.359323	-2.9853454
1663667081679	8.586345	2.0087745	-2.7182465
1663667081686	8.416156	1.7979071	-2.7939196
1663667081693	8.488239	1.8493528	-3.2473595
1663667081750	8.867501	1.9262222	-3.2772696
1663667081762	9.292527	2.024328	-2.6488547
1663667081775	9.434899	2.0494525	-2.568695
1663667081786	9.359526	2.158326	-3.2653055
1663667081820	9.281759	2.5438695	-3.807579
1663667081825	9.296116	2.9865417	-3.8844485
1663667081833	9.020642	3.0933216	-3.6077783
1663667081843	8.430512	2.691028	-3.2760732
1663667081857	8.052446	2.0015962	-3.170789
1663667081867	8.108678	1.5717853	-3.203092
1663667081879	8.393424	1.5382859	-3.4283166
1663667081976	8.7347	1.6842481	-3.7106698
1663667081988	9.007482	1.9549361	-3.734598
1663667082001	9.193225	2.2145574	-3.4199417
1663667082012	9.203992	2.347359	-3.1695926
1663667082059	9.077172	2.2348964	-3.3050864
1663667082074	8.957232	2.0458634	-3.498905
1663667082087	8.906983	1.8457636	-3.3445678
1663667082100	8.878269	1.698605	-3.161218
1663667082112	8.9775715	1.657927	-3.1767712
1663667082125	9.12503	1.7129619	-3.2916267
1663667082136	9.18485	1.7907287	-3.44387
1663667082148	9.085547	1.7428722	-3.5467613
1663667082162	8.92493	1.5837495	-3.5001013
1663667082173	8.892626	1.4246268	-3.3792639
1663667082183	8.994321	1.2257234	-3.3349965
1663667082256	9.083155	1.0271192	-3.3780673
1663667082270	9.073584	0.81655073	-3.391228
1663667082281	8.960822	0.5063811	-3.5503507
1663667082291	8.807681	0.2324029	-3.7477584
1663667082303	8.758628	0.14955142	-3.775276
1663667082317	8.912965	0.23718855	-3.6017964
1663667082328	9.267402	0.44656053	-3.4103706
1663667082341	9.715159	0.6056832	-3.2341988
1663667082351	10.027422	0.72053874	-3.0284162
1663667082363	9.889835	0.7899306	-2.8345976
1663667082457	9.359526	0.6870392	-3.036791
1663667082472	8.929715	0.5518447	-3.3792639
1663667082485	8.918947	0.48125646	-3.362514
1663667082496	9.141779	0.4728816	-2.9327033
1663667082507	9.403793	0.49441698	-2.71705
1663667082518	9.524631	0.52911294	-2.8082764
1663667082569	9.492328	0.6092725	-2.9685955
1663667082579	9.335598	0.65952176	-3.2102706
1663667082588	9.133404	0.69302124	-3.330211
1663667082598	9.030213	0.75284183	-3.2461631
1663667082608	9.0341015	0.7516454	-3.2078779
1663667082617	9.049655	0.7109674	-3.3254254
1663667082627	9.015857	0.5949155	-3.431906
1663667082653	8.962018	0.55304116	-3.4307094
1663667082663	8.848359	0.41306102	-3.3146574
1663667082669	8.731111	0.22253251	-3.1815567
1663667082709	8.674879	0.15672988	-3.1348968
1663667082724	8.67129	0.14356937	-3.1624143
1663667082765	8.795717	0.10049855	-3.423531
1663667082778	8.987143	-0.06460621	-4.199105
1663667082818	9.370294	-0.2213361	-4.6289153
1663667082833	10.057333	0.059820566	-4.1021953
1663667082842	10.524232	0.75523466	-3.551547
1663667082848	10.720743	1.7237296	-4.1297126
1663667082856	11.151451	3.112464	-4.8562336
1663667082864	11.347961	3.7935212	-5.299205
1663667082932	10.879866	3.4151561	-4.90409
1663667082946	10.014262	3.0765717	-3.8784664
1663667082958	8.9979105	2.943471	-3.3649068
1663667082972	7.8726854	2.6838498	-3.2497523
1663667082983	6.6768723	2.219343	-3.1947174
1663667083043	5.8618174	1.9776679	-3.1755748
1663667083057	6.140581	2.1678972	-3.388835
1663667083069	7.8236327	2.559423	-3.5467613
1663667083081	9.293723	3.0032916	-3.2844481
1663667083090	9.655338	2.8453653	-2.9685955
1663667083100	9.524631	2.7496524	-2.4598217
1663667083180	9.134601	2.539084	-2.181058
1663667083191	8.814859	2.0817556	-2.1532412
1663667083202	8.316854	1.6567305	-2.361716
1663667083210	8.124231	1.454537	-2.4394827
1663667083258	7.8690963	1.3274183	-2.603391
1663667083274	7.7997046	1.3405789	-2.5004997
1663667083286	7.932805	1.5526428	-2.193022
1663667083296	8.228319	1.7488543	-1.6591234
1663667083306	8.196015	1.7380866	-1.2269198
1663667083317	8.368299	1.5083755	-1.2640085
1663667083328	8.878269	1.7213368	-1.4446666
1663667083340	9.553345	2.2779672	-1.5822539
1663667083351	10.267004	2.8872397	-1.7081763
1663667083363	11.006685	3.2524443	-1.6037893
1663667083375	11.410174	3.1926236	-1.7871394
1663667083386	11.129915	3.3110683	-2.3605196
1663667083457	11.447264	3.972983	-3.2449665
1663667083472	11.877074	4.2245283	-4.880162
1663667083482	11.572886	4.1694937	-6.6855464
1663667083493	11.100005	4.506881	-5.4559345
1663667083504	10.023833	3.3864422	-4.121338
1663667083513	9.273384	1.9465612	-3.280859
1663667083558	8.62463	0.85842514	-2.5579274
1663667083566	8.211569	0.13998012	-2.6632116
1663667083571	7.9567337	0.050249275	-3.4331024
1663667083577	8.113463	0.20817557	-5.063512
1663667083596	8.180463	0.076570325	-5.718248
1663667083657	7.945966	-0.42502514	-4.7688956
1663667083674	8.014161	-0.5099703	-3.2748768
1663667083685	8.042875	0.2335993	-1.9366908
1663667083694	7.094719	0.535095	-1.5080764
1663667083764	6.3921266	0.41545382	-2.1735802
1663667083776	6.4998035	0.520738	-3.5623147
1663667083786	7.522137	1.1718849	-4.499703
1663667083799	8.646166	1.7093726	-3.856632
1663667083810	9.223135	2.2085752	-2.528017
1663667083821	8.932108	2.4681966	-1.89362
1663667083833	8.168498	2.248057	-2.635694
1663667083844	7.7614193	1.8314066	-3.2940195
1663667083857	7.8236327	1.3731811	-3.2748768
1663667083866	8.327621	0.6966105	-2.8393831
1663667083958	9.337991	-0.23090738	-2.4358935
1663667083968	10.763814	-1.1276177	-2.3940191
1663667083979	11.99193	-1.4820545	-2.2983062
1663667083991	13.1231365	-1.1431711	-2.9769704
1663667084002	14.2902355	-0.17826529	-5.8450675
1663667084012	14.82892	-0.16630118	-5.482256
1663667084039	14.530715	0.65712893	-1.4087744
1663667084050	13.0621195	2.5881367	-3.5503507
1663667084060	9.973584	2.914757	-7.1138616
1663667084072	6.812366	2.7891338	-7.6944203
1663667084082	5.0273204	3.3649068	-6.2724853
1663667084174	5.406882	3.3589249	-4.039982
1663667084185	7.0348988	2.5737798	-1.1910275
1663667084196	8.65454	2.457429	-0.45224348
1663667084207	9.413364	2.6288147	-0.65952176
1663667084220	8.653344	2.1595225	-2.2265215
1663667084255	7.0899334	1.5370895	-3.673581
1663667084265	6.19083	1.0773684	-4.599005
1663667084276	6.7091756	1.7297117	-3.1564322
1663667084292	7.2179494	2.2743778	-1.480559
1663667084302	6.535696	1.913959	-2.141277
1663667084315	5.9790654	1.5921243	-3.1552358
1663667084322	5.6449676	0.85244304	-3.1767712
1663667084327	6.396912	0.27906293	-1.2939188
1663667084362	8.292925	0.59730834	0.14027923
1663667084378	10.791331	1.2005987	0.57577294
1663667084394	13.315759	2.1332014	0.4429713
1663667084452	14.066208	3.1830523	-0.6643074
1663667084462	13.458132	4.304688	-2.3700907
1663667084472	12.870395	4.709075	-5.209474
1663667084481	11.782259	3.8988054	-5.833103
1663667084491	12.106785	4.587041	-8.140981
1663667084550	11.771491	4.485346	-8.0201435
1663667084559	10.876276	3.8461633	-5.9300127
1663667084566	9.792926	2.5522444	-3.8880377
1663667084571	8.627023	0.61884373	-2.3425734
1663667084577	7.4443703	-1.3238292	-1.9067806
1663667084659	6.558428	-2.1774685	-3.7513478
1663667084675	6.9020967	-1.7668004	-6.006583
1663667084685	7.745866	-1.4617156	-5.793622
1663667084697	7.7937226	-1.0426725	-3.6317065
1663667084707	7.6070824	0.043070808	-1.8553349
1663667084751	7.179664	1.1335998	-1.6710875
1663667084762	6.9499536	2.1678972	-1.7237296
1663667084771	6.7797637	2.3018954	-2.0491536
1663667084779	7.1282187	1.7536399	-2.8692935
1663667084789	7.986644	1.4018949	-3.6640096
1663667084796	8.703593	1.5011971	-3.6891344
1663667084817	8.544471	1.2699906	-2.9781668
1663667084823	8.316854	0.7432705	-2.2552354
1663667084836	8.552845	0.44656053	-1.5391831
1663667084853	9.2793665	0.3065804	-1.608575
1663667084932	9.715159	-0.49800622	-2.2217357
1663667084946	10.607981	-1.462912	-2.693122
1663667084958	11.839986	-1.6674982	-1.8696918
1663667084969	13.051352	-1.2927225	-2.5543382
1663667084978	13.829318	-0.25842485	-6.4351974
1663667084987	14.220844	-0.52313083	-5.593821
1663667085057	14.438591	-0.15553348	0.474078
1663667085070	13.054941	2.184647	-1.6639091
1663667085082	9.931709	2.9374888	-6.5428743
1663667085093	6.539285	2.8118658	-8.76461
1663667085104	4.9531426	3.5910287	-8.516953
1663667085170	5.745765	4.1754756	-5.776872
1663667085182	7.853543	3.289533	-2.5806592
1663667085193	10.2682	3.3278182	-0.8138588
1663667085206	10.955239	2.8980074	0.61405814
1663667085219	9.126225	1.942972	-0.4968098
1663667085231	6.45434	1.3106686	-2.7711878
1663667085255	4.813163	1.2580265	-4.770092
1663667085268	5.58754	2.542673	-4.240979
1663667085281	6.6385875	3.5754752	-2.0001006
1663667085291	6.244968	2.9566314	-1.6878372
1663667085319	6.332306	2.292324	-2.5579274
1663667085333	6.2437716	1.2281163	-2.53041
1663667085345	6.914061	0.4549354	-1.5667006
1663667085357	8.85793	0.63200426	-0.37328035
1663667085367	11.814562	1.9944177	0.48364928
1663667085378	14.030315	3.153142	0.02632105
1663667085456	14.101203	3.9658043	-1.0689936
1663667085470	13.486846	4.28076	-2.2348964
1663667085481	12.651451	3.0670004	-3.205485
1663667085491	10.570892	1.6088741	-4.508078
1663667085502	11.213664	2.5618157	-7.886145
1663667085549	11.679367	3.5012977	-7.6549387
1663667085557	10.245468	3.4007993	-5.0922256
1663667085563	9.0544405	2.2444677	-2.9566314
1663667085568	8.300103	0.8069794	-2.0898316
1663667085574	7.953144	-0.33888352	-2.7326035
1663667085580	7.7530446	-0.4860421	-4.941179
1663667085655	8.032107	-0.5518447	-6.3861446
1663667085669	8.166105	-1.1515459	-5.5686965
1663667085682	7.6980095	-1.4653047	-3.2952158
1663667085693	7.3678	-0.53629136	-1.0570294
1663667085745	7.26102	0.76600236	-0.25124636
1663667085759	6.8745794	1.3887345	-0.581755
1663667085772	6.8135624	1.2161521	-2.0443678
1663667085782	7.622636	1.3600205	-3.6963127
1663667085793	8.630612	1.8397815	-4.0471606
1663667085804	8.747861	1.9812572	-2.754438
1663667085835	8.252247	1.7727824	-1.6519449
1663667085843	8.330014	1.355235	-1.3776677
1663667085849	8.957232	0.7588239	-1.7632111
1663667085855	9.522238	-0.14117654	-2.199004
1663667085963	9.826426	-1.5658033	-2.4263222
1663667085974	10.329217	-2.3952155	-1.9785652
1663667085987	11.268699	-2.3054845	-2.2360928
1663667085999	13.023834	-0.81266236	-4.965107
1663667086010	14.169398	0.16151553	-7.8921275
1663667086022	14.746367	0.31256247	-4.1871405
1663667086031	13.895121	1.16351	0.5626124
1663667086054	12.264711	2.926721	-2.5914268
1663667086065	9.192028	3.391228	-7.1916285
1663667086077	5.872585	3.3278182	-8.502596
1663667086089	4.766503	4.145266	-7.6310105
1663667086155	6.3945193	3.7672002	-4.6875396
1663667086167	8.823235	3.3122647	-1.6157535
1663667086176	10.715957	3.2787652	0.5602196
1663667086187	10.241879	2.9279177	0.7686943
1663667086196	8.058429	2.172683	-1.6208383
1663667086209	5.4930234	1.4641083	-4.108177
1663667086258	5.1209397	1.3202399	-5.266902
1663667086272	6.3011994	1.785943	-3.4677982
1663667086283	7.300502	1.9980069	-1.3764713
1663667086294	7.051648	1.3791631	-1.4291133
1663667086319	7.172486	0.92662054	-1.6998014
1663667086332	6.9906316	0.51236314	-1.3920245
1663667086343	7.6250286	0.8105687	-0.69302124
1663667086353	9.213564	1.6196418	0.119940236
1663667086403	11.114362	2.082952	-0.35174492
1663667086416	12.629916	2.6216364	-1.090529
1663667086426	14.433805	3.4857445	-1.1120644
1663667086456	14.230415	4.2245283	-2.844169
1663667086468	12.702897	3.6140594	-4.2888355
1663667086480	11.581262	3.6667016	-5.8594246
1663667086558	11.230414	3.0825539	-8.558827
1663667086566	10.393824	2.9243283	-7.669296
1663667086572	10.057333	3.0140593	-6.7334027
1663667086580	9.144172	1.3779668	-3.897609
1663667086589	8.142178	-0.6152545	-1.8134605
1663667086602	7.26102	-1.6914265	-2.0324037
1663667086612	7.1042905	-1.2077773	-4.196712
1663667086656	7.6752777	-0.52552366	-5.502595
1663667086671	7.8679	-0.45014977	-4.6564326
1663667086683	7.790133	-0.19142582	-3.5407794
1663667086696	7.839186	0.92183495	-2.8573294
1663667086757	7.7039914	1.8828523	-2.1065812
1663667086768	7.5233335	2.254039	-1.9965113
1663667086778	7.280163	1.657927	-2.815455
1663667086788	7.5723863	1.2843475	-3.9191444
1663667086800	8.309675	1.3489537	-4.275675
1663667086811	8.597113	1.5358931	-3.917948
1663667086824	8.0715885	1.3190435	-3.2078779
1663667086836	7.676474	1.0079765	-2.516053
1663667086851	7.830811	0.8751749	-1.9893329
1663667086864	8.571988	0.6619146	-1.8122641
1663667086963	9.687641	-0.148355	-1.8098712
1663667086974	10.95165	-1.0570294	-1.9510478
1663667086986	11.820544	-1.6423737	-1.8541385
1663667086999	12.286247	-1.4676976	-2.0946171
1663667087012	12.755539	0.14356937	-4.6899323
1663667087024	12.731611	0.5159524	-6.2342005
1663667087037	13.647464	-0.062213387	-1.8373886
1663667087049	13.507185	0.69182485	0.5590232
1663667087062	11.474781	2.2528424	-4.002893
1663667087072	7.998608	2.1750758	-7.225128
1663667087084	5.488238	2.1942184	-7.95793
1663667087139	5.189135	2.894418	-6.704689
1663667087155	6.684051	1.969293	-3.01047
1663667087166	9.170493	2.1858435	-1.2939188
1663667087178	10.910973	3.1663027	-0.70259255
1663667087203	10.5685	3.3876386	-1.0375878
1663667087215	8.767003	2.766402	-2.1281166
1663667087226	6.862615	2.0518453	-3.9227335
1663667087256	6.1848483	1.6842481	-4.426722
1663667087271	6.696015	2.359323	-3.12054
1663667087284	7.0815587	2.1164517	-1.5044873
1663667087318	6.4962144	1.2664014	-2.388037
1663667087332	6.282057	0.43818563	-2.896811
1663667087344	6.585945	-0.2656033	-2.4346972
1663667087353	7.8523464	0.0071784677	-1.5176477
1663667087425	9.84796	1.2269198	-0.29072794
1663667087436	11.663814	2.4346972	-0.30269206
1663667087448	12.300604	3.0813572	-1.1814562
1663667087461	12.22523	3.315854	-1.6878372
1663667087472	12.050554	3.0406795	-1.9462621
1663667087483	10.977971	2.2552354	-2.5746772
1663667087560	10.971989	2.6838498	-3.6113675
1663667087570	10.997114	3.1627133	-5.7134624
1663667087575	11.327622	4.1021953	-7.876574
1663667087582	11.294123	4.5128636	-6.780063
1663667087588	10.513465	3.2979078	-5.2513485
1663667087595	9.221938	1.2364911	-2.5423741
1663667087602	7.865507	-0.6547361	-1.0387841
1663667087609	6.8853474	-2.0279171	-1.6938193
1663667087656	6.7031937	-2.2588246	-4.2505503
1663667087670	7.5532436	-1.6627127	-5.953941
1663667087680	8.685647	-0.9625129	-5.491827
1663667087762	9.445667	-0.16031912	-3.9753757
1663667087771	9.436096	0.7492526	-2.2241287
1663667087777	8.673683	1.1503495	-1.2604194
1663667087784	7.82124	1.2376875	-1.7237296
1663667087789	7.3582287	1.07019	-2.754438
1663667087801	7.690831	0.83090764	-3.9227335
1663667087808	8.536096	0.8536395	-4.1727834
1663667087830	8.8136635	0.7636095	-3.6520455
1663667087838	8.528917	1.0187442	-3.4510484
1663667087854	8.234301	1.2077773	-3.0236306
1663667087958	8.22473	1.3286148	-2.6859434
1663667087971	8.597113	1.442573	-2.4466612
1663667087982	8.873484	1.2400804	-2.1329024
1663667087993	9.081959	0.68464637	-2.1329024
1663667088004	9.19801	0.06699903	-2.6991038
1663667088016	9.396614	-0.6044868	-3.3170505
1663667088027	9.824033	-1.0091729	-3.2832518
1663667088039	10.870295	-1.1407782	-2.2995026
1663667088065	11.662618	-0.8234301	-1.189831
1663667088076	12.237194	0.22492532	-2.2169502
1663667088088	11.98834	0.689432	-4.7222357
1663667088154	12.439687	0.30179477	-3.5647075
1663667088165	13.042977	0.52552366	-1.5032908
1663667088175	12.198909	1.4880366	-3.865306
1663667088187	9.892228	1.218545	-6.5057855
1663667088230	8.084749	1.3803595	-6.6589265
1663667088241	6.626623	1.7955143	-5.387739
1663667088252	5.656932	2.3892334	-3.7238302
1663667088265	6.3382883	2.5953152	-2.2995026
1663667088276	8.182856	3.0212376	-1.6328024
1663667088286	9.863514	3.382853	-0.9107681
1663667088320	9.922138	2.6659036	-1.5296118
1663667088333	8.648559	1.8314066	-3.6867416
1663667088344	7.46112	1.5059828	-5.137689
1663667088357	6.908079	1.5311074	-4.5942197
1663667088422	7.6011004	2.0985055	-2.2671995
1663667088432	9.165708	2.6718855	-0.26799613
1663667088443	9.242277	2.2899313	-0.9490533
1663667088453	8.201998	1.11685	-2.6213372
1663667088464	7.7494555	0.3699902	-2.7963123
1663667088474	7.882257	0.51236314	-1.9570298
1663667088557	8.096714	0.8955139	-1.6603198
1663667088563	8.382656	1.2544373	-1.7835501
1663667088566	8.89502	1.7069799	-1.6292131
1663667088572	9.562916	2.400001	-1.8625133
1663667088579	9.874282	2.992524	-2.2875385
1663667088585	10.0214405	3.2249267	-1.9534405
1663667088633	11.101202	3.1746774	-0.9921241
1663667088643	11.282159	2.7556343	-1.6722839
1663667088655	10.499107	1.6196418	-2.5399811
1663667088668	10.812866	2.5450659	-3.7812579
1663667088681	11.318051	3.4259238	-5.339883
1663667088746	11.114362	3.4737802	-7.262516
1663667088758	11.416157	4.0627136	-5.744569
1663667088770	11.6135645	3.4127634	-4.0938206
1663667088781	10.194023	1.7632111	-2.5674987
1663667088790	8.679665	-0.01794617	-1.6734804
1663667088834	7.3678	-1.3776677	-1.8014964
1663667088845	6.849455	-1.265205	-3.9119658
1663667088856	7.3546395	-0.520738	-5.8558354
1663667088865	7.98784	-0.40588254	-5.729016
1663667088877	8.695218	0.059820566	-4.558327
1663667088963	9.132208	0.8392825	-3.0236306
1663667088974	8.816056	1.2281163	-2.021636
1663667088986	8.3013	1.2125629	-1.8278174
1663667088996	7.797312	1.1001002	-2.082653
1663667089026	7.730313	0.80817586	-3.004488
1663667089038	8.228319	0.64875406	-4.007679
1663667089052	8.416156	0.602094	-3.64726
1663667089065	8.349156	0.74446696	-3.1743784
1663667089075	8.2678	1.0019945	-2.8980074
1663667089085	8.321639	1.3636098	-2.7278178
1663667089099	8.45803	1.5251254	-2.5148566
1663667089154	8.634201	1.352543	-2.2624137
1663667089165	8.917751	0.9529416	-2.0754745
1663667089175	9.274581	0.41306102	-2.260021
1663667089186	9.493524	-0.3400799	-2.6608188
1663667089231	9.861121	-1.1276177	-2.902793
1663667089241	10.296914	-1.50359	-2.4275186
1663667089252	11.200503	-1.0845468	-1.907977
1663667089265	12.072089	-0.2620141	-3.7657046
1663667089275	12.7698965	0.13280165	-5.4427743
1663667089288	13.4354	0.89072824	-2.489732
1663667089320	13.07528	2.0673988	-1.2317054
1663667089333	11.7463665	2.6886353	-4.171587
1663667089344	9.919745	2.1272194	-6.3514485
1663667089355	8.187641	1.7141583	-5.4906306
1663667089444	6.511768	1.7476579	-4.0100718
1663667089457	5.599504	2.4143581	-3.1049864
1663667089467	5.613861	2.8501508	-3.0343983
1663667089480	6.3550377	2.600101	-2.8597221
1663667089493	8.436495	2.96381	-2.260021
1663667089505	9.936495	2.8310082	-1.4817554
1663667089557	9.786943	2.3030918	-2.8501508
1663667089567	9.097511	1.995614	-4.0615172
1663667089575	8.519346	1.9031913	-3.7310088
1663667089585	8.381459	1.9513469	-2.4442682
1663667089595	8.65454	2.204986	-1.3010973
1663667089602	8.152945	1.9115661	-1.3070793
1663667089634	7.1342006	1.2412767	-2.388037
1663667089646	6.9499536	0.8213364	-2.5124638
1663667089657	7.394121	0.87996054	-1.6411772
1663667089670	7.963912	1.0115658	-1.1790633
1663667089679	8.5779705	1.1814562	-0.9454641
1663667089709	9.333204	1.7668004	-0.7265208
1663667089721	10.092029	2.5749762	-1.061815
1663667089747	10.548161	3.437888	-1.6782659
1663667089759	10.926525	4.0328035	-1.724926
1663667089770	11.294123	4.068696	-1.3812568
1663667089823	11.328819	3.4809587	-1.7883358
1663667089836	11.533405	2.841776	-2.638087
1663667089849	12.062518	2.9338996	-4.4913282
1663667089858	12.043375	2.4828527	-8.252247
1663667089871	11.282159	2.4681966	-7.286444
1663667089962	10.742278	2.8704898	-5.178367
1663667089973	10.136296	2.12363	-3.2437701
1663667089982	8.940483	1.1371889	-2.1101704
1663667089991	7.684849	0.3400799	-2.1520448
1663667090026	6.75105	0.31615168	-3.6580276
1663667090038	6.3370914	0.65952176	-6.0029936
1663667090050	6.5201426	0.474078	-6.6649084
1663667090060	7.2753773	0.37716866	-5.816354
1663667090072	8.640183	0.71694946	-3.8760736
1663667090083	9.540184	1.0390832	-1.3657036
1663667090095	9.273384	0.8572287	-0.09571291
1663667090156	8.369495	0.36759737	-1.1467602
1663667090167	7.8403826	-0.01794617	-3.0678978
1663667090179	7.845168	-0.3074777	-4.327121
1663667090190	8.705986	0.034695927	-4.3235316
1663667090252	9.217153	0.89312106	-3.4474592
1663667090263	8.847162	1.5885352	-3.0786655
1663667090276	8.175676	1.7081763	-3.3637104
1663667090287	7.900203	1.6495521	-3.354139
1663667090299	8.112267	1.5131612	-2.696711
1663667090309	8.652147	1.2125629	-1.6483557
1663667090321	9.403793	0.92303133	-1.378864
1663667090331	10.337592	0.6858428	-1.8086748
1663667090343	10.8200445	0.35324043	-2.481357
1663667090354	10.901401	-0.076570325	-2.7999015
1663667090375	11.085649	-0.35443684	-2.382055
1663667090388	11.666206	-0.88205427	-3.618546
1663667090439	13.508381	-1.9163518	-3.5766716
1663667090446	14.528322	-1.2257234	-1.5451652
1663667090451	12.633506	0.40588254	-2.9566314
1663667090456	10.137492	1.0307083	-5.3853464
1663667090562	7.6776705	0.994816	-6.289235
1663667090569	6.0807605	1.3286148	-6.0364933
1663667090575	5.7613187	1.6292131	-4.9196434
1663667090580	6.923632	1.189831	-2.76042
1663667090586	8.970393	1.9501505	-2.0120647
1663667090591	10.790134	3.2919257	-1.8194425
1663667090598	10.997114	3.5706897	-1.8768703
1663667090657	9.205189	2.3748765	-2.5268207
1663667090669	7.428817	1.489233	-3.3314073
1663667090681	6.6314087	1.7847466	-3.8590248
1663667090692	6.8111696	2.4011974	-2.7927232
1663667090757	7.6513495	2.5007987	-1.5738791
1663667090767	8.066803	1.84696	-1.6998014
1663667090780	7.1712894	0.42382872	-2.8489544
1663667090793	6.8111696	-0.2428715	-3.0116663
1663667090824	7.300502	0.30059835	-2.4047868
1663667090837	8.162517	1.3369896	-1.954637
1663667090852	8.68804	2.1667008	-1.9067806
1663667090864	8.933304	3.1495528	-2.1340988
1663667090876	9.140582	4.045964	-2.4598217
1663667090888	9.550952	4.4315076	-2.7242286
1663667090965	9.950852	4.133302	-2.0982063
1663667090975	11.153844	3.6391842	-0.8102696
1663667090987	12.039786	2.42034	-0.40558344
1663667090999	11.052149	0.13040884	-1.3489537
1663667091061	10.3028965	0.5458627	-3.2341988
1663667091074	10.866705	1.887638	-4.709075
1663667091088	11.2088785	2.8573294	-7.923234
1663667091101	11.400603	4.453043	-7.9220376
1663667091113	11.2603245	4.7632127	-6.849455
1663667091125	9.768997	2.9183464	-4.0268216
1663667091137	8.6294155	1.1599208	-1.0435698
1663667091150	7.50778	-0.21296121	-0.9287143
1663667091164	6.608677	-0.76241314	-3.7118661
1663667091177	6.9116683	-0.5075775	-6.741778
1663667091189	7.8870425	-0.68345	-6.8051877
1663667091252	8.732307	-0.5171488	-5.055137
1663667091264	9.352347	0.18903299	-2.844169
1663667091272	9.233903	0.6475576	-0.86291164
1663667091279	8.400602	0.5482555	-0.5195416
1663667091284	7.7422767	0.39391842	-1.6830516
1663667091288	7.6405816	0.096909314	-3.0475588
1663667091320	8.234301	0.078963146	-3.6699917
1663667091333	8.793324	0.37357944	-3.3206396
1663667091345	8.916554	1.0043873	-2.528017
1663667091357	8.62463	1.5753746	-2.440679
1663667091467	8.284551	1.704587	-2.7062824
1663667091479	8.268997	1.5945172	-2.7711878
1663667091491	8.619844	1.4030914	-2.367698
1663667091503	9.1465645	0.86560357	-2.0276182
1663667091515	9.924531	0.025124637	-2.0036898
1663667091526	10.9325075	-0.9385847	-2.0599213
1663667091537	11.52862	-1.6651055	-1.5296118
1663667091553	11.96202	-1.5598212	-1.8385851
1663667091560	12.649058	-0.817448	-4.9543395
1663667091566	14.274683	-0.16510476	-4.566702
1663667091572	13.8041935	1.0522437	-1.8361923
1663667091579	11.987144	2.6156542	-3.6496527
1663667091595	9.211171	2.7520452	-6.4256263
1663667091660	6.5021963	2.4023938	-6.68435
1663667091673	5.1771708	2.5630121	-5.514559
1663667091684	5.579165	2.009971	-3.4019957
1663667091696	7.2646093	1.617249	-1.7691933
1663667091764	9.189635	2.1427727	-2.0814567
1663667091776	10.339985	2.6132615	-2.7735806
1663667091789	9.84796	2.353341	-2.8669007
1663667091800	8.319246	1.8158532	-2.8633113
1663667091822	7.1880393	1.6866409	-2.815455
1663667091836	7.227521	2.1260228	-1.89362
1663667091848	7.5939217	2.3605196	-1.1682956
1663667091861	7.0636125	1.7368901	-2.0228324
1663667091874	5.9994044	0.75643104	-3.2222347
1663667091885	5.931209	-0.14237295	-2.9566314
1663667091962	7.1545396	-0.11485548	-1.5858432
1663667091973	9.365508	0.9290134	0.17258233
1663667091984	11.981162	2.2301106	0.55423754
1663667091993	13.423436	3.4510484	-0.6236294
1663667092059	12.914662	4.240082	-1.6818552
1663667092070	11.920145	4.331009	-2.7855446
1663667092081	10.920544	3.3278182	-3.9813578
1663667092092	10.942079	2.7963123	-4.875376
1663667092102	11.230414	3.0514472	-6.255736
1663667092115	11.066505	3.141178	-7.341479
1663667092124	10.002297	2.9135606	-6.3753767
1663667092156	9.397811	2.219343	-5.037191
1663667092167	8.722735	0.689432	-2.4885356
1663667092178	7.9627156	-1.3154542	-0.80907315
1663667092189	7.3064837	-2.5881367	-2.28036
1663667092272	7.3917284	-2.4059832	-6.0436716
1663667092283	8.077571	-2.0315065	-7.5161552
1663667092293	8.494222	-1.7129619	-5.6799626
1663667092306	8.637791	-0.6128617	-3.301497
1663667092317	8.477471	0.9493524	-1.8661026
1663667092327	7.996215	1.9465612	-1.2364911
1663667092340	7.426424	1.718944	-1.2687942
1663667092352	7.042077	0.85124665	-2.001297
1663667092364	7.474281	0.453739	-2.8692935
1663667092374	8.359924	0.7049854	-3.2796626
1663667092384	8.9979105	1.4353945	-3.12054
1663667092394	8.883055	1.765604	-2.9542387
1663667092452	8.786145	1.5490535	-2.748456
1663667092464	8.989535	1.1120644	-2.3856442
1663667092475	9.359526	0.5590232	-2.070689
1663667092488	9.393025	-0.4022933	-2.111367
1663667092560	9.82164	-1.2807583	-2.0850458
1663667092569	10.922936	-1.5287145	-1.2161521
1663667092579	12.137892	-1.1455638	-1.3369896
1663667092589	12.556935	-0.078963146	-5.3626146
1663667092598	13.479668	-0.22731815	-5.7409797
1663667092608	13.988441	-0.14117654	-0.81984085
1663667092619	13.162619	1.8014964	-1.6169499
1663667092671	10.359127	2.5606194	-6.210272
1663667092683	7.416853	2.225325	-8.044071
1663667092693	5.640182	2.3162522	-6.936793
1663667092703	5.6449676	2.3485553	-4.4578285
1663667092761	7.3459654	2.2983062	-2.141277
1663667092771	9.554541	2.8788648	-1.7057835
1663667092780	10.802098	2.888436	-1.588236
1663667092790	10.160523	2.210968	-1.9785652
1663667092823	8.636594	1.6531414	-2.4765713
1663667092836	6.9966135	1.468894	-3.3373895
1663667092847	6.645766	1.8349959	-2.9709885
1663667092855	7.0337024	2.1942184	-2.0407786
1663667092866	7.3666034	2.0422742	-1.602593
1663667092874	6.7968125	1.0749756	-2.5555346
1663667092966	6.4160547	0.23838496	-2.935096
1663667092979	6.6409802	-0.28115666	-2.629712
1663667092991	7.7159557	0.20219351	-1.3405789
1663667093004	9.318848	1.2460624	0.1893321
1663667093043	10.845169	2.312663	-0.11724831
1663667093055	11.933306	3.2871401	-1.11685
1663667093067	13.4712925	4.0770707	-1.5391831
1663667093081	13.154243	3.909573	-2.9446673
1663667093091	11.029417	2.43709	-3.8629131
1663667093100	10.421341	3.0550363	-4.584648
1663667093108	10.464412	3.7863426	-6.5691953
1663667093144	10.688141	3.929912	-8.248658
1663667093156	10.7685995	3.609274	-6.826723
1663667093167	10.643873	2.4299114	-4.705486
1663667093181	9.470792	0.84406817	-2.3665016
1663667093257	8.332407	-0.8330014	-1.3561323
1663667093271	7.0959153	-2.4323041	-2.3569303
1663667093283	6.5428743	-2.8788648	-5.330312
1663667093294	7.1569324	-2.1044874	-7.179664
1663667093304	8.257032	-1.4964114	-6.248557
1663667093314	9.32483	-0.49800622	-4.104588
1663667093324	9.797711	0.84765744	-1.9031913
1663667093335	9.18485	1.7105691	-0.86889374
1663667093346	7.978269	1.5023935	-1.3046865
1663667093357	7.2705917	0.95054877	-2.510071
1663667093456	7.204789	0.35682967	-3.5132618
1663667093469	7.7626157	0.12562318	-3.9430726
1663667093481	8.528917	0.38913277	-3.6077783
1663667093493	8.968	0.8787641	-3.0690942
1663667093504	8.933304	1.1718849	-2.9829526
1663667093514	8.8136635	1.2903296	-3.022434
1663667093544	8.790932	1.4150555	-2.9004002
1663667093550	8.847162	1.3887345	-2.4466612
1663667093554	8.981161	1.204188	-2.2169502
1663667093557	9.492328	0.8321041	-2.5842485
1663667093566	10.120743	0.14117654	-2.589034
1663667093597	10.648659	-0.72771716	-1.928316
1663667093613	11.300105	-0.7516454	-1.1347961
1663667093656	11.897413	0.20219351	-2.2911277
1663667093669	11.934502	-0.031106694	-5.256134
1663667093681	12.920644	-1.4027922	-3.8171504
1663667093690	12.858431	-1.0654043	-1.3226327
1663667093710	11.254342	1.0175478	-3.865306
1663667093721	8.829216	1.3600205	-6.678368
1663667093763	6.777371	1.1012967	-7.1066833
1663667093773	5.6967125	1.2149557	-5.6787663
1663667093823	6.3514485	1.3995022	-3.4977086
1663667093838	8.206783	1.7261224	-1.6351951
1663667093851	10.373485	2.8573294	-1.0172487
1663667093860	11.279766	3.5527434	-0.8341978
1663667093871	10.092029	3.370889	-2.2612174
1663667093883	7.726723	2.8094728	-4.3666024
1663667093932	6.2641106	2.0662024	-5.8630137
1663667093949	6.311967	1.879263	-4.922036
1663667093966	7.619046	1.9920249	-2.05035
1663667093983	9.0182495	1.8924236	0.19651055
1663667094043	8.472686	0.61884373	-1.474577
1663667094056	7.699206	-0.6643074	-2.8836503
1663667094066	7.984251	-0.61764735	-2.4035904
1663667094078	8.499007	0.14596218	-1.4590236
1663667094089	8.855537	0.84167534	-0.9849456
1663667094102	9.257831	1.8158532	-1.5343975
1663667094113	9.946067	3.226123	-2.2671995
1663667094157	10.593624	4.2520456	-2.605784
1663667094169	11.2088785	4.4554358	-1.6938193
1663667094180	11.239985	3.7767715	-0.90358967
1663667094190	11.615957	3.2105699	-2.0575283
1663667094256	11.455638	1.9055841	-4.941179
1663667094271	11.787045	1.0474582	-8.284551
1663667094282	11.0449705	0.31974092	-8.562417
1663667094293	9.104691	-0.64277196	-7.2840514
1663667094304	8.196015	-1.3812568	-4.5834517
1663667094315	7.390532	-1.7967107	-2.0754745
1663667094325	6.585945	-1.346561	-1.8433708
1663667094338	6.3681984	-0.33170503	-3.4546378
1663667094347	6.9930243	0.22253251	-5.306383
1663667094357	8.647362	0.7492526	-5.7266226
1663667094367	10.23829	1.0438689	-4.383352
1663667094379	10.684551	1.1001002	-2.7026932
1663667094456	9.969995	0.6750751	-2.4825535
1663667094469	8.618649	-0.29910284	-3.2186456
1663667094481	7.475477	-1.1443675	-4.0567317
1663667094490	7.092326	-1.2867404	-4.3905306
1663667094501	7.2765737	-0.8150552	-4.2720857
1663667094555	7.815258	0.02632105	-3.7633119
1663667094562	8.490632	1.0223335	-3.0260234
1663667094568	9.148957	1.8337995	-2.5579274
1663667094573	9.74148	2.1559331	-2.5507488
1663667094580	10.066904	2.003989	-3.2545378
1663667094657	9.995119	1.5574285	-3.431906
1663667094671	9.786943	1.0534402	-3.2772696
1663667094681	9.660124	0.52552366	-3.2772696
1663667094693	9.583255	0.22372891	-3.3206396
1663667094705	9.751051	0.6858428	-3.5886357
1663667094716	9.913763	1.0677971	-4.357031
1663667094726	10.173684	0.49441698	-4.3761735
1663667094756	10.545768	-0.22971097	-3.8099718
1663667094763	10.483554	-0.276371	-3.522833
1663667094821	8.92493	-0.07298109	-5.398507
1663667094833	7.3989067	-0.51116675	-5.980262
1663667094844	7.470691	-0.6774679	-4.112963
1663667094855	8.539685	-0.6762715	-2.5866413
1663667094868	10.525429	0.43818563	-1.9295124
1663667094880	12.082857	2.8345976	-2.2097716
1663667094891	11.714064	3.682255	-3.0020952
1663667094955	9.008678	2.3102703	-4.095017
1663667094967	7.268199	1.7129619	-4.5320063
1663667094978	6.1525455	1.4234303	-4.578666
1663667094991	5.8151574	1.0845468	-4.162016
1663667095044	6.72114	0.7265208	-3.8099718
1663667095058	7.95793	0.58893347	-3.53719
1663667095070	8.847162	0.8428718	-3.4917264
1663667095082	9.449257	1.2819548	-3.3696926
1663667095095	9.754641	1.8421743	-3.298805
1663667095106	9.892228	2.428715	-3.8111682
1663667095168	9.666106	2.864508	-4.6085763
1663667095180	9.32483	2.8800611	-4.7222357
1663667095192	9.108279	2.3018954	-3.1420753
1663667095202	8.933304	1.3911272	-1.2233306
1663667095259	9.24467	0.87637126	-1.5535401
1663667095276	9.550952	0.38315073	-4.1404805
1663667095288	9.638589	0.07178468	-7.025327
1663667095301	8.848359	0.09451649	-8.647362
1663667095313	7.895417	0.24556342	-9.128618
1663667095322	7.534101	0.45732823	-7.7650084
1663667095333	8.333603	0.5769694	-4.581059
1663667095346	9.18485	0.49082774	-1.2855439
1663667095357	9.928121	0.4334	-0.18305093
1663667095369	9.77139	-0.15194423	-1.6507485
1663667095383	9.017053	-0.663111	-4.084249
1663667095395	8.532506	-0.57457656	-6.1887364
1663667095457	8.310871	-0.2428715	-6.567999
1663667095469	8.482257	0.11724831	-4.855037
1663667095482	8.745467	0.35324043	-3.124129
1663667095494	8.79811	0.4010969	-2.544767
1663667095507	8.771789	0.20458634	-2.7074788
1663667095518	8.978767	-0.009571291	-2.9039893
1663667095530	9.192028	-0.18305093	-3.173182
1663667095556	9.26142	-0.17347965	-3.7525442
1663667095566	9.077172	-0.008374879	-4.412066
1663667095572	8.800503	0.11964113	-4.784449
1663667095657	8.697611	0.2105684	-4.7509494
1663667095673	8.867501	0.33170503	-4.2720857
1663667095687	8.932108	0.35563326	-3.944269
1663667095700	9.017053	0.3999005	-3.909573
1663667095711	9.201599	0.39631125	-3.7310088
1663667095724	9.233903	0.2970091	-3.3349965
1663667095747	9.249456	0.22253251	-3.3026934
1663667095759	9.402596	0.25992036	-3.6628132
1663667095771	9.4229355	0.3711866	-3.848257
1663667095823	9.24467	0.5518447	-3.8796628
1663667095837	8.950054	0.76719874	-3.8676987
1663667095850	8.789735	0.9601201	-3.69392
1663667095863	8.792128	1.1359925	-3.388835
1663667095874	8.957232	1.1994023	-3.138486
1663667095887	9.223135	1.2281163	-3.1013973
1663667095898	9.27817	1.0809577	-3.3230324
1663667095910	8.911769	0.94695956	-3.827918
1663667095944	8.539685	1.1467602	-4.0040894
1663667095958	8.607881	1.6208383	-3.6484563
1663667095972	8.914162	1.8613169	-2.9315069
1663667096053	9.396614	2.1308086	-2.2971098
1663667096063	9.825229	2.4681966	-2.2456641
1663667096071	10.0011015	2.577369	-2.4227328
1663667096079	9.966406	2.3688943	-2.53041
1663667096085	9.608679	1.989632	-2.5411777
1663667096093	9.011071	1.8445672	-2.844169
1663667096100	8.34796	1.8326031	-3.2784662
1663667096154	8.166105	2.091327	-3.5048869
1663667096164	8.573184	2.449054	-3.083451
1663667096171	9.479167	2.6084757	-2.3940191
1663667096254	10.183255	2.2755744	-2.091028
1663667096263	10.276575	1.9848464	-2.1894326
1663667096270	10.060922	1.7177476	-2.672783
1663667096278	9.55813	1.3935201	-3.1983066
1663667096286	8.944072	1.0666007	-3.4594233
1663667096293	8.513364	0.75643104	-3.4546378
1663667096302	8.4604225	0.46091747	-3.3469608
1663667096316	8.814859	0.21535404	-3.298805
1663667096323	9.205189	-0.022731815	-3.280859
1663667096354	9.523434	-0.2321038	-3.2413774
1663667096373	9.7043915	-0.15194423	-3.2497523
1663667096382	9.688838	0.3077768	-3.3000016
1663667096452	9.3200445	0.68464637	-3.2880373
1663667096461	8.859127	0.6966105	-3.042773
1663667096468	8.600702	1.1766706	-2.585445
1663667096476	8.136195	2.1272194	-8.327621
1663667096484	8.44128	-1.5107684	-1.9319052
1663667096491	9.831211	-0.2727818	1.0139586
