Timestamp 	 X 	 Y 	 Z 
1664448597092	9.679267	-0.4657031	-1.4123635
1664448597099	9.48156	-1.0271192	-2.7326035
1664448597115	9.128618	-1.183849	-4.752146
1664448597119	8.325228	-0.9936196	-5.846264
1664448597170	7.7482586	-1.224527	-5.7673006
1664448597174	7.839186	-1.3968102	-4.6037908
1664448597215	8.447262	-1.3058829	-3.4941192
1664448597229	9.227921	-1.1958131	-2.827419
1664448597248	9.698409	-1.1132607	-2.6452653
1664448597252	9.710373	-0.7648059	-3.342175
1664448597257	9.359526	-0.34247273	-4.3235316
1664448597261	8.923733	-0.16151553	-5.0479584
1664448597402	8.646166	-0.2440679	-5.1460643
1664448597419	8.636594	-0.4621139	-4.554738
1664448597425	8.9057865	-0.6966105	-4.0088754
1664448597433	9.104691	-1.0773684	-3.69392
1664448597439	9.030213	-1.3310076	-3.5694933
1664448597445	8.780164	-1.2975081	-3.8506498
1664448597452	8.618649	-1.0582259	-4.364209
1664448597457	8.503793	-0.7600203	-4.6935215
1664448597461	8.493025	-0.5171488	-4.53081
1664448597468	8.759825	-0.3687938	-4.020839
1664448597474	9.060423	-0.49322057	-3.5539398
1664448597497	9.153743	-0.88205427	-3.3852458
1664448597508	9.077172	-1.2735798	-3.7250266
1664448597624	9.013464	-1.3154542	-4.179962
1664448597631	8.963215	-1.1012967	-4.334299
1664448597638	8.8854475	-0.87367934	-4.3390846
1664448597647	8.848359	-0.6008976	-4.236193
1664448597653	8.872287	-0.4226323	-4.092624
1664448597664	8.948857	-0.45254257	-3.8315072
1664448597669	8.934501	-0.70378894	-3.6915271
1664448597679	8.855537	-1.0402796	-3.8796628
1664448597742	8.752646	-1.2484552	-4.199105
1664448597752	8.759825	-1.183849	-4.3007994
1664448597762	8.881859	-0.9816555	-4.0794635
1664448597770	9.072387	-0.81266236	-3.8916268
1664448597814	9.176475	-0.73489565	-3.87727
1664448597826	9.113065	-0.73130643	-3.9251266
1664448597858	8.886644	-0.7588239	-3.978965
1664448597870	8.708379	-0.8030911	-3.976572
1664448597880	8.7418785	-0.83060855	-4.1548376
1664448597892	8.95484	-0.8282157	-4.067499
1664448597991	9.075976	-0.7923234	-3.8434713
1664448597998	9.021839	-0.86171526	-3.775276
1664448598006	8.889037	-0.8844471	-3.92393
1664448598012	8.8340025	-0.8389834	-3.996911
1664448598022	8.915359	-0.75643104	-4.0160537
1664448598035	9.132208	-0.69182485	-3.8880377
1664448598042	9.3104725	-0.6774679	-3.705884
1664448598055	9.292527	-0.7827521	-3.7334015
1664448598060	9.119047	-0.84137625	-3.9023945
1664448598067	8.849555	-0.8676973	-3.984947
1664448598074	8.697611	-0.87966144	-4.023232
1664448598111	8.744271	-0.76241314	-4.068696
1664448598122	8.92493	-0.5566304	-3.9861434
1664448598219	9.092726	-0.42382872	-3.7489548
1664448598231	9.175279	-0.4322036	-3.580261
1664448598241	9.119047	-0.602094	-3.5527434
1664448598251	8.970393	-0.81266236	-3.8267217
1664448598261	8.875876	-0.9924232	-4.0938206
1664448598269	8.884252	-1.0594223	-3.9514475
1664448598278	8.987143	-1.0295119	-3.5790644
1664448598286	9.042477	-1.0677971	-3.44387
1664448598450	9.064013	-1.1001002	-3.6053855
1664448598462	9.030213	-1.0426725	-3.8374894
1664448598471	8.959625	-0.9936196	-3.8665023
1664448598477	8.904591	-0.9349955	-3.7369907
1664448598483	8.911769	-0.9206385	-3.7070804
1664448598491	8.928518	-0.9314062	-3.8063827
1664448598497	9.049655	-0.8955139	-3.8748772
1664448598502	9.15135	-0.77677006	-3.7537405
1664448598508	9.189635	-0.6343971	-3.6352959
1664448598516	9.113065	-0.6128617	-3.7178483
1664448598522	8.962018	-0.7001997	-3.897609
1664448598531	8.893823	-0.7923234	-4.002893
1664448598539	8.965608	-0.8030911	-3.9753757
1664448598613	9.073584	-0.7013961	-3.8614175
1664448598623	9.027821	-0.7217351	-3.8111682
1664448598627	8.9775715	-0.8234301	-3.7477584
1664448598633	9.013464	-0.86889374	-3.6987057
1664448598656	9.079565	-0.9290134	-3.5623147
1664448598666	9.047262	-1.0725827	-3.6532419
1664448598672	8.927322	-1.1324034	-3.8808591
1664448598680	8.848359	-1.1192428	-4.060321
1664448598686	8.947661	-1.041476	-4.025625
1664448598689	9.08794	-1.0342976	-3.8231323
1664448598742	9.142975	-1.07019	-3.6197424
1664448598754	9.036494	-1.1264212	-3.5934215
1664448598816	8.825627	-1.1443675	-3.7932222
1664448598826	8.674879	-1.1515459	-4.045964
1664448598860	8.752646	-1.0689936	-4.0854454
1664448598872	8.952447	-0.9613165	-3.885645
1664448598880	9.116654	-0.88205427	-3.679563
1664448598889	9.11785	-0.88683987	-3.7154553
1664448598896	8.934501	-0.93978107	-3.909573
1664448598904	8.801699	-0.9816555	-4.0591245
1664448598951	8.910572	-0.97806627	-4.08066
1664448598962	9.067601	-0.92183495	-4.0016966
1664448598993	9.06162	-0.9613165	-3.87727
1664448599004	8.965608	-1.0450653	-3.8123646
1664448599009	8.901001	-1.0917253	-3.8135612
1664448599055	8.82802	-1.1407782	-3.8315072
1664448599065	8.804091	-1.2125629	-3.9251266
1664448599070	8.889037	-1.2065809	-3.999304
1664448599076	9.0341015	-1.1192428	-3.8712878
1664448599118	9.164511	-1.0390832	-3.7573297
1664448599127	9.141779	-0.9828519	-3.821936
1664448599223	8.936893	-1.0426725	-3.9490547
1664448599233	8.758628	-1.1036894	-4.028018
1664448599237	8.685647	-1.096511	-4.106981
1664448599242	8.720343	-1.0630114	-4.1775694
1664448599249	8.855537	-1.0271192	-4.0615172
1664448599255	9.069994	-0.9696914	-3.8494534
1664448599261	9.183653	-0.9062816	-3.6975093
1664448599268	9.064013	-0.9708878	-3.7944186
1664448599296	8.867501	-1.061815	-4.0447674
1664448599310	8.747861	-1.1001002	-4.1811585
1664448599412	8.774181	-1.0666007	-4.1464624
1664448599424	8.855537	-1.1048858	-4.048357
1664448599431	8.928518	-1.1886346	-3.938287
1664448599439	9.009874	-1.230509	-3.8844485
1664448599455	9.08794	-1.1623136	-3.8398821
1664448599466	9.060423	-1.1527423	-3.8087754
1664448599472	8.904591	-1.2269198	-3.8554354
1664448599479	8.805288	-1.2556337	-3.9370906
1664448599488	8.85793	-1.2125629	-3.9909291
1664448599496	8.936893	-1.1048858	-4.0088754
1664448599640	8.976375	-1.0534402	-3.97059
1664448599650	8.89143	-1.0630114	-3.9813578
1664448599659	8.790932	-1.0235299	-4.071089
1664448599666	8.807681	-0.9924232	-4.141677
1664448599673	8.928518	-1.0211371	-4.0998025
1664448599681	9.06162	-1.0259227	-3.999304
1664448599687	9.038888	-1.0785648	-3.9335012
1664448599693	8.8447695	-1.1252248	-4.048357
1664448599697	8.749057	-1.0510473	-4.124927
1664448599703	8.7682	-0.99601245	-4.019643
1664448599709	8.807681	-0.97806627	-3.9837506
1664448599742	8.822038	-1.0127622	-4.0651064
1664448599753	8.836395	-1.0331012	-4.1871405
1664448599816	8.940483	-1.0223335	-4.0818563
1664448599825	9.0544405	-1.0139586	-3.9251266
1664448599858	9.005089	-1.0725827	-3.8315072
1664448599868	8.8854475	-1.1312069	-3.917948
1664448599875	8.830413	-1.1407782	-4.12732
1664448599882	8.843574	-1.0438689	-4.1979084
1664448599892	8.897412	-0.99601245	-4.0244284
1664448599903	8.932108	-1.0259227	-3.889234
1664448599994	8.883055	-1.1431711	-3.929912
1664448600005	8.786145	-1.2699906	-4.068696
1664448600012	8.802896	-1.244866	-4.0591245
1664448600018	8.88784	-1.1335998	-3.9370906
1664448600025	8.941679	-1.0103694	-3.9215372
1664448600030	8.952447	-0.974477	-3.9406798
1664448600035	8.95125	-1.0127622	-3.9610188
1664448600065	8.95125	-1.0606186	-3.9370906
1664448600071	8.912965	-1.1240284	-3.9717865
1664448600075	8.8651085	-1.1611172	-4.002893
1664448600111	8.847162	-1.1324034	-4.028018
1664448600115	8.914162	-1.0582259	-4.0148573
1664448600173	8.98475	-0.96849495	-3.946662
1664448600177	9.015857	-0.89431745	-3.9311085
1664448600181	8.969196	-0.95653087	-4.0005
1664448600187	8.898608	-1.0594223	-4.06391
1664448600228	8.904591	-1.11685	-4.031607
1664448600232	8.88784	-1.1204392	-3.9203408
1664448600275	8.906983	-1.1072787	-3.897609
1664448600279	8.92493	-1.0606186	-3.984947
1664448600288	8.920144	-1.0402796	-4.01725
1664448600339	8.932108	-0.98524475	-3.9897327
1664448600347	8.946465	-0.99960166	-3.958626
1664448600355	8.9775715	-1.0235299	-3.9670007
1664448600407	8.9979105	-0.98883396	-4.0005
1664448600416	8.89143	-0.9696914	-3.9753757
1664448600425	8.76461	-1.0534402	-3.972983
1664448600434	8.735896	-1.1324034	-4.028018
1664448600458	8.8543415	-1.0953146	-4.091428
1664448600466	8.972786	-1.0582259	-3.9574296
1664448600501	9.009874	-1.0259227	-3.848257
1664448600513	8.93809	-1.061815	-3.8952162
1664448600520	8.817252	-1.1192428	-3.9885364
1664448600559	8.82802	-1.0737791	-4.057928
1664448600567	8.927322	-1.0127622	-3.972983
1664448600623	9.0015	-1.0127622	-3.7884364
1664448600635	9.025428	-1.076172	-3.7657046
1664448600641	8.973982	-1.1479566	-3.8578284
1664448600651	8.914162	-1.1347961	-3.9275193
1664448600671	9.009874	-1.0474582	-3.972983
1664448600680	9.0544405	-0.9924232	-3.8844485
1664448600728	9.062816	-0.98883396	-3.8267217
1664448600735	9.01466	-1.0271192	-3.8147576
1664448600741	8.8854475	-1.0917253	-3.7836509
1664448600793	8.855537	-1.1276177	-3.8446677
1664448600799	8.912965	-1.0594223	-3.9191444
1664448600805	8.959625	-0.9816555	-3.8629131
1664448600808	8.982357	-0.9936196	-3.8015969
1664448600849	9.003893	-1.041476	-3.7704902
1664448600855	8.975179	-1.1180464	-3.7824545
1664448600899	8.926126	-1.1994023	-3.8724844
1664448600904	8.896215	-1.2257234	-3.9717865
1664448600910	8.910572	-1.1874382	-3.9346976
1664448600959	8.9775715	-1.0689936	-3.8641095
1664448600968	8.976375	-0.9936196	-3.8470607
1664448600974	8.89502	-1.0199406	-3.9717865
1664448600988	8.9057865	-1.0797613	-3.9801614
1664448601016	8.957232	-1.1144571	-3.8171504
1664448601053	9.035298	-1.1527423	-3.6580276
1664448601060	8.975179	-1.2149557	-3.7310088
1664448601068	8.851949	-1.1766706	-3.868895
1664448601102	8.880662	-1.0737791	-3.8964126
1664448601113	9.002696	-0.90029955	-3.865306
1664448601127	9.116654	-0.87607217	-3.708277
1664448601132	9.133404	-0.9457632	-3.618546
1664448601177	9.078369	-1.0977074	-3.6915271
1664448601184	8.960822	-1.2029916	-3.795615
1664448601191	8.890233	-1.1778669	-3.821936
1664448601238	8.936893	-1.1324034	-3.8518462
1664448601243	8.964411	-1.1108679	-3.8015969
1664448601295	9.030213	-1.1001002	-3.760919
1664448601301	8.985947	-1.1347961	-3.8350966
1664448601309	8.883055	-1.2209377	-3.9454653
1664448601317	8.872287	-1.2412767	-3.9478583
1664448601343	8.964411	-1.1766706	-3.8724844
1664448601350	9.078369	-1.0450653	-3.8207395
1664448601392	9.086744	-1.0342976	-3.7812579
1664448601400	9.073584	-1.0869397	-3.7657046
1664448601408	9.046066	-1.0713863	-3.7070804
1664448601462	8.962018	-1.0594223	-3.679563
1664448601469	8.8340025	-1.096511	-3.7334015
1664448601476	8.788539	-1.1407782	-3.8410785
1664448601487	8.88784	-1.0809577	-3.9406798
1664448601510	9.062816	-0.97806627	-3.827918
1664448601518	9.172886	-0.8461619	-3.734598
1664448601560	9.153743	-0.76241314	-3.626921
1664448601566	9.080762	-0.9529416	-3.9071803
1664448601624	8.945269	-1.1359925	-4.232604
1664448601631	8.985947	-1.0175478	-4.185944
1664448601637	9.08794	-0.8979067	-4.06391
1664448601641	9.169296	-0.7049854	-3.9717865
1664448601669	9.250652	-0.54705906	-3.7226338
1664448601673	9.29133	-0.62961143	-3.6173496
1664448601718	9.21476	-0.76959157	-3.6951163
1664448601728	9.042477	-0.87966144	-3.9323049
1664448601734	8.953643	-0.8222337	-4.1297126
1664448601795	8.952447	-0.520738	-4.086642
1664448601801	8.769396	-0.35443684	-4.0268216
1664448601810	8.552845	-0.317049	-4.0064826
1664448601816	8.300103	-0.48364928	-3.685545
1664448601847	8.448459	-0.51475596	-3.3230324
1664448601854	8.804091	-0.4657031	-3.144468
1664448601892	9.068798	-0.48245287	-3.065505
1664448601900	9.116654	-0.45254257	-3.3146574
1664448601905	9.206385	-0.2620141	-3.8374894
1664448601960	9.30808	-0.0047856453	-3.9538403
1664448601968	9.323633	0.1471586	-3.699902
1664448601972	9.152547	0.061016977	-3.714259
1664448601988	9.092726	-0.08255238	-3.7214375
1664448602020	9.206385	-0.17108682	-3.5288153
1664448602032	9.242277	-0.2656033	-3.4127634
1664448602058	9.203992	-0.44656053	-3.3649068
1664448602065	9.242277	-0.49800622	-3.4307094
1664448602106	9.215957	-0.4022933	-3.3170505
1664448602121	9.133404	-0.33529428	-3.2760732
1664448602128	9.029017	-0.42981076	-3.2952158
1664448602183	9.086744	-0.4728816	-3.3086755
1664448602194	9.194421	-0.49082774	-3.252145
1664448602199	9.245867	-0.5697909	-3.26052
1664448602208	9.280562	-0.73848486	-3.1683962
1664448602236	9.218349	-0.8569296	-3.0702906
1664448602247	9.202796	-0.79830545	-3.2473595
1664448602277	9.297313	-0.49920264	-3.7645082
1664448602288	9.372686	-0.30269206	-4.1093736
1664448602297	9.389436	-0.14117654	-4.188337
1664448602333	9.339187	0.09930214	-4.118945
1664448602342	9.265009	0.19621146	-3.766901
1664448602378	9.135797	-0.021535404	-3.610171
1664448602388	9.029017	-0.32063824	-3.8303108
1664448602393	9.0182495	-0.61405814	-3.9107695
1664448602439	9.109476	-0.86171526	-3.638885
1664448602448	9.169296	-0.9098708	-3.484548
1664448602457	9.104691	-0.79710907	-3.6568313
1664448602478	9.036494	-0.6750751	-3.9203408
1664448602489	9.0436735	-0.6056832	-3.9693937
1664448602537	9.080762	-0.6439684	-3.87727
1664448602547	9.052048	-0.88325065	-3.821936
1664448602554	8.993125	-1.2616158	-3.9047875
1664448602558	8.8854475	-1.5981064	-3.8712878
1664448602597	9.020642	-1.7057835	-3.8641095
1664448602606	8.867501	-2.0072792	-3.8099718
1664448602648	8.816056	-2.2851455	-3.9634116
1664448602654	8.502596	-2.5423741	-4.232604
1664448602659	7.9100733	-2.5749762	-4.595416
1664448602696	7.4192457	-2.3868406	-4.634897
1664448602703	7.5999036	-1.9965113	-4.3235316
1664448602742	8.357532	-1.5299109	-3.9861434
1664448602751	9.527023	-1.0139586	-3.3062828
1664448602758	10.659427	-0.104087785	-2.367698
1664448602806	10.50509	0.4322036	-2.6811578
1664448602812	9.329616	-0.4429713	-3.6532419
1664448602821	8.610273	-1.7297117	-4.4315076
1664448602862	8.377871	-2.6048865	-4.1572304
1664448602873	8.273783	-3.0200412	-3.6424742
1664448602881	8.243873	-2.9769704	-3.3469608
1664448602911	8.42453	-2.5435705	-3.1420753
1664448602919	8.991928	-1.9761724	-2.9219356
1664448602925	9.518648	-1.4605191	-2.4765713
1664448602965	9.770194	-1.250848	-2.4131618
1664448602973	9.826426	-1.3214363	-2.524428
1664448602978	9.846765	-1.2687942	-2.5950162
1664448603016	9.663713	-1.4051851	-2.7412775
1664448603028	9.2793665	-1.6543378	-3.2593236
1664448603064	9.230313	-1.6196418	-3.4558342
1664448603071	9.489935	-1.7931215	-3.35055
1664448603080	9.439685	-2.3246272	-3.4534414
1664448603114	9.066405	-2.7939196	-3.7441692
1664448603121	8.896215	-2.7412775	-3.74058
1664448603173	8.958429	-2.0518453	-3.2377882
1664448603179	8.932108	-1.358525	-3.0032916
1664448603187	8.904591	-1.3740784	-3.5730824
1664448603238	8.981161	-1.5490535	-4.418048
1664448603242	9.220742	-1.7237296	-4.3618164
1664448603251	9.904192	-1.7273189	-3.7836509
1664448603257	10.082458	-1.4844474	-3.3601213
1664448603286	9.828818	-1.0522437	-3.606582
1664448603294	9.220742	-0.7755736	-3.9741793
1664448603335	8.622237	-0.33050862	-4.2134614
1664448603341	8.109874	0.014356935	-4.06391
1664448603380	7.875078	0.05623133	-3.5766716
1664448603389	7.998608	-0.40588254	-3.2413774
1664448603396	8.660522	-0.6044868	-3.2820554
1664448603435	9.345169	-0.79710907	-3.4522448
1664448603443	9.814461	-0.8557332	-3.39721
1664448603450	9.97837	-0.49322057	-3.211467
1664448603482	9.562916	0.02871387	-3.0906296
1664448603490	8.8136635	0.13878371	-3.3062828
1664448603527	8.3013	0.05503492	-3.39721
1664448603551	8.251051	-0.28235307	-3.2676985
1664448603558	8.666505	-0.68464637	-3.231806
1664448603565	9.15135	-0.878465	-2.9709885
1664448603598	9.450453	-0.91465646	-2.7003005
1664448603605	9.485149	-0.9661021	-2.6632116
1664448603649	9.505488	-0.878465	-3.095415
1664448603655	9.824033	-0.4860421	-3.7501514
1664448603659	10.215558	0.0071784677	-3.6687953
1664448603697	10.396216	0.078963146	-2.8525436
1664448603704	9.990334	-0.5769694	-3.1779675
1664448603749	9.650553	-0.6044868	-5.0048876
1664448603756	8.926126	-0.5554339	-5.4810596
1664448603765	8.417352	-1.1180464	-4.7916274
1664448603797	8.740682	-1.8134605	-4.3151565
1664448603805	8.633005	-2.219343	-3.87727
1664448603812	7.5376906	-2.5423741	-3.5551362
1664448603854	6.5811596	-2.7903304	-3.6352959
1664448603860	6.9858456	-2.5339992	-4.2888355
1664448603919	8.259425	-1.7572291	-4.6935215
1664448603927	9.730712	-1.0163515	-4.319942
1664448603933	10.53141	-0.44536412	-3.091826
1664448603939	10.293324	-0.52911294	-2.2971098
1664448603968	9.570094	-1.0319048	-2.7879374
1664448603975	8.962018	-1.6292131	-3.6041892
1664448603989	8.447262	-2.37368	-3.760919
1664448604015	8.274979	-2.94706	-3.551547
1664448604029	8.274979	-3.118147	-3.26052
1664448604065	8.524132	-2.780759	-3.2497523
1664448604073	8.994321	-2.0279171	-2.9769704
1664448604080	9.693624	-1.265205	-1.9905293
1664448604156	10.36152	-0.4010969	-1.2951152
1664448604168	10.330414	-0.040677983	-1.7129619
1664448604232	9.692428	-0.14955142	-2.597409
1664448604244	9.6326065	-0.5243273	-2.6153553
1664448604252	9.889835	-1.6184454	-3.0403802
1664448604259	9.249456	-2.6084757	-4.389334
1664448604266	7.899007	-3.1459637	-5.144868
1664448604271	8.066803	-3.2727833	-4.516453
1664448604278	9.18126	-2.8573294	-4.121338
1664448604288	10.027422	-2.0925233	-4.092624
1664448604347	9.755837	-1.8254246	-3.63051
1664448604359	9.42174	-1.3106686	-3.8700914
1664448604425	9.189635	-0.07298109	-3.815954
1664448604435	8.879466	0.72053874	-3.4331024
1664448604440	8.8136635	0.9098708	-3.0882368
1664448604446	8.976375	0.52193445	-2.9626136
1664448604471	9.111869	-0.12083755	-3.309872
1664448604482	9.162118	-0.80548394	-3.6687953
1664448604491	9.287741	-1.3417753	-3.4881372
1664448604499	9.364311	-1.1922239	-3.673581
1664448604507	9.15494	-0.6942177	-4.118945
1664448604559	8.933304	-0.23928227	-3.854239
1664448604574	8.987143	0.26470602	-3.075076
1664448604638	9.083155	0.55304116	-2.5734808
1664448604650	9.046066	0.37716866	-2.5674987
1664448604661	8.982357	-0.07537391	-2.908775
1664448604670	9.05803	-0.59970117	-2.9051857
1664448604676	9.202796	-0.9876375	-2.7326035
1664448604682	9.375079	-1.055833	-2.4837499
1664448604687	9.355937	-1.0007981	-2.181058
1664448604693	9.556933	-0.7959126	-2.3389843
1664448604741	10.286146	-0.33409786	-2.8872397
1664448604752	10.603195	-0.27517462	-3.2940195
1664448604848	10.3232355	-0.64636123	-3.9693937
1664448604858	9.385847	-0.79830545	-4.5834517
1664448604865	8.456834	-0.88683987	-4.6899323
1664448604871	7.986644	-1.1515459	-4.557131
1664448604882	8.229515	-1.6124634	-4.6025944
1664448604891	8.909376	-1.8278174	-4.770092
1664448604899	8.65454	-2.03031	-4.4279184
1664448604907	7.589136	-2.0386848	-3.9670007
1664448604945	6.995417	-1.7775681	-3.6903307
1664448604955	7.510173	-1.3884354	-3.5491543
1664448604987	8.75145	-1.102493	-3.484548
1664448604994	10.033404	-1.0713863	-3.4390843
1664448604999	10.665409	-0.8449655	-3.231806
1664448605006	10.154541	-1.0091729	-2.4131618
1664448605073	9.46481	-1.2951152	-2.3700907
1664448605085	8.950054	-1.6866409	-3.0236306
1664448605089	8.953643	-2.1619153	-3.423531
1664448605096	8.893823	-2.548356	-3.382853
1664448605106	8.659326	-2.71376	-3.2700913
1664448605113	8.753842	-2.4191437	-3.1887352
1664448605146	9.243474	-1.7297117	-2.4011974
1664448605224	9.862318	-1.0833504	-1.4733806
1664448605235	10.416555	-0.4956134	-0.98853487
1664448605245	10.3028965	-0.4022933	-1.2771691
1664448605254	9.721141	-0.48245287	-2.3808584
1664448605263	9.736694	-0.7157531	-2.7592237
1664448605273	10.132707	-1.5717853	-3.042773
1664448605281	9.360723	-2.199004	-4.2050867
1664448605287	7.879864	-2.670689	-4.8825545
1664448605348	7.912466	-2.815455	-4.4192443
1664448605361	9.021839	-2.2348964	-4.1057844
1664448605373	9.97478	-1.7165512	-4.2505503
1664448605397	9.924531	-1.4976078	-4.158427
1664448605408	9.603892	-0.98524475	-3.9346976
1664448605412	9.220742	-0.32662028	-3.5431721
1664448605473	8.817252	0.18664017	-3.0284162
1664448605485	8.607881	0.48245287	-2.6608188
1664448605492	8.622237	0.1698904	-2.841776
1664448605502	8.886644	-0.4429713	-3.4055848
1664448605508	9.229117	-0.87966144	-3.7166517
1664448605560	9.306884	-1.0103694	-3.6460636
1664448605573	9.195618	-0.87248296	-3.6053855
1664448605638	9.077172	-0.48245287	-3.7824545
1664448605649	9.081959	-0.11485548	-3.5623147
1664448605657	9.097511	0.1902294	-2.8728826
1664448605663	9.027821	0.23479572	-2.565106
1664448605670	9.012267	0.05503492	-2.5818555
1664448605679	9.046066	-0.23688944	-2.8166513
1664448605686	9.0436735	-0.5662017	-2.9279177
1664448605691	9.073584	-0.8437691	-2.9853454
1664448605742	9.237492	-0.99720883	-3.030809
1664448605753	9.590433	-0.86171526	-3.2952158
1664448605771	9.920941	-0.5386842	-3.6640096
1664448605848	9.9293165	-0.124426775	-3.4630125
1664448605860	9.967602	0.16151553	-2.5196424
1664448605870	10.307682	0.011964113	-2.2360928
1664448605882	10.005887	-0.5590232	-3.2976086
1664448605892	9.298509	-0.77677006	-4.7784667
1664448605901	8.430512	-0.9529416	-5.3219366
1664448605911	8.22473	-0.89431745	-5.0922256
1664448605944	8.385049	-1.2376875	-4.3211384
1664448605955	8.643773	-1.9474585	-3.944269
1664448605961	8.644969	-2.507678	-3.964608
1664448605970	7.9722867	-2.728117	-4.279264
1664448605989	7.111469	-2.600101	-4.633701
1664448605998	7.003792	-2.1020947	-4.662415
1664448606072	7.635796	-1.631606	-4.5918264
1664448606084	8.774181	-1.4111671	-4.189533
1664448606093	10.066904	-1.4350954	-3.225824
1664448606098	11.064113	-0.9732806	-1.9378872
1664448606106	10.729117	-0.8389834	-1.5188441
1664448606113	9.559326	-1.5179468	-2.6656044
1664448606147	8.763413	-2.2791636	-3.6867416
1664448606158	8.359924	-2.6347969	-4.1165524
1664448606223	8.152945	-2.6742785	-4.0328035
1664448606230	8.506186	-2.3808584	-3.370889
1664448606243	9.242277	-1.8984057	-2.4143581
1664448606250	10.029816	-1.3920245	-1.4961123
1664448606256	10.432109	-0.9062816	-0.96460664
1664448606275	10.416555	-0.68345	-1.2376875
1664448606287	10.120743	-0.5374878	-2.3605196
1664448606349	9.956834	-0.9589237	-3.3493536
1664448606360	9.70798	-1.1383854	-3.8183467
1664448606426	8.700004	-1.852942	-5.0862436
1664448606437	7.9746795	-3.2333016	-5.689534
1664448606446	8.277371	-3.1603205	-5.1125646
1664448606454	9.377472	-2.341377	-4.2074795
1664448606473	9.798908	-1.852942	-3.6400814
1664448606484	9.673285	-1.326222	-3.3457642
1664448606492	9.217153	-0.4848457	-3.26052
1664448606499	8.456834	0.15433706	-3.4606197
1664448606505	8.068	0.5721837	-3.2712877
1664448606559	8.308478	0.40947178	-3.0535407
1664448606566	8.680861	-0.26919255	-3.4881372
1664448606638	9.077172	-0.73011	-3.8004005
1664448606652	9.462418	-1.0666007	-3.598207
1664448606663	9.534202	-1.1312069	-3.2569308
1664448606672	9.402596	-0.67028946	-3.10379
1664448606680	9.236296	0.05383851	-3.2629128
1664448606688	8.950054	0.4022933	-3.4247274
1664448606695	8.8447695	0.28145576	-3.4067812
1664448606704	8.93809	-0.13399807	-3.2353954
1664448606742	9.152547	-0.53270215	-2.8573294
1664448606752	9.268599	-0.7013961	-2.42034
1664448606773	9.340384	-0.8593224	-2.1460629
1664448606812	9.345169	-1.0570294	-2.2671995
1664448606824	9.370294	-1.0809577	-2.6021945
1664448606872	9.450453	-0.7217351	-2.951846
1664448606882	9.522238	-0.21535404	-3.1456645
1664448606891	9.515059	0.101694964	-3.1289146
1664448606900	9.589237	0.20219351	-3.1360931
1664448606907	10.083653	0.33409786	-3.3326037
1664448606989	10.422537	0.15074782	-3.1719856
1664448607002	10.319646	-0.38793638	-3.1133614
1664448607010	9.594321	-0.994816	-3.4211383
1664448607020	8.758628	-1.1766706	-3.8629131
1664448607035	8.811271	-0.8991031	-4.4192443
1664448607039	8.942876	-0.79710907	-4.3414774
1664448607072	8.873484	-1.0307083	-4.05075
1664448607081	8.538488	-1.5442679	-4.0100718
1664448607091	8.181659	-2.1882362	-4.2517467
1664448607098	8.045268	-2.5905297	-4.6396832
1664448607108	7.8547397	-2.658725	-4.6552362
1664448607118	7.589136	-2.3904297	-4.3354955
1664448607196	7.6800632	-1.8756739	-3.9753757
1664448607204	8.313264	-1.3357933	-3.7094734
1664448607223	9.213564	-0.82701933	-3.5491543
1664448607235	9.990334	-0.61405814	-3.3409786
1664448607245	10.3136635	-0.56380886	-2.8082764
1664448607253	10.063314	-0.8712866	-2.1735802
1664448607260	9.65175	-1.4676976	-2.9159534
1664448607272	8.996714	-2.1559331	-3.8027935
1664448607284	8.62822	-2.6084757	-4.0591245
1664448607393	8.53131	-2.5052853	-3.7980077
1664448607401	8.551649	-2.0470598	-3.354139
1664448607407	8.71795	-1.6459628	-2.8310082
1664448607412	9.041281	-1.3154542	-2.43709
1664448607426	9.305687	-1.198206	-2.42034
1664448607433	9.515059	-1.1108679	-2.6392834
1664448607474	9.703195	-1.0929217	-2.544767
1664448607484	9.984351	-0.9625129	-2.1005993
1664448607489	10.183255	-0.8593224	-1.852942
1664448607494	9.814461	-0.8856435	-2.4502504
1664448607497	9.24826	-0.75643104	-3.0690942
1664448607563	9.679267	-0.65353966	-2.9207392
1664448607574	9.843175	-1.3549358	-3.286841
1664448607580	8.516953	-2.4538395	-4.735396
1664448607586	7.4718876	-3.2763724	-5.1388855
1664448607619	8.616255	-2.9566314	-4.1931224
1664448607630	10.139885	-2.4023938	-3.6484563
1664448607674	10.889437	-2.0267208	-3.5300117
1664448607682	10.506286	-1.2161521	-3.441477
1664448607686	9.473185	-0.16390835	-3.3086755
1664448607691	8.7418785	0.36281174	-3.2186456
1664448607741	8.27139	0.4764708	-3.0200412
1664448607750	8.084749	-0.07776674	-3.2102706
1664448607754	8.212766	-0.93260264	-3.9215372
1664448607773	8.8340025	-1.5490535	-4.363013
1664448607785	9.674481	-1.7380866	-4.0016966
1664448607843	10.072886	-1.352543	-2.9865417
1664448607855	9.8886385	-0.6128617	-2.7122645
1664448607872	9.457631	0.07058827	-2.8345976
1664448607884	8.959625	0.47048876	-2.888436
1664448607892	8.550452	0.40947178	-2.9566314
1664448607998	8.44128	0.008374879	-3.1480572
1664448608009	8.599505	-0.36640096	-3.3529427
1664448608022	8.82443	-0.63798636	-3.138486
1664448608038	8.963215	-0.94695956	-2.5196424
1664448608043	9.066405	-1.1647065	-2.082653
1664448608053	9.12144	-1.1455638	-2.0024934
1664448608069	9.148957	-1.035494	-2.1822543
1664448608076	9.359526	-0.6942177	-2.8752756
1664448608083	10.096814	-0.023928227	-4.0854454
1664448608091	11.0019	0.64995044	-4.901697
1664448608111	10.417751	0.3293122	-4.56072
1664448608121	9.162118	-0.38793638	-4.0734816
1664448608188	8.709576	-1.183849	-3.9131622
1664448608201	8.612666	-2.2229323	-4.112963
1664448608208	8.68804	-2.8334012	-4.578666
1664448608215	8.978767	-2.7017958	-4.7485566
1664448608240	8.7012005	-2.292324	-4.3941197
1664448608249	7.778169	-1.785943	-3.9550366
1664448608257	7.233503	-1.3298112	-3.673581
1664448608272	7.6011004	-1.0845468	-3.44387
1664448608286	8.571988	-1.0881361	-3.705884
1664448608390	9.783355	-1.224527	-3.7274194
1664448608402	10.561321	-1.1395818	-3.2365918
1664448608410	10.304092	-1.1120644	-2.4825535
1664448608417	9.500702	-1.5167505	-2.4358935
1664448608422	8.787342	-1.9366908	-3.091826
1664448608430	8.315657	-2.4131618	-3.565904
1664448608475	8.27139	-2.76042	-3.8315072
1664448608486	8.566006	-2.7185457	-3.4055848
1664448608494	9.012267	-2.2827528	-2.874079
1664448608502	9.420543	-1.5287145	-2.5782664
1664448608508	9.602696	-1.0331012	-2.2241287
1664448608603	9.748658	-0.9086744	-1.7835501
1664448608616	10.013065	-0.79830545	-1.6133606
1664448608625	10.035797	-0.71694946	-1.852942
1664448608630	9.68166	-0.8748758	-2.3485553
1664448608637	9.280562	-0.99720883	-2.7338
1664448608640	9.49472	-1.0187442	-2.6285157
1664448608663	10.031012	-1.3094722	-2.9566314
1664448608670	9.768997	-2.0662024	-3.8676987
1664448608676	8.113463	-2.8908288	-4.57747
1664448608681	7.8547397	-3.4247274	-4.365406
1664448608702	9.127422	-3.1348968	-4.8681974
1664448608731	10.310075	-2.3282163	-4.421637
1664448608740	10.256236	-1.4581263	-3.6281173
1664448608755	9.564112	-0.74446696	-2.8848467
1664448608785	9.017053	-0.09571291	-2.5674987
1664448608819	8.67129	0.474078	-2.5375884
1664448608825	8.462815	0.44656053	-3.112165
1664448608834	8.437691	-0.32662028	-3.7836509
1664448608864	8.776574	-1.2831511	-4.002893
1664448608874	9.352347	-1.6220347	-3.8398821
1664448608894	9.624231	-1.352543	-3.292823
1664448608936	9.633803	-0.8365906	-2.9566314
1664448608941	9.4229355	-0.2548356	-3.10379
1664448608952	9.209974	0.29222345	-3.2784662
1664448608981	9.073584	0.45972106	-3.1492536
1664448608989	8.983554	0.32452658	-3.0176485
1664448609015	8.892626	-0.043070808	-2.9315069
1664448609023	8.775378	-0.40468612	-2.766402
1664448609061	8.619844	-0.7516454	-2.6225336
1664448609068	8.705986	-1.0857433	-2.43709
1664448609095	9.160921	-1.3022938	-2.4765713
1664448609102	9.887443	-1.0426725	-2.780759
1664448609125	10.349556	-0.6044868	-3.0822546
1664448609143	10.533804	-0.22851457	-3.0415766
1664448609184	10.350753	0.17587246	-2.6608188
1664448609191	10.277771	0.18065812	-2.6632116
1664448609223	9.858728	-0.41665024	-3.4534414
1664448609229	9.296116	-0.6308079	-4.479364
1664448609236	8.586345	-0.8006983	-4.851448
1664448609273	8.219944	-1.055833	-4.900501
1664448609284	8.164909	-1.4099708	-4.465007
1664448609294	8.374281	-1.7727824	-4.2038903
1664448609313	8.488239	-2.268396	-4.363013
1664448609345	8.137392	-2.510071	-4.5284166
1664448609356	7.5604224	-2.5292134	-4.290032
1664448609378	7.4623165	-2.1918256	-3.8808591
1664448609418	7.885846	-1.7560327	-3.6161532
1664448609431	8.75145	-1.3477573	-3.411567
1664448609441	9.969995	-1.0366904	-3.1217363
1664448609464	10.7889385	-0.5099703	-2.565106
1664448609473	10.5385895	-0.5482555	-2.3282163
1664448609492	9.498309	-1.3740784	-2.746063
1664448609502	8.836395	-2.1619153	-3.1719856
1664448609549	8.429316	-2.5591238	-3.482155
1664448609558	8.173284	-2.6671	-3.5706897
1664448609578	8.491829	-2.37368	-3.193521
1664448609586	9.178867	-1.8577276	-2.2552354
1664448609625	9.8348	-1.4820545	-1.3776677
1664448609632	10.383056	-0.95772725	-0.9873384
1664448609644	10.167702	-0.79950184	-1.3501502
1664448609668	9.739087	-0.51236314	-2.1723838
1664448609696	9.873085	-0.317049	-2.6811578
1664448609710	10.390234	-1.0211371	-2.8501508
1664448609718	9.29492	-1.9522442	-3.687938
1664448609745	8.03809	-3.0188448	-5.172385
1664448609757	8.554042	-3.5156546	-5.488238
1664448609781	9.692428	-2.8046873	-4.4602213
1664448609812	10.276575	-2.0386848	-3.6699917
1664448609831	9.820443	-1.3609179	-3.342175
1664448609839	9.12144	-0.44177487	-3.2509487
1664448609863	8.726325	0.3472584	-3.4283166
1664448609871	8.738289	0.6858428	-3.2940195
1664448609896	8.776574	0.4022933	-2.9913275
1664448609915	8.903394	-0.20338993	-3.2760732
1664448609949	9.126225	-0.5135596	-3.7621155
1664448609958	9.286545	-0.69541407	-4.0016966
1664448609980	9.253045	-0.96729857	-3.7130625
1664448609989	9.227921	-0.72412795	-3.411567
1664448610018	9.071191	-0.2883351	-3.1959138
1664448610034	8.953643	-0.09332009	-2.844169
1664448610039	8.990732	-0.049052864	-2.5938199
1664448610063	9.060423	-0.21774685	-2.746063
1664448610080	9.083155	-0.5769694	-2.8657043
1664448610117	9.134601	-0.8808578	-2.71705
1664448610123	9.303294	-0.9696914	-2.4993033
1664448610145	9.47797	-1.0689936	-2.2731814
1664448610161	9.57488	-1.1096715	-2.288735
1664448610203	9.617053	-0.8919246	-2.4634109
1664448610209	9.710373	-0.35563326	-2.8597221
1664448610227	9.773783	0.10887343	-3.0702906
1664448610245	9.839586	0.2117648	-2.8920252
1664448610284	9.89821	-0.17347965	-2.684747
1664448610293	9.81805	-0.7492526	-3.0583265
1664448610321	9.617053	-1.0127622	-3.7776687
1664448610329	9.060423	-0.927817	-4.310371
1664448610340	8.630612	-0.58893347	-4.7629137
1664448610366	8.556435	-0.24047868	-4.800002
1664448610416	8.494222	-0.4214359	-4.200301
1664448610426	8.739486	-1.1706885	-4.2517467
1664448610432	8.743074	-2.0207388	-4.4060836
1664448610454	8.0715885	-2.5184457	-4.4482574
1664448610461	7.2346992	-2.618047	-4.5966125
1664448610480	7.166504	-2.3318057	-4.041178
1664448610496	7.9591265	-1.8625133	-3.6568313
1664448610530	9.177671	-1.3704891	-3.5874393
1664448610537	10.367502	-1.090529	-3.0379875
1664448610570	11.113166	-0.72771716	-2.2301106
1664448610577	10.603195	-0.49920264	-1.6292131
1664448610587	9.513863	-0.8856435	-2.2636101
1664448610614	8.835198	-1.745265	-3.1360931
1664448610657	8.612666	-2.579762	-3.5635111
1664448610666	8.406584	-2.9303105	-3.671188
1664448610678	8.423334	-2.707778	-3.5539398
1664448610705	8.898608	-2.0805593	-3.083451
1664448610712	9.449257	-1.1503495	-2.2360928
1664448610732	10.106385	-0.48245287	-1.0459626
1664448610747	10.597214	-0.27038896	-0.39601216
1664448610793	10.556536	-0.34366915	-0.9813564
1664448610804	9.864711	-0.44775695	-2.1978076
1664448610816	9.486345	-0.39631125	-2.9949167
1664448610827	10.011869	-0.9349955	-2.8788648
1664448610848	9.590433	-1.8577276	-3.7944186
1664448610863	7.8080792	-2.8345976	-5.581857
1664448610906	7.6334033	-3.10379	-5.590232
1664448610912	9.101101	-2.376073	-4.3701916
1664448610920	10.3746805	-1.7991035	-3.9215372
1664448610959	10.191629	-1.5191432	-3.6568313
1664448610970	9.4839525	-1.0235299	-3.2174492
1664448610982	8.787342	-0.09930214	-2.80708
1664448610997	8.725129	0.52193445	-2.7915268
1664448611040	9.03141	0.44177487	-2.914757
1664448611045	9.280562	-0.033499517	-3.2820554
1664448611067	9.52822	-0.5171488	-3.69392
1664448611073	9.525827	-0.9625129	-3.8374894
1664448611092	9.524631	-1.1132607	-3.5324044
1664448611116	9.479167	-0.76241314	-3.0272198
1664448611159	9.190832	-0.30149564	-2.7098715
1664448611165	8.867501	0.09212367	-2.664408
1664448611173	8.665308	0.2009971	-2.7819555
1664448611206	8.570791	-0.025124637	-2.9183464
1664448611214	8.6294155	-0.29192436	-2.874079
1664448611233	8.945269	-0.53629136	-2.8118658
1664448611252	9.311669	-0.7791629	-2.868097
1664448611294	9.580862	-0.8955139	-2.7520452
1664448611304	9.764212	-0.9062816	-2.4478576
1664448611329	9.956834	-0.7360921	-2.088635
1664448611336	10.015458	-0.36759737	-1.8433708
1664448611345	9.901799	-0.104087785	-1.7548363
1664448611367	9.831211	-0.033499517	-2.225325
1664448611417	9.94128	0.0023928226	-3.0978081
1664448611427	10.17488	-0.013160525	-4.28405
1664448611447	9.759426	-0.11724831	-4.9869413
1664448611455	8.660522	-0.59730834	-4.5008993
1664448611487	8.289336	-1.50359	-4.263711
1664448611496	8.375478	-2.2157538	-4.900501
1664448611510	8.503793	-2.0985055	-5.209474
1664448611542	7.878668	-1.7727824	-4.7629137
1664448611548	7.0815587	-1.509572	-4.3259244
1664448611556	7.170093	-1.2975081	-4.039982
1664448611589	8.12782	-1.1312069	-3.854239
1664448611597	9.475577	-1.1144571	-3.7561333
1664448611634	10.527822	-1.1730813	-3.3110683
1664448611642	10.961222	-0.9816555	-2.288735
1664448611667	10.635498	-0.70618176	-1.3058829
1664448611675	9.58804	-1.0307083	-1.9977078
1664448611699	8.756235	-1.8421743	-3.3493536
1664448611707	8.338388	-2.5411777	-4.0734816
1664448611726	8.217551	-2.6563323	-4.2242293
1664448611752	8.668898	-2.300699	-3.2018957
1664448611764	9.322437	-1.5167505	-2.0048864
1664448611800	9.646963	-1.0007981	-1.4769697
1664448611810	9.880263	-0.9026923	-1.6471593
1664448611851	9.984351	-0.9924232	-1.8541385
1664448611861	9.839586	-1.1036894	-2.070689
1664448611888	9.709177	-1.0402796	-2.178366
1664448611896	9.426525	-0.86530447	-2.2695923
1664448611904	9.413364	-0.46331027	-2.239682
1664448611935	10.044172	-0.52911294	-2.0778673
1664448611943	10.349556	-1.2149557	-2.6333013
1664448611970	9.337991	-1.8684953	-4.095017
1664448611985	8.219944	-2.5256243	-4.7102714
1664448612034	8.823235	-2.8429725	-4.2577286
1664448612038	10.167702	-2.3018954	-4.2314076
1664448612051	10.529017	-1.637588	-3.8350966
1664448612057	9.7247305	-1.4820545	-3.2473595
1664448612100	8.922537	-1.0307083	-3.2186456
1664448612109	8.3013	-0.16271193	-3.3409786
1664448612120	8.17448	0.43938205	-3.5264223
1664448612156	8.411369	0.5554339	-3.3876386
1664448612166	8.952447	0.2009971	-3.2964122
1664448612186	9.445667	-0.2835495	-3.313461
1664448612199	9.6529455	-0.64875406	-2.972185
1664448612214	9.518648	-0.9098708	-2.9075787
1664448612235	9.317652	-0.8006983	-3.464209
1664448612249	9.196814	-0.25244278	-3.9143589
1664448612294	9.129815	0.23479572	-3.6161532
1664448612301	9.092726	0.42981076	-2.9578278
1664448612322	9.089137	0.28384858	-2.5782664
1664448612329	9.1465645	0.046660043	-2.5459633
1664448612342	9.129815	-0.23449662	-2.6871397
1664448612370	8.981161	-0.58534425	-2.7819555
1664448612404	8.9775715	-0.8210373	-2.5962126
1664448612414	9.101101	-0.8967103	-2.3461626
1664448612426	9.312865	-0.8772686	-2.1664019
1664448612461	9.517452	-0.81625164	-2.14367
1664448612466	9.615857	-0.74207413	-2.149652
1664448612487	9.698409	-0.69182485	-2.2205393
1664448612504	9.84796	-0.47886363	-2.2899313
1664448612545	9.937692	-0.25842485	-2.3557339
1664448612551	10.098011	-0.047856454	-2.8692935
1664448612559	10.2682	0.03589234	-3.8183467
1664448612591	9.917353	-0.08853444	-4.651647
1664448612599	8.871091	-0.25004998	-4.505685
1664448612630	8.355139	-0.3687938	-4.068696
1664448612636	8.490632	-0.5949155	-4.074678
1664448612668	8.830413	-1.0713863	-4.2828536
1664448612675	9.092726	-1.6411772	-4.37737
1664448612691	9.114262	-2.1164517	-4.3462634
1664448612739	8.842377	-2.1224337	-4.0328035
1664448612751	8.401798	-1.7404794	-3.6843486
1664448612815	7.923234	-1.317847	-3.8880377
1664448612822	7.4802628	-1.0139586	-4.034
1664448612852	7.6477604	-0.73489565	-4.0555353
1664448612865	8.367103	-0.82701933	-3.984947
1664448612887	9.1681	-1.1216356	-4.06391
1664448612899	9.709177	-1.5921243	-4.0160537
1664448612910	10.31486	-1.7979071	-2.9805596
1664448612917	10.839188	-1.6507485	-2.2169502
1664448612990	10.39502	-1.4820545	-1.8565313
1664448613003	9.282955	-1.6351951	-2.5268207
1664448613011	8.56481	-1.9235303	-3.5084763
1664448613018	8.302496	-2.099702	-4.182355
1664448613034	8.330014	-1.9199411	-4.133302
1664448613039	8.664112	-1.59691	-3.4151561
1664448613042	9.232706	-1.1120644	-2.481357
1664448613088	9.764212	-0.7791629	-1.718944
1664448613102	10.119546	-0.77796644	-1.6926229
1664448613111	10.391431	-0.8605189	-1.6854445
1664448613240	10.264611	-1.0570294	-1.9007984
1664448613249	9.585648	-1.489233	-2.672783
1664448613255	9.315259	-1.2364911	-3.292823
1664448613260	9.5353985	-1.1264212	-3.4307094
1664448613266	8.776574	-1.3800604	-3.7094734
1664448613270	7.973483	-2.2995026	-4.770092
1664448613275	8.162517	-2.740081	-4.8323054
1664448613283	9.4839525	-1.9522442	-4.2673
1664448613288	10.570892	-1.5490535	-4.072285
1664448613295	10.529017	-1.2951152	-3.976572
1664448613301	9.748658	-0.6152545	-3.7190447
1664448613439	8.792128	-0.0849452	-3.6807594
1664448613448	8.270193	0.29940194	-3.4019957
1664448613452	8.282157	0.4142574	-3.0415766
1664448613464	8.53131	-0.05503492	-3.2461631
1664448613469	8.842377	-0.5374878	-3.74058
1664448613479	9.003893	-0.92542416	-3.8506498
1664448613484	9.2075815	-1.0989038	-3.498905
1664448613486	9.373882	-0.8545368	-3.1133614
1664448613490	9.393025	-0.30987054	-2.8788648
1664448613496	9.177671	0.03589234	-2.6835506
1664448613503	8.880662	-0.022731815	-2.6464617
1664448613517	8.673683	-0.27876383	-2.6572297
1664448613535	8.78136	-0.55304116	-2.8046873
1664448613555	8.946465	-0.8967103	-2.7711878
1664448613593	9.148957	-1.1192428	-2.6201408
1664448613601	9.479167	-1.1096715	-2.4586253
1664448613615	9.91496	-0.76600236	-2.4394827
1664448613640	10.039387	-0.38673997	-2.4275186
1664448613651	9.955638	-0.101694964	-2.475375
1664448613668	9.874282	0.021535404	-2.6919255
1664448613686	10.096814	0.13878371	-3.0810583
1664448613722	10.47159	0.008374879	-3.313461
1664448613734	10.578071	-0.38315073	-3.4462628
1664448613751	9.969995	-0.7540382	-3.313461
1664448613768	8.918947	-1.0845468	-3.1360931
1664448613787	8.33121	-1.0223335	-3.848257
1664448613804	8.434102	-0.7253244	-4.493721
1664448613835	8.702396	-0.72293156	-4.316353
1664448613848	9.093923	-0.96849495	-4.1668015
1664448613865	8.753842	-1.5897316	-3.807579
1664448613910	8.016554	-2.0410776	-4.0758743
1664448613920	7.463513	-2.1918256	-4.682754
1664448613926	7.1449685	-2.1882362	-4.5726843
1664448613936	7.320841	-1.901995	-4.2050867
1664448613957	8.105088	-1.6196418	-3.8904305
1664448613985	9.241081	-1.1324034	-3.7070804
1664448614001	10.1904335	-0.80787677	-3.5084763
1664448614015	10.975578	-0.6906284	-2.6153553
1664448614034	10.860723	-0.6966105	-1.4494523
1664448614051	9.853943	-1.2089736	-1.9594226
1664448614084	8.8746805	-1.7823538	-3.2449665
1664448614099	8.478668	-2.3282163	-4.1261234
1664448614116	8.382656	-2.7089744	-4.0938206
1664448614137	8.526525	-2.597708	-3.4773695
1664448614152	8.909376	-1.9510478	-2.943471
1664448614167	9.336794	-1.2783655	-2.3892334
1664448614188	9.777372	-0.81984085	-1.6411772
1664448614215	10.147063	-0.520738	-1.332204
1664448614236	10.149456	-0.5303093	-1.494916
1664448614263	9.579665	-0.56380886	-2.2791636
1664448614274	9.444471	-0.8330014	-2.4789643
1664448614283	9.966406	-1.1659029	-2.1005993
1664448614302	10.225129	-1.5490535	-2.396412
1664448614323	8.867501	-2.0036898	-4.0890346
1664448614351	7.967501	-2.8848467	-5.8247285
1664448614369	8.674879	-3.2584262	-5.473881
1664448614384	9.981958	-2.5028925	-4.37737
1664448614402	10.814063	-1.6531414	-3.3314073
1664448614427	10.623534	-1.0606186	-2.862115
1664448614447	9.8348	-0.14117654	-2.6464617
1664448614459	8.793324	0.58893347	-2.908775
1664448614485	8.081161	0.7600203	-3.4199417
1664448614504	7.998608	0.60329044	-3.6293137
1664448614519	8.308478	-0.022731815	-3.618546
1664448614536	8.582756	-0.99601245	-3.571886
1664448614553	9.080762	-1.6567305	-3.39721
1664448614573	9.410972	-1.7476579	-3.0702906
1664448614591	9.390633	-1.3286148	-3.0667014
1664448614629	9.376275	-0.58893347	-3.2748768
1664448614636	9.280562	-0.023928227	-3.01047
1664448614652	9.172886	0.21894327	-2.5124638
1664448614670	9.099904	0.18424734	-2.4717858
1664448614688	9.078369	-0.1363909	-2.705086
1664448614707	8.934501	-0.6152545	-2.8178477
1664448614735	8.841181	-0.98644114	-2.8776684
1664448614775	9.032906	-1.0259227	-2.9973094
1664448614784	9.416953	-0.8461619	-3.1887352
1664448614795	9.706784	-0.5554339	-3.0320053
1664448614804	10.062119	-0.21774685	-2.416751
1664448614828	10.381859	0.10767702	-1.9055841
1664448614845	10.849956	0.16869399	-2.2097716
1664448614861	10.649856	-0.4322036	-3.2413774
1664448614886	9.631411	-1.015155	-4.59063
1664448614904	8.6294155	-0.98524475	-5.2130632
1664448614920	8.266604	-1.0881361	-4.8454657
1664448614939	8.438888	-1.3609179	-4.269693
1664448614960	8.755039	-1.5586249	-3.9658043
1664448614981	8.660522	-1.8050855	-4.0005
1664448615004	7.9519477	-2.1176481	-4.236193
1664448615023	7.192825	-2.2348964	-4.3534417
1664448615039	6.9344	-2.0518453	-4.3785663
1664448615061	7.501798	-1.779961	-4.31396
1664448615077	8.536096	-1.5275182	-4.060321
1664448615091	9.458828	-1.4617156	-3.8904305
1664448615110	10.299307	-1.2831511	-3.5694933
1664448615138	10.663016	-0.97567344	-2.1592233
1664448615154	10.252646	-0.9601201	-1.41356
1664448615172	9.270991	-1.5370895	-2.5627131
1664448615191	8.627023	-2.333002	-3.8614175
1664448615209	8.450851	-2.7891338	-4.2218366
1664448615228	8.665308	-2.7412775	-3.437888
1664448615265	9.000303	-2.376073	-2.4514468
1664448615273	9.1872425	-1.8828523	-2.0371895
1664448615290	9.440882	-1.4940187	-2.2456641
1664448615307	9.701999	-1.2209377	-2.4454648
1664448615324	9.802497	-1.0546366	-2.201397
1664448615345	9.977173	-0.8748758	-1.6268203
1664448615374	10.078868	-0.73489565	-1.346561
1664448615388	9.705587	-0.7755736	-2.0647068
1664448615408	9.646963	-0.8102696	-3.0463624
1664448615424	10.156934	-0.93738824	-3.022434
1664448615441	9.178867	-1.9881365	-4.290032
1664448615463	8.029715	-3.1830523	-5.351847
1664448615477	8.307282	-3.3732817	-4.516453
1664448615508	9.580862	-2.76042	-3.9873397
1664448615524	10.299307	-2.3581266	-3.4390843
1664448615541	10.095618	-1.2915261	-3.0320053
1664448615558	9.140582	-0.0849452	-3.2018957
1664448615576	8.363513	0.33170503	-3.4534414
1664448615594	8.528917	0.36161533	-3.4594233
1664448615616	8.933304	-0.0023928226	-3.4809587
1664448615639	9.245867	-0.5063811	-3.7178483
1664448615659	9.404989	-0.9732806	-3.7908292
1664448615677	9.44806	-1.102493	-3.5240295
1664448615691	9.275777	-0.8979067	-3.1480572
1664448615710	9.114262	-0.54705906	-3.1109686
1664448615741	8.922537	-0.041874398	-3.1372895
1664448615761	8.648559	-0.07776674	-2.798705
1664448615775	8.71795	-0.29790643	-2.498107
1664448615794	8.991928	-0.3699902	-2.507678
1664448615820	9.068798	-0.5590232	-2.3976083
1664448615834	9.053245	-0.94337034	-1.9522442
1664448615857	9.323633	-1.1240284	-2.1281166
1664448615885	9.850353	-0.78634137	-3.2952158
1664448615894	10.43809	-0.06819545	-4.2421756
1664448615911	10.304092	-0.01794617	-3.8303108
1664448615928	9.256635	-1.1312069	-4.115356
1664448615959	9.015857	-2.1260228	-5.6967125
1664448615978	8.261818	-2.786741	-6.1707907
1664448615993	7.361818	-2.7963123	-5.6440706
1664448616009	7.129415	-2.4526432	-4.5320063
1664448616032	7.8427753	-1.9223338	-3.3816566
1664448616047	9.427721	-0.9912268	-2.589034
1664448616077	10.885847	0.016749758	-2.2863421
1664448616091	10.667802	0.16031912	-2.7999015
1664448616106	9.38465	-0.8892327	-3.388835
1664448616126	8.499007	-2.2360928	-3.9837506
1664448616144	8.216354	-3.132504	-3.8880377
1664448616160	8.277371	-3.4677982	-3.2676985
1664448616180	8.326425	-3.3589249	-2.984149
1664448616210	8.302496	-2.8046873	-3.12054
1664448616229	8.738289	-2.1068804	-2.91715
1664448616241	9.378669	-1.1647065	-2.0587249
1664448616260	9.831211	-0.6343971	-1.4841483
1664448616290	10.074082	-0.5279165	-1.4841483
1664448616307	10.243075	-0.6762715	-1.561915
1664448616324	10.2825575	-0.81984085	-1.6423737
1664448616342	10.044172	-0.8605189	-2.079064
1664448616358	9.668499	-0.7468598	-2.239682
1664448616376	9.77498	-1.0366904	-2.5220351
1664448616392	9.7043915	-1.9438694	-4.1847477
1664448616419	8.648559	-3.482155	-6.279664
1664448616441	8.686844	-4.0734816	-6.0436716
1664448616459	10.11835	-2.9482565	-3.6699917
1664448616482	10.937293	-1.8254246	-2.6021945
1664448616491	10.657034	-1.07019	-2.821437
1664448616508	9.639785	-0.7588239	-3.004488
1664448616528	8.959625	-0.30029923	-3.1133614
1664448616547	8.429316	0.03589234	-3.309872
1664448616577	7.626225	0.038285162	-3.9155552
1664448616593	7.24786	-0.19142582	-4.054339
1664448616611	7.510173	-0.41306102	-3.7908292
1664448616625	8.077571	-0.91106725	-3.4713874
1664448616644	8.767003	-1.3848461	-3.5216367
1664448616662	9.416953	-1.3680964	-3.610171
1664448616684	9.763016	-0.9290134	-3.3589249
1664448616712	9.831211	-0.44895336	-3.1803603
1664448616729	9.844372	-0.12921242	-3.0439694
1664448616743	9.698409	0.13280165	-3.0607193
1664448616760	9.367901	0.07178468	-3.0463624
1664448616778	8.996714	-0.29192436	-2.9123642
1664448616796	8.716754	-0.59970117	-2.7098715
1664448616818	8.726325	-0.6559325	-2.5615165
1664448616844	8.9057865	-0.78634137	-2.333002
1664448616861	9.175279	-0.8844471	-2.210968
1664448616878	9.458828	-0.80787677	-2.312663
1664448616893	9.5760765	-0.5494519	-2.6273193
1664448616913	9.523434	-0.31345975	-3.0535407
1664448616930	9.904192	0.07537391	-3.5527434
1664448616950	10.654641	0.45014977	-3.8015969
1664448616973	10.373485	-0.11006984	-3.2270205
1664448616991	9.698409	-0.99601245	-3.4654055
1664448617015	8.945269	-1.8050855	-4.3737807
1664448617034	8.248658	-2.53041	-5.1006007
1664448617060	8.068	-2.6814568	-5.491827
1664448617077	7.9507513	-2.4335005	-5.538487
1664448617095	7.619046	-2.050649	-4.944768
1664448617109	7.2933235	-1.6950158	-4.215854
1664448617125	7.3881392	-1.4446666	-3.6041892
1664448617143	8.138588	-1.1587243	-3.1695926
1664448617162	9.38824	-0.9421739	-3.004488
1664448617185	10.399805	-0.89042914	-3.0846474
1664448617200	10.525429	-0.72412795	-3.173182
1664448617227	9.733106	-1.1108679	-3.240181
1664448617247	9.122637	-1.8086748	-3.4534414
1664448617262	8.850752	-2.359323	-3.559922
1664448617278	8.812467	-2.489732	-3.6017964
1664448617297	8.79811	-2.4622145	-3.3086755
1664448617328	8.898608	-2.2229323	-2.9542387
1664448617341	8.920144	-1.974976	-2.8262227
1664448617359	9.153743	-1.7679968	-2.6775684
1664448617382	9.531809	-1.439881	-2.4454648
1664448617395	10.019048	-1.07019	-1.8637097
1664448617425	10.351949	-0.6667002	-1.3046865
1664448617436	9.985548	-0.67387867	-1.6591234
1664448617451	9.491131	-0.7815557	-2.7338
1664448617492	9.710373	-1.1012967	-3.6819558
