Timestamp 	 X 	 Y 	 Z 
1663755690257	10.451251	0.5985048	-1.0040882
1663755690261	10.405787	0.2105684	-1.0112667
1663755690287	9.94846	-0.34486556	-1.3034902
1663755690294	9.543773	-0.5913263	-1.614557
1663755690299	9.26142	-0.52911294	-1.4925231
1663755690303	9.287741	-0.5075775	-1.1503495
1663755690324	9.824033	-0.52911294	-0.8365906
1663755690342	10.310075	-0.3807579	-0.59730834
1663755690362	10.448858	0.040677983	-0.6786643
1663755690394	10.448858	0.040677983	-0.6786643
1663755690430	9.428918	0.40707895	-0.6164509
1663755690468	9.525827	0.2527419	-0.23449662
1663755690472	9.3200445	-0.05623133	-0.6332007
1663755690487	9.213564	-0.44057846	-1.2209377
1663755690506	9.634999	-0.62482584	-1.0208379
1663755690526	10.119546	-0.5159524	-0.62721866
1663755690545	10.240683	-0.4764708	-0.5949155
1663755690564	9.922138	-0.30388847	-1.0857433
1663755690611	9.442079	-0.11006984	-1.4781662
1663755690630	9.177671	-0.022731815	-1.4506488
1663755690640	9.501899	-0.076570325	-0.85214394
1663755690647	10.077672	-0.09571291	-0.2416751
1663755690663	10.23829	-0.28235307	-0.15074782
1663755690679	10.017851	-0.40588254	-0.63798636
1663755690700	9.734302	-0.40588254	-1.076172
1663755690720	9.721141	-0.26919255	-1.0749756
1663755690738	9.717552	-0.18903299	-0.9382856
1663755690756	9.600304	-0.14596218	-0.8964112
1663755690776	9.314062	-0.20578274	-1.0917253
1663755690803	9.178867	-0.2943172	-1.2017952
1663755690813	9.457631	-0.36041892	-0.9406784
1663755690838	10.233504	-0.3290131	-0.34337005
1663755690853	10.786546	-0.32662028	-0.07776674
1663755690874	10.924132	-0.29790643	-0.1698904
1663755690893	10.161719	-0.21296121	-0.79471624
1663755690910	9.203992	-0.06819545	-1.3956138
1663755690930	8.604291	0.061016977	-1.6698911
1663755690950	8.389834	0.07058827	-1.7093726
1663755690968	8.763413	-0.010767702	-1.1802598
1663755690987	9.176475	-0.14596218	-0.7480562
1663755691007	9.48156	-0.38913277	-0.62123656
1663755691026	10.119546	-0.45014977	-0.2620141
1663755691056	10.9121685	-0.2835495	-0.16151553
1663755691065	10.817652	-0.2440679	-0.38644084
1663755691084	10.058529	-0.011964113	-1.0929217
1663755691103	9.482756	0.17467605	-1.6097715
1663755691124	9.218349	0.30538398	-1.5726827
1663755691141	9.032906	0.24675983	-1.4099708
1663755691161	9.097511	0.09212367	-1.1694921
1663755691180	9.064013	-0.038285162	-1.1276177
1663755691200	9.01466	-0.18424734	-1.1682956
1663755691220	8.993125	-0.18903299	-1.0232308
1663755691244	9.183653	-0.0634098	-1.0917253
1663755691258	10.056136	-0.0035892338	-0.84855473
1663755691277	11.085649	0.148355	-0.6547361
1663755691297	11.300105	0.3065804	-0.8665009
1663755691318	10.680962	0.27786654	-1.4147564
1663755691334	9.949656	0.15553348	-1.698605
1663755691356	9.499506	0.0741775	-1.6950158
1663755691374	9.243474	0.05383851	-1.515255
1663755691392	9.156136	0.0071784677	-1.2484552
1663755691411	9.200403	-0.10289137	-1.1216356
1663755691430	9.346365	-0.19381863	-1.2412767
1663755691460	9.571291	-0.12203395	-1.3345969
1663755691475	9.746265	0.046660043	-1.2747762
1663755691489	9.947263	0.20219351	-1.230509
1663755691507	10.189237	0.2970091	-1.1682956
1663755691526	10.470394	0.32333016	-1.1431711
1663755691548	10.70489	0.30179477	-1.1060823
1663755691564	10.572088	0.21655045	-1.1084751
1663755691586	10.138689	0.034695927	-1.2053844
1663755691610	9.687641	-0.13280165	-1.3106686
1663755691627	9.323633	-0.19740787	-1.3405789
1663755691657	9.12503	-0.18664017	-1.378864
1663755691670	9.138189	-0.13280165	-1.4267205
1663755691684	9.413364	-0.050249275	-1.3980067
1663755691701	9.755837	0.078963146	-1.3298112
1663755691720	10.063314	0.22971097	-1.2616158
1663755691739	10.277771	0.39391842	-1.1108679
1663755691759	10.226326	0.4860421	-1.0399805
1663755691779	9.961619	0.41545382	-1.1060823
1663755691809	9.645767	0.285045	-1.224527
1663755691820	9.412168	0.1471586	-1.3310076
1663755691842	9.318848	0.033499517	-1.3633107
1663755691856	9.250652	-0.07537391	-1.3369896
1663755691873	9.3104725	-0.21655045	-1.2951152
1663755691893	9.479167	-0.21894327	-1.2293127
1663755691912	9.61825	-0.07776674	-1.1742777
1663755691932	9.77139	0.11485548	-1.1228321
1663755691952	9.94487	0.12083755	-1.1264212
1663755691971	10.016655	-0.04546363	-1.2233306
1663755691988	9.923335	-0.13040884	-1.2963116
1663755692019	9.75823	-0.0059820567	-1.3812568
1663755692028	9.691231	0.15433706	-1.3298112
1663755692054	9.710373	0.2213361	-1.3034902
1663755692066	9.844372	0.18305093	-1.3046865
1663755692085	10.03819	0.08733802	-1.2795619
1663755692104	10.036994	0.020338992	-1.2795619
1663755692126	9.865907	0.008374879	-1.3908281
1663755692142	9.657731	0.0035892338	-1.500898
1663755692163	9.543773	0.09451649	-1.5451652
1663755692182	9.567701	0.17228323	-1.5391831
1663755692213	9.58804	0.15553348	-1.4925231
1663755692226	9.548559	0.061016977	-1.5343975
1663755692252	9.615857	0.08973085	-1.5786648
1663755692261	9.693624	0.13998012	-1.5284154
1663755692278	9.7450695	0.16271193	-1.5487545
1663755692297	9.751051	0.21535404	-1.5391831
1663755692319	9.672089	0.21894327	-1.3669
1663755692339	9.607482	0.16390835	-1.2640085
1663755692356	9.664909	0.1052842	-1.2999009
1663755692377	9.715159	0.015553347	-1.3704891
1663755692393	9.672089	-0.013160525	-1.4386846
1663755692412	9.543773	0.05503492	-1.5176477
1663755692432	9.527023	0.1471586	-1.5906289
1663755692451	9.731909	0.24915266	-1.561915
1663755692469	9.961619	0.34486556	-1.4410775
1663755692489	9.983155	0.32452658	-1.3046865
1663755692509	9.843175	0.3077768	-1.393221
1663755692527	9.764212	0.37357944	-1.6073786
1663755692547	9.831211	0.4142574	-1.623231
1663755692566	9.736694	0.38554356	-1.5427724
1663755692588	9.519845	0.29820552	-1.5248263
1663755692614	9.360723	0.27188447	-1.515255
1663755692628	9.328419	0.29341987	-1.4470595
1663755692655	9.332008	0.34247273	-1.3657036
1663755692662	9.436096	0.4010969	-1.3405789
1663755692682	9.516255	0.43100718	-1.3752748
1663755692701	9.5557375	0.37836507	-1.4853446
1663755692720	9.6015	0.3580261	-1.4877375
1663755692739	9.627821	0.33409786	-1.5236298
1663755692759	9.7247305	0.34965122	-1.5463617
1663755692778	9.825229	0.35084763	-1.4267205
1663755692798	9.871889	0.33050862	-1.2628121
1663755692826	9.82164	0.30418757	-1.1886346
1663755692836	9.7043915	0.29820552	-1.1934203
1663755692856	9.602696	0.33529428	-1.2675978
1663755692876	9.547362	0.38434714	-1.387239
1663755692894	9.5665045	0.4010969	-1.4614165
1663755692912	9.669696	0.42023948	-1.466202
1663755692936	9.80489	0.41784665	-1.4243277
1663755692953	9.886246	0.38434714	-1.3896317
1663755692973	9.865907	0.3592225	-1.3824533
1663755692990	9.813265	0.3592225	-1.4506488
1663755693024	9.700802	0.3580261	-1.4111671
1663755693036	9.602696	0.35682967	-1.3477573
1663755693061	9.600304	0.35324043	-1.3286148
1663755693074	9.627821	0.30059835	-1.332204
1663755693087	9.645767	0.25633112	-1.3860425
1663755693106	9.691231	0.2527419	-1.3980067
1663755693126	9.740284	0.27786654	-1.3764713
1663755693145	9.766604	0.30538398	-1.3621143
1663755693163	9.739087	0.27906293	-1.3836497
1663755693182	9.722338	0.27667013	-1.3980067
1663755693202	9.733106	0.2862414	-1.3692927
1663755693231	9.733106	0.24197419	-1.3489537
1663755693243	9.739087	0.20697916	-1.3609179
1663755693264	9.743873	0.20219351	-1.3477573
1663755693278	9.722338	0.1698904	-1.3489537
1663755693300	9.692428	0.14356937	-1.3573287
1663755693317	9.679267	0.14356937	-1.3513466
1663755693341	9.693624	0.17467605	-1.3202399
1663755693364	9.697213	0.18783657	-1.3046865
1663755693376	9.709177	0.1698904	-1.3357933
1663755693394	9.692428	0.14476576	-1.3405789
1663755693415	9.719945	0.13280165	-1.3489537
1663755693436	9.67807	0.11844472	-1.3345969
1663755693463	9.639785	0.12083755	-1.3549358
1663755693473	9.629018	0.16031912	-1.3944174
1663755693491	9.682856	0.18903299	-1.3800604
1663755693510	9.703195	0.17587246	-1.3166506
1663755693529	9.743873	0.14356937	-1.2951152
1663755693549	9.759426	0.14356937	-1.3022938
1663755693568	9.731909	0.19262223	-1.338186
1663755693586	9.7043915	0.24795625	-1.358525
1663755693605	9.699606	0.20937198	-1.3633107
1663755693641	9.705587	0.15194423	-1.332204
1663755693649	9.772587	0.13160525	-1.3154542
1663755693669	9.776176	0.148355	-1.326222
1663755693681	9.740284	0.16031912	-1.3417753
1663755693696	9.736694	0.18305093	-1.3405789
1663755693720	9.730712	0.17347965	-1.3286148
1663755693741	9.692428	0.12083755	-1.3357933
1663755693758	9.716355	0.15074782	-1.3692927
1663755693771	9.722338	0.15672988	-1.2891332
1663755693790	9.69482	0.16151553	-1.3214363
1663755693811	9.705587	0.1698904	-1.3345969
1663755693832	9.723534	0.18305093	-1.3286148
1663755693853	9.716355	0.11365908	-1.3453646
1663755693867	9.67807	0.047856454	-1.4147564
1663755693901	9.700802	0.08973085	-1.3812568
1663755693917	9.686445	0.1160519	-1.3046865
1663755693929	9.698409	0.096909314	-1.2939188
1663755693950	9.728319	0.15314065	-1.3046865
1663755693967	9.735498	0.21894327	-1.3166506
1663755693984	9.7450695	0.20338993	-1.326222
1663755694002	9.703195	0.17706887	-1.3609179
1663755694026	9.673285	0.1794617	-1.3752748
1663755694066	9.664909	0.148355	-1.3848461
1663755694078	9.631411	0.15074782	-1.4027922
1663755694086	9.6529455	0.1698904	-1.4123635
1663755694101	9.676874	0.20338993	-1.3956138
1663755694118	9.712767	0.2324029	-1.3489537
1663755694141	9.69482	0.24795625	-1.3142579
1663755694158	9.660124	0.18544376	-1.3692927
1663755694177	9.631411	0.1698904	-1.3968102
1663755694202	9.666106	0.20697916	-1.3752748
1663755694220	9.727123	0.22013968	-1.3190435
1663755694240	9.751051	0.21774685	-1.3489537
1663755694272	9.746265	0.20458634	-1.3633107
1663755694278	9.70798	0.2117648	-1.3537394
1663755694288	9.661321	0.18065812	-1.3549358
1663755694310	9.655338	0.17826529	-1.3298112
1663755694333	9.680463	0.19621146	-1.2903296
1663755694354	9.727123	0.20817557	-1.2819548
1663755694368	9.760623	0.22372891	-1.3046865
1663755694390	9.747462	0.23479572	-1.3405789
1663755694412	9.74148	0.2213361	-1.3286148
1663755694439	9.729516	0.22492532	-1.3010973
1663755694449	9.705587	0.2213361	-1.2735798
1663755694467	9.7247305	0.23599213	-1.2340983
1663755694487	9.733106	0.24795625	-1.2819548
1663755694503	9.728319	0.24077778	-1.3286148
1663755694521	9.740284	0.2009971	-1.3214363
1663755694540	9.722338	0.20817557	-1.3022938
1663755694569	9.709177	0.2009971	-1.2987045
1663755694585	9.660124	0.19142582	-1.2975081
1663755694604	9.623035	0.19740787	-1.2795619
1663755694626	9.630214	0.20817557	-1.2747762
1663755694660	9.646963	0.19980069	-1.2807583
1663755694670	9.697213	0.24915266	-1.3202399
1663755694684	9.722338	0.24795625	-1.3417753
1663755694697	9.7450695	0.26470602	-1.311865
1663755694715	9.767801	0.25872394	-1.244866
1663755694740	9.795319	0.23958136	-1.2017952
1663755694751	9.776176	0.19142582	-1.1958131
1663755694772	9.715159	0.1698904	-1.2340983
1663755694794	9.657731	0.16271193	-1.3082758
1663755694811	9.650553	0.16151553	-1.3441681
1663755694834	9.663713	0.19740787	-1.2951152
1663755694848	9.672089	0.19740787	-1.2436695
1663755694876	9.691231	0.20937198	-1.2520444
1663755694888	9.723534	0.18424734	-1.250848
1663755694919	9.753445	0.16031912	-1.2293127
1663755694936	9.784551	0.16271193	-1.2209377
1663755694954	9.801301	0.15433706	-1.2113664
1663755694973	9.75823	0.148355	-1.224527
1663755694982	9.676874	0.148355	-1.238884
1663755695005	9.645767	0.11485548	-1.2364911
1663755695022	9.607482	0.08135597	-1.230509
1663755695049	9.645767	0.062213387	-1.2496517
1663755695065	9.685248	0.047856454	-1.2640085
1663755695085	9.746265	0.13040884	-1.2317054
1663755695104	9.789336	0.21894327	-1.1934203
1663755695117	9.777372	0.25034907	-1.183849
1663755695139	9.723534	0.20219351	-1.1862419
1663755695157	9.687641	0.15314065	-1.1778669
1663755695209	9.69482	0.09930214	-1.1551352
1663755695214	9.715159	0.06460621	-1.1575279
1663755695230	9.755837	0.06460621	-1.2065809
1663755695240	9.786943	0.049052864	-1.204188
1663755695254	9.779765	0.078963146	-1.1575279
1663755695278	9.749855	0.10767702	-1.1335998
1663755695297	9.717552	0.11006984	-1.1443675
1663755695313	9.71157	0.09810573	-1.1647065
1663755695330	9.69482	0.09930214	-1.1802598
1663755695347	9.692428	0.1160519	-1.198206
1663755695366	9.688838	0.12203395	-1.224527
1663755695385	9.7043915	0.1471586	-1.2795619
1663755695415	9.74148	0.15792629	-1.2628121
1663755695618	9.766604	0.17347965	-1.1886346
1663755695630	9.7654085	0.19740787	-1.1575279
1663755695641	9.74148	0.18544376	-1.1407782
1663755695654	9.718748	0.16271193	-1.1383854
1663755695670	9.682856	0.16031912	-1.1862419
1663755695682	9.692428	0.106480606	-1.2496517
1663755695694	9.705587	0.07537391	-1.2927225
1663755695706	9.691231	0.10289137	-1.2436695
1663755695719	9.672089	0.111266255	-1.1970096
1663755695729	9.709177	0.16151553	-1.1874382
1663755695822	9.721141	0.21415763	-1.1850454
1663755695842	9.7247305	0.1698904	-1.198206
1663755695853	9.780962	0.148355	-1.189831
1663755695867	9.772587	0.096909314	-1.2077773
1663755695879	9.712767	0.10049855	-1.244866
1663755695889	9.654142	0.11964113	-1.3190435
1663755695902	9.649357	0.18664017	-1.3166506
1663755695918	9.679267	0.22253251	-1.2616158
1663755695931	9.698409	0.21415763	-1.2532408
1663755695946	9.723534	0.20937198	-1.3070793
1663755695958	9.709177	0.20937198	-1.2951152
1663755695967	9.701999	0.1698904	-1.2340983
1663755696017	9.682856	0.1902294	-1.2053844
1663755696032	9.703195	0.20458634	-1.21017
1663755696046	9.792926	0.20817557	-1.2089736
1663755696059	9.815658	0.2515455	-1.2783655
1663755696071	9.785748	0.23120649	-1.3226327
1663755696083	9.737891	0.2117648	-1.2843475
1663755696097	9.687641	0.18544376	-1.2257234
1663755696107	9.646963	0.10289137	-1.2053844
1663755696123	9.611072	0.08973085	-1.2340983
1663755696137	9.596714	0.09930214	-1.2747762
1663755696148	9.606286	0.106480606	-1.2963116
1663755696159	9.650553	0.17108682	-1.2915261
1663755696176	9.723534	0.23958136	-1.2843475
1663755696188	9.789336	0.2515455	-1.2903296
1663755696230	9.796515	0.21894327	-1.2675978
1663755696244	9.719945	0.15433706	-1.2460624
1663755696257	9.666106	0.047856454	-1.2125629
1663755696267	9.639785	-0.0059820567	-1.224527
1663755696275	9.662517	0.023928227	-1.1922239
1663755696288	9.656535	0.062213387	-1.1419746
1663755696302	9.59163	0.08973085	-1.1467602
1663755696375	9.565309	0.12083755	-1.2664014
1663755696388	9.661321	0.13998012	-1.3094722
1663755696398	9.837193	0.13160525	-1.2340983
1663755696407	9.954441	0.09451649	-1.1826526
1663755696415	9.9293165	-0.032303106	-1.2376875
1663755696427	9.841979	-0.1471586	-1.3166506
1663755696438	9.760623	-0.19621146	-1.2460624
1663755696448	9.733106	-0.23090738	-1.1264212
1663755696461	9.717552	-0.25962126	-1.0642079
1663755696621	9.608679	-0.37238303	-1.0256236
1663755696640	9.471989	-0.4848457	-1.090529
1663755696652	9.474381	-0.47527438	-1.2867404
1663755696668	9.67807	-0.3182454	-1.3764713
1663755696680	9.932906	-0.16271193	-1.2975081
1663755696689	10.042975	-0.04546363	-1.2137593
1663755696697	9.932906	0.038285162	-1.1551352
1663755696706	9.746265	0.009571291	-1.0881361
1663755696715	9.643374	-0.049052864	-1.1156535
1663755696727	9.600304	-0.06580263	-1.2233306
1663755696742	9.61466	-0.05742774	-1.218545
1663755696821	9.577272	-0.069391854	-1.1431711
1663755696839	9.505488	-0.18065812	-1.0953146
1663755696857	9.4839525	-0.2440679	-1.047159
1663755696870	9.590433	-0.28235307	-0.97896355
1663755696880	9.789336	-0.29312077	-1.0220344
1663755696890	9.960423	-0.19262223	-1.1742777
1663755696904	10.044172	-0.02632105	-1.2520444
1663755696918	10.082458	0.12921242	-1.265205
1663755696928	10.177273	0.24915266	-1.2819548
1663755696940	10.223933	0.44536412	-1.2819548
1663755696955	10.40818	0.7815557	-1.4781662
1663755696969	10.851151	1.2364911	-1.5786648
1663755697018	11.169397	1.8098712	-1.3489537
1663755697032	10.865508	1.9513469	-1.0929217
1663755697043	10.137492	1.7081763	-1.2293127
1663755697054	9.565309	1.8517456	-1.9737796
1663755697069	9.230313	2.4119651	-2.477768
1663755697081	8.995518	2.992524	-2.2468605
1663755697093	8.677272	3.0320053	-1.8170497
1663755697108	8.312068	2.6443682	-1.4123635
1663755697120	7.998608	2.2660031	-1.0387841
1663755697130	7.79133	2.032703	-0.7157531
1663755697143	7.9351983	1.9154545	-0.520738
1663755697157	8.335996	1.7548363	-0.39601216
1663755697168	8.668898	1.4976078	-0.26919255
1663755697220	9.072387	1.434198	-0.24526432
1663755697235	9.305687	1.509572	-0.3493521
1663755697249	9.38824	1.5287145	-0.46301118
1663755697259	9.251849	1.3660027	-0.581755
1663755697271	8.964411	1.0869397	-0.6332007
1663755697292	8.817252	0.95772725	-0.7719844
1663755697304	8.899805	1.2137593	-0.7815557
1663755697379	9.053245	1.6615162	-0.2955136
1663755697396	9.148957	1.9669002	0.78783685
1663755697406	9.611072	2.3018954	1.2714862
1663755697418	10.069297	2.4346972	0.88354975
1663755697428	10.176077	2.003989	0.29461628
1663755697438	10.057333	1.3154542	0.12951152
1663755697447	9.840782	0.82013994	-0.106480606
1663755697455	9.975977	0.7516454	-0.92512506
1663755697467	11.084452	1.428216	-1.7201403
1663755697505	12.614363	2.42034	-2.1388843
1663755697517	14.051851	2.8932216	-2.696711
1663755697622	13.531412	2.7496524	-3.0176485
1663755697636	11.536994	2.42034	-2.9877381
1663755697645	9.946067	1.8601205	-2.204986
1663755697660	8.634201	0.80937225	-0.89401835
1663755697672	7.830811	-0.24646074	0.0634098
1663755697686	7.4036922	-1.3082758	-0.19621146
1663755697699	7.0731835	-1.9797616	-1.3764713
1663755697715	7.0265236	-2.0554347	-3.0559337
1663755697728	7.153343	-2.1954148	-4.371388
1663755697743	7.361818	-2.1762722	-5.0850472
1663755697823	7.9890366	-1.6220347	-5.259723
1663755697840	9.0341015	-0.85812604	-4.0734816
1663755697853	9.559326	-0.52552366	-2.57707
1663755697867	9.886246	-0.45732823	-1.8984057
1663755697878	10.278968	-0.48364928	-1.6627127
1663755697891	10.767403	-0.4010969	-1.2628121
1663755697905	11.104791	-0.18185452	-0.5733801
1663755697915	11.123934	-0.15314065	-0.37088752
1663755697930	10.718349	-0.41784665	-0.96819586
1663755697950	9.987941	-0.7827521	-1.928316
1663755697965	9.129815	-1.0103694	-2.8381867
1663755698019	8.589934	-1.1132607	-3.1624143
1663755698033	8.744271	-0.9062816	-2.7879374
1663755698052	9.54497	-0.60687965	-1.8170497
1663755698065	10.627124	-0.47527438	-0.7432705
1663755698084	11.536994	-0.31585258	-0.038285162
1663755698110	11.60519	-0.5267201	-0.51116675
1663755698121	11.190932	-0.55782676	-1.5690935
1663755698134	11.254342	-0.14117654	-2.0575283
1663755698141	11.976377	0.6942177	-2.0240288
1663755698151	12.317353	1.590928	-2.2588246
1663755698158	11.893824	1.4066806	-2.856133
1663755698166	10.839188	0.101694964	-2.6512475
1663755698172	10.179666	-0.581755	-1.6890336
1663755698179	10.636695	-0.40707895	-1.1312069
1663755698197	10.161719	-0.148355	-1.393221
1663755698206	8.4604225	-0.17467605	-2.82383
1663755698212	7.7566338	0.33529428	-5.5782676
1663755698222	8.089535	1.4330016	-6.8889365
1663755698268	8.028518	2.3688943	-5.2238307
1663755698279	7.173682	2.547459	-2.6548367
1663755698288	6.3574305	2.3605196	-0.7193423
1663755698317	6.17767	2.0721843	-0.2632105
1663755698330	6.9092755	1.765604	-0.669093
1663755698343	8.571988	1.7620147	-1.0351949
1663755698356	10.17488	1.6722839	-1.1754742
1663755698376	10.416555	1.2927225	-1.3680964
1663755698398	9.740284	1.3142579	-1.6651055
1663755698405	9.180064	1.4042878	-1.3980067
1663755698419	8.877073	1.3564314	-0.79830545
1663755698468	8.678469	1.3959129	-0.38763726
1663755698500	8.816056	1.6854445	-0.2847459
1663755698509	9.059227	1.9585253	-0.19262223
1663755698519	8.953643	1.9322042	0.0011964113
1663755698525	8.842377	1.7213368	0.12592229
1663755698547	8.991928	1.338186	0.6236294
1663755698580	9.284152	0.8428718	1.3432708
1663755698589	9.643374	0.55782676	1.6627127
1663755698608	9.615857	0.31375888	1.0642079
1663755698618	9.52822	0.08015956	0.6646065
1663755698648	9.971191	-0.13280165	0.77706915
1663755698693	10.308878	-0.18305093	-0.11485548
1663755698703	10.262218	0.5709873	-2.0982063
1663755698714	11.565708	1.9824536	-3.502494
1663755698725	15.178272	3.7516468	-3.4342988
1663755698734	17.2361	3.976572	-3.4307094
1663755698759	14.168202	2.565405	-4.2373896
1663755698768	10.575678	1.509572	-4.2912283
1663755698789	8.186444	0.70259255	-2.8956144
1663755698819	6.552446	-0.46929234	-1.061815
1663755698831	5.793622	-1.5837495	-0.14117654
1663755698852	5.5612187	-2.2073789	-0.4833502
1663755698876	5.9359946	-2.3641088	-1.7919251
1663755698897	6.6302123	-2.528017	-3.1217363
1663755698907	7.166504	-2.679064	-3.7238302
1663755698918	8.316854	-2.0925233	-4.0938206
1663755698941	10.095618	-1.4676976	-3.6699917
1663755698958	11.253146	-1.0893325	-2.4394827
1663755698998	11.647064	-0.4322036	-1.2879368
1663755699009	11.474781	-0.14237295	-0.750449
1663755699019	10.852348	-0.27158538	-0.8341978
1663755699076	10.275378	-0.6451648	-0.84017986
1663755699083	9.865907	-0.99960166	-0.4235296
1663755699090	9.567701	-1.2005987	-0.3505485
1663755699110	9.193225	-1.3202399	-0.81266236
1663755699121	8.928518	-1.3250256	-1.5643078
1663755699140	9.020642	-1.1443675	-1.9785652
1663755699182	9.44806	-0.7193423	-1.8098712
1663755699194	10.056136	-0.317049	-1.1503495
1663755699203	10.715957	-0.046660043	-0.41874397
1663755699208	11.262717	0.06580263	0.15702899
1663755699228	11.601601	-0.12203395	0.4429713
1663755699281	11.996716	-0.1160519	0.13668999
1663755699297	12.172588	0.078963146	-0.93230355
1663755699305	11.819347	0.043070808	-1.8900307
1663755699311	11.011471	-0.30149564	-2.516053
1663755699341	10.414163	-0.4764708	-2.656033
1663755699351	10.721939	0.069391854	-2.2671995
1663755699377	11.058131	0.80937225	-1.7691933
1663755699389	10.2682	0.97567344	-2.09701
1663755699415	9.067601	0.64037913	-3.374478
1663755699433	8.733503	0.73369926	-4.206283
1663755699446	8.667701	1.4258232	-3.5539398
1663755699463	8.300103	1.718944	-2.2372892
1663755699492	7.4359956	1.5681962	-1.4638093
1663755699501	6.6014986	1.3971093	-1.5643078
1663755699528	6.3287168	1.3082758	-1.7620147
1663755699542	6.903293	1.1503495	-1.6686947
1663755699556	8.388638	1.082154	-1.3477573
1663755699573	9.553345	0.933799	-1.0435698
1663755699607	10.015458	0.9493524	-0.9179466
1663755699621	10.013065	1.2819548	-0.9299107
1663755699653	9.987941	1.6304095	-0.5805586
1663755699681	9.515059	1.623231	-0.16510476
1663755699692	8.698808	1.5598212	-0.11724831
1663755699700	8.132606	1.4964114	-0.23928227
1663755699737	8.129017	1.5059828	-0.20578274
1663755699748	8.499007	1.5502499	0.18693927
1663755699766	9.341579	1.4150555	0.56141603
1663755699776	10.115957	1.1419746	0.7686943
1663755699793	10.151849	0.76600236	0.974477
1663755699816	9.638589	0.55782676	0.8129615
1663755699829	9.203992	0.6678966	0.50159544
1663755699863	9.075976	0.8045866	0.46331027
1663755699868	9.59163	0.78753775	0.5075775
1663755699882	10.368699	0.8021938	-0.31944183
1663755699940	11.006685	1.6495521	-1.9677975
1663755699952	12.433704	3.321836	-2.57707
1663755699959	14.670994	4.290331	-2.2372892
1663755699971	14.436198	3.024827	-1.9582262
1663755699978	11.753545	1.16351	-2.6859434
1663755699997	9.798908	0.18664017	-2.929114
1663755700021	8.514561	-0.8665009	-1.4410775
1663755700057	7.6860456	-1.9833509	-0.08973085
1663755700069	7.0193453	-2.7568307	-0.13280165
1663755700078	6.541678	-2.9255247	-1.3824533
1663755700107	6.389734	-2.6156542	-3.0667014
1663755700124	6.562017	-2.1547368	-4.1380877
1663755700139	7.1880393	-1.5669997	-4.4434714
1663755700149	8.543274	-0.6236294	-4.072285
1663755700175	9.637392	-0.15672988	-3.219842
1663755700196	10.622338	-0.14117654	-2.2061825
1663755700207	11.600404	0.008374879	-0.90119684
1663755700226	11.944074	0.30179477	0.3687938
1663755700253	11.468799	0.062213387	0.49800622
1663755700272	10.479965	-0.5422734	-0.19740787
1663755700288	9.590433	-1.2424731	-1.0570294
1663755700316	9.0544405	-1.6794624	-2.2564318
1663755700326	8.7012005	-1.6519449	-3.0583265
1663755700344	8.777771	-1.2113664	-3.0667014
1663755700362	9.543773	-0.67387867	-2.2935205
1663755700400	10.58166	-0.23808585	-0.84735835
1663755700411	11.623136	0.17706887	0.34965122
1663755700426	11.995519	0.45254257	0.61405814
1663755700447	11.824133	0.27786654	0.022731815
1663755700458	11.842379	-0.0011964113	-0.6152545
1663755700489	12.409777	0.1052842	-0.98016
1663755700504	12.817753	0.77796644	-1.0642079
1663755700522	12.094821	0.7600203	-1.5954145
1663755700541	11.105988	-0.3999005	-2.6153553
1663755700558	10.661819	-0.68345	-2.5758736
1663755700575	10.840384	-0.4106682	-1.1874382
1663755700592	9.968799	-0.26081768	-0.9765707
1663755700626	8.169695	-0.19860429	-3.1504502
1663755700652	7.446763	0.3077768	-5.3973107
1663755700662	7.7039914	1.4796617	-5.2537413
1663755700675	7.6944203	2.4059832	-3.3565319
1663755700693	6.936793	2.612065	-1.6447664
1663755700717	5.941977	2.565405	-1.1706885
1663755700739	5.6353965	2.3425734	-1.1084751
1663755700757	6.9248285	2.0279171	-0.8138588
1663755700774	9.085547	1.8780667	-0.47976094
1663755700798	10.536197	1.5957136	-0.38285163
1663755700806	10.304092	1.2484552	-0.67387867
1663755700825	9.322437	1.3719847	-1.3154542
1663755700844	8.672486	1.6136597	-1.1802598
1663755700874	8.571988	1.7285153	-0.37686956
1663755700895	8.795717	1.8194425	0.25872394
1663755700906	9.226724	1.89362	0.46929234
1663755700922	9.7450695	1.7428722	0.51236314
1663755700954	9.891031	1.4521443	0.65264237
1663755700978	9.965209	1.041476	0.8045866
1663755700987	9.993923	0.63798636	0.4226323
1663755700997	9.782158	0.34606197	-0.17108682
1663755701024	9.533006	0.8333005	-0.44745782
1663755701054	9.77498	1.4700904	-0.29072794
1663755701064	10.343575	1.4258232	0.36640096
1663755701072	10.647463	0.9601201	0.8225328
1663755701093	10.612766	0.8069794	0.18335004
1663755701122	10.430912	1.5275182	-1.0689936
1663755701141	11.459228	3.0260234	-2.0946171
1663755701158	13.173386	3.7851462	-2.6859434
1663755701175	13.056138	3.1172497	-2.9650064
1663755701190	10.960025	1.4509479	-2.7003005
1663755701211	9.134601	0.47886363	-2.7759733
1663755701257	8.133802	-0.23928227	-2.6476583
1663755701264	7.725527	-1.0127622	-2.0778673
1663755701272	7.513762	-1.6926229	-1.372882
1663755701290	7.079166	-2.0673988	-1.5463617
1663755701315	7.0372915	-1.7943178	-2.798705
1663755701376	7.2358956	-1.4362918	-3.7178483
1663755701388	7.7087774	-1.2879368	-3.9526439
1663755701396	8.8543415	-0.9349955	-4.0818563
1663755701451	10.233504	-0.4776672	-3.124129
1663755701461	11.362318	0.19621146	-1.4590236
1663755701510	11.777473	0.7013961	-0.14955142
1663755701522	11.420942	0.6200402	-0.019142581
1663755701532	10.845169	0.2958127	-0.34456646
1663755701544	10.082458	-0.27756742	-0.57816577
1663755701551	9.377472	-0.9062816	-1.0148559
1663755701628	8.839984	-1.1192428	-1.6914265
1663755701645	8.643773	-0.97926265	-2.2528424
1663755701660	9.027821	-0.6260222	-2.2839491
1663755701673	9.956834	-0.35443684	-1.4673985
1663755701685	11.070095	-0.07537391	-0.14356937
1663755701697	11.73201	0.14117654	0.63948184
1663755701720	11.417354	0.03589234	0.21445672
1663755701736	11.145469	-0.30388847	-1.1467602
1663755701747	12.104392	-0.25842485	-2.0982063
1663755701758	12.975978	0.53270215	-1.8972093
1663755701772	12.64188	1.082154	-2.0599213
1663755701837	11.827723	0.82731843	-2.6488547
1663755701858	11.422139	0.846461	-2.0312073
1663755701868	10.739885	1.2771691	-1.6770695
1663755701877	9.000303	1.2687942	-2.5351956
1663755701883	7.622636	1.1001002	-3.4534414
1663755701890	7.0289164	1.4258232	-3.6412778
1663755701894	6.8039913	1.9992033	-2.8334012
1663755701905	6.5871415	2.3138595	-1.7440686
1663755701916	6.187241	2.428715	-1.5332011
1663755701929	5.7206407	2.4323041	-1.8134605
1663755702000	6.340681	2.3222344	-1.6304095
1663755702011	8.1015	2.2205393	-1.1252248
1663755702021	9.867104	2.0961127	-0.4331009
1663755702032	10.512268	1.7488543	-0.28713873
1663755702042	9.698409	1.5837495	-0.87607217
1663755702050	8.855537	1.7117655	-1.3692927
1663755702061	8.59472	1.8445672	-0.98016
1663755702069	8.752646	1.9465612	-0.23330021
1663755702099	9.037691	1.8601205	0.535095
1663755702109	9.64457	1.4988043	0.9924232
1663755702120	9.969995	1.1527423	0.79740816
1663755702142	9.68166	0.8225328	0.56141603
1663755702156	9.410972	0.52313083	0.4776672
1663755702198	9.476774	0.31256247	0.5709873
1663755702208	9.401401	0.23479572	0.657428
1663755702221	9.267402	0.31974092	0.520738
1663755702252	9.5557375	0.49920264	0.4429713
1663755702262	10.56491	0.8536395	-0.013160525
1663755702272	11.509477	1.6818552	-1.1264212
1663755702291	12.287443	3.0681968	-2.1125634
1663755702315	14.119149	4.3740797	-2.461018
1663755702342	15.476478	4.304688	-2.876472
1663755702356	13.249956	2.2815564	-3.0415766
1663755702380	10.391431	0.5949155	-3.3385859
1663755702390	8.417352	-0.37357944	-3.0667014
1663755702404	7.223932	-0.93978107	-2.1508484
1663755702423	6.663712	-1.5502499	-1.1144571
1663755702465	6.335895	-2.1044874	-0.84735835
1663755702491	6.1357956	-2.210968	-1.7261224
1663755702500	6.4387865	-1.6351951	-3.1301112
1663755702511	6.9296145	-1.0223335	-3.964608
1663755702525	7.839186	-0.5195416	-4.374977
1663755702548	9.519845	0.013160525	-4.3127637
1663755702558	11.0246315	0.041874398	-3.1492536
1663755702582	12.0385895	-0.051445685	-1.1994023
1663755702607	12.0589285	-0.14117654	0.17377874
1663755702617	11.422139	-0.32422748	0.2754737
1663755702648	10.689337	-0.5662017	-0.34217364
1663755702658	9.987941	-0.84855473	-1.1204392
1663755702672	9.336794	-0.8880363	-1.7775681
1663755702691	8.769396	-0.7157531	-2.3629124
1663755702718	8.556435	-0.4776672	-2.7278178
1663755702751	8.940483	-0.21894327	-2.4478576
1663755702761	9.841979	-0.034695927	-1.3944174
1663755702787	10.857134	0.019142581	0.0035892338
1663755702797	11.32523	0.09212367	0.8811569
1663755702809	10.87508	-0.17706887	0.47527438
1663755702856	10.489536	-0.6092725	-0.7325028
1663755702874	10.937293	-0.67028946	-1.6627127
1663755702891	12.475579	-0.086141616	-1.745265
1663755702900	13.413865	0.86081797	-1.3489537
1663755702919	12.986746	0.94337034	-2.0060828
1663755702932	11.834901	0.5925227	-2.0431714
1663755702953	10.864312	0.7648059	-1.3908281
1663755702995	9.505488	0.72412795	-1.7404794
1663755703008	7.945966	0.39511484	-3.0176485
1663755703019	7.6130643	0.41545382	-4.4315076
1663755703029	8.026125	1.0977074	-4.8323054
1663755703076	8.22473	1.7871394	-3.527619
1663755703087	7.639385	2.0171494	-2.213361
1663755703097	6.5368924	2.0817556	-1.9809581
1663755703103	6.183652	2.2360928	-2.05035
1663755703119	7.30768	2.120041	-1.6507485
1663755703144	9.11785	1.8553349	-1.0375878
1663755703158	10.20838	1.6411772	-0.43669012
1663755703175	10.176077	1.4712868	-0.46899325
1663755703204	9.512667	1.5741782	-0.82701933
1663755703221	9.036494	1.6268203	-0.55064833
1663755703236	8.918947	1.6651055	0.12113664
1663755703265	8.600702	1.8194425	0.33888352
1663755703278	8.519346	1.9067806	0.4441677
1663755703292	9.136993	1.6890336	0.68853474
1663755703336	9.493524	1.1850454	0.116351
1663755703352	9.064013	0.48125646	-0.3469593
1663755703362	8.549256	-0.28115666	-0.20817557
1663755703371	8.592327	-0.5135596	0.21684955
1663755703393	9.3104725	0.061016977	0.7363912
1663755703418	10.243075	0.8033902	1.407877
1663755703437	10.895419	1.0295119	1.7886349
1663755703453	10.755439	1.0043873	1.2008978
1663755703488	10.150653	1.2604194	-0.41994038
1663755703496	10.549356	2.579762	-2.1185453
1663755703505	13.2152605	3.8413777	-2.271985
1663755703523	15.427424	2.990131	-2.5196424
1663755703552	14.073386	1.0677971	-4.261318
1663755703563	11.412567	0.104087785	-3.9825542
1663755703581	9.235099	0.039481573	-2.1723838
1663755703597	7.919645	0.09092726	-0.5769694
1663755703624	6.9595246	-0.63200426	-0.29192436
1663755703649	6.383752	-1.6603198	-1.0016954
1663755703657	6.417251	-2.2899313	-1.6351951
1663755703702	7.0145597	-2.1284158	-1.9570298
1663755703711	7.7482586	-1.5885352	-2.2241287
1663755703725	8.462815	-1.07019	-2.8094728
1663755703732	9.696016	-0.27158538	-3.1313076
1663755703766	10.53141	0.5602196	-2.7999015
1663755703779	10.41177	1.035494	-2.1942184
1663755703793	9.849157	0.40588254	-0.9669995
1663755703807	9.77139	-0.3376871	-0.14476576
1663755703849	10.625927	-0.79112697	-0.02871387
1663755703866	11.519048	-1.5227325	0.2730809
1663755703883	10.367502	-1.7165512	-0.76719874
1663755703895	9.2075815	-1.1946167	-1.8649062
1663755703919	8.796913	-0.41545382	-2.169991
1663755703937	8.944072	0.21296121	-1.3776677
1663755703964	9.538987	0.5135596	-0.2117648
1663755703992	10.51825	0.40588254	0.5949155
1663755704000	11.162218	0.08973085	0.76271224
1663755704014	11.358729	-0.37357944	-0.06460621
1663755704068	12.011072	-0.60687965	-1.5116657
1663755704080	13.243975	-0.24765715	-2.1269202
1663755704088	14.274683	0.06580263	-1.2927225
1663755704096	13.688142	0.11365908	-0.15074782
1663755704108	12.281462	0.36041892	-0.39481574
1663755704140	10.161719	0.02871387	-1.9510478
1663755704153	7.7494555	-0.5937191	-3.0930223
1663755704167	7.428817	0.3281158	-4.141677
1663755704216	7.676474	1.4904294	-3.7920256
1663755704229	7.3977103	2.1678972	-2.5962126
1663755704238	6.649355	2.4996023	-2.2552354
1663755704253	5.7541404	2.847758	-2.5663023
1663755704281	5.148457	2.8788648	-2.400001
1663755704290	5.695516	2.3832514	-1.5403795
1663755704304	7.589136	1.969293	-0.65712893
1663755704323	9.599107	1.8840487	-0.31944183
1663755704366	10.942079	1.5275182	-0.4956134
1663755704379	10.884651	1.0534402	-0.8533404
1663755704387	10.028619	1.2987045	-1.1443675
1663755704429	9.378669	1.8373886	-0.65952176
1663755704436	9.2590275	2.2791636	0.05623133
1663755704446	9.201599	2.353341	0.35204405
1663755704471	9.180064	2.0602202	0.3915256
1663755704481	9.025428	1.7979071	0.116351
1663755704515	8.896215	1.6016957	0.051445685
1663755704528	8.82443	1.1958131	0.8847462
1663755704537	8.917751	0.7492526	1.4569299
1663755704568	9.46481	0.3711866	1.4581263
1663755704587	10.0214405	0.20219351	1.2260225
1663755704599	10.596017	0.36640096	0.87637126
1663755704611	11.382657	0.62961143	-0.10767702
1663755704673	11.55494	1.0486546	-1.6292131
1663755704688	11.742777	2.461018	-3.0726833
1663755704702	14.137095	4.534399	-3.1959138
1663755704711	16.073786	4.935496	-3.1923244
1663755704718	13.413865	2.6012974	-2.9662027
1663755704739	10.436894	0.9661021	-3.336193
1663755704752	8.133802	0.11365908	-3.164807
1663755704762	6.431608	-0.5733801	-1.8744774
1663755704785	6.02094	-1.4003994	-0.43788654
1663755704829	6.11426	-2.2384856	-0.034695927
1663755704838	5.877371	-2.6575286	-1.1156535
1663755704852	6.22433	-2.312663	-3.0966115
1663755704860	6.820741	-1.8661026	-4.276871
1663755704893	7.489834	-1.4653047	-4.741378
1663755704905	9.589237	-0.33050862	-5.0312085
1663755704918	12.023036	0.8153543	-3.6221352
1663755704937	13.570893	1.3923237	-0.5949155
1663755704963	12.832109	1.1407782	0.66699934
1663755704992	11.145469	0.6906284	-0.25603202
1663755705000	9.997512	0.08733802	-0.8246265
1663755705016	9.329616	-0.6415756	-0.8138588
1663755705028	8.790932	-1.0941181	-0.84855473
1663755705067	8.539685	-0.92662054	-1.5343975
1663755705083	8.799306	-0.3915256	-2.3521447
1663755705094	9.35833	-0.069391854	-2.4837499
1663755705126	10.231112	0.078963146	-1.7285153
1663755705136	10.92174	0.15672988	-0.47856453
1663755705152	10.790134	0.02632105	0.038285162
1663755705176	10.450055	-0.36281174	-0.23090738
1663755705207	11.062917	-0.5841478	-0.45104706
1663755705222	12.463615	-0.36400816	0.0023928226
1663755705231	13.07887	0.13998012	0.18813568
1663755705246	12.422937	0.28025934	-1.0459626
1663755705261	11.833704	0.20697916	-2.2384856
1663755705299	11.730813	0.51475596	-1.8984057
1663755705314	11.49153	1.1108679	-0.9945169
1663755705324	10.109975	0.9912268	-1.5810575
1663755705370	8.125427	0.2527419	-3.5084763
1663755705383	7.5173516	0.16510476	-4.790431
1663755705391	7.7997046	0.98644114	-4.475775
1663755705405	7.652546	1.8170497	-3.112165
1663755705415	6.798009	2.2875385	-2.0551355
1663755705456	5.67757	2.530709	-1.7440686
1663755705470	5.3255258	2.5079772	-1.6184454
1663755705480	6.539285	2.1631117	-1.2735798
1663755705492	8.906983	2.0470598	-0.71216387
1663755705529	11.086844	1.9968106	-0.29671
1663755705536	11.670993	1.6627127	-0.39720857
1663755705553	10.325628	1.4258232	-1.1682956
1663755705570	8.933304	1.4222339	-1.2257234
1663755705589	8.268997	1.570589	-0.5709873
1663755705608	8.075178	1.7739788	-0.020338992
1663755705631	8.13141	1.8361923	0.20488544
1663755705655	8.490632	1.7297117	0.31256247
1663755705675	9.229117	1.4605191	0.41545382
1663755705694	9.850353	0.98644114	0.69571316
1663755705709	9.841979	0.34366915	1.1359925
1663755705722	9.524631	0.0071784677	1.0510473
1663755705769	9.4432745	0.038285162	0.8739785
1663755705778	9.403793	0.285045	0.6729814
1663755705798	9.497113	0.41306102	0.65024954
1663755705808	9.938888	0.23958136	0.82971126
1663755705846	10.607981	0.07058827	-0.11485548
1663755705858	10.908579	1.1216356	-2.1077776
1663755705866	12.5138645	3.3409786	-3.0667014
1663755705881	15.877575	4.784748	-3.004488
1663755705894	15.704992	3.2213376	-3.0152557
1663755705943	12.235998	1.5203397	-3.4366915
1663755705958	9.77498	1.049851	-2.8381867
1663755705963	7.95793	0.42622152	-1.5942181
1663755705977	6.8315086	-0.35324043	-0.8042875
1663755705995	6.3287168	-1.2544373	-0.41874397
1663755706031	6.140581	-1.9893329	-0.81864446
1663755706040	6.220741	-2.2564318	-2.082653
1663755706125	6.5979095	-1.9067806	-3.571886
1663755706139	7.015756	-1.6507485	-4.08066
1663755706148	8.45803	-1.2975081	-4.246961
1663755706160	10.372288	-0.71216387	-3.7704902
1663755706207	11.820544	-0.21655045	-2.102992
1663755706217	12.454043	0.3472584	-0.050249275
1663755706225	11.944074	0.39032918	0.62123656
1663755706239	11.040185	-0.08135597	-0.18664017
1663755706253	10.142278	-0.6619146	-0.9406784
1663755706265	9.302098	-1.1084751	-1.1228321
1663755706378	8.860323	-1.1910275	-1.3417753
1663755706394	8.906983	-1.0390832	-1.623231
1663755706414	9.376275	-0.87248296	-1.6292131
1663755706423	9.952048	-0.8557332	-1.2867404
1663755706433	10.267004	-0.77796644	-0.8557332
1663755706445	10.371092	-0.50159544	-0.41994038
1663755706455	10.274182	-0.22851457	-0.16749759
1663755706464	10.20479	-0.20219351	-0.2847459
1663755706475	11.067702	-0.1268196	-0.58893347
1663755706488	12.901502	0.2862414	-0.29671
1663755706589	13.88555	0.8356933	-0.0526421
1663755706599	12.835699	0.61046886	-1.2161521
1663755706609	10.879866	0.0	-2.617748
1663755706620	9.78814	-0.049052864	-2.9159534
1663755706632	9.81805	0.27667013	-1.4781662
1663755706645	10.00469	0.8356933	-0.64995044
1663755706655	9.649357	0.96729857	-1.7524434
1663755706665	8.883055	0.7962117	-4.0734816
1663755706677	8.516953	1.0127622	-5.4726844
1663755706688	7.9447694	1.50359	-4.5762734
1663755706698	7.036095	1.8445672	-2.951846
1663755706800	6.0783677	2.1559331	-1.6615162
1663755706811	5.852246	2.3401806	-0.64636123
1663755706824	7.2753773	2.1714866	-0.05742774
1663755706837	9.265009	2.1463618	0.032303106
1663755706847	10.448858	2.0685952	-0.22372891
1663755706854	10.44168	1.9334008	-0.9526425
1663755706867	9.485149	2.0171494	-1.4973087
1663755706878	8.64138	1.8397815	-1.0196415
1663755706887	8.381459	1.5406786	-0.21415763
1663755706894	8.516953	1.3971093	0.26590243
1663755706909	8.825627	1.250848	0.49920264
1663755706922	9.038888	1.189831	0.61764735
1663755707003	9.119047	1.2987045	0.9026923
1663755707016	9.318848	1.3576277	1.0737791
1663755707029	9.727123	1.1862419	1.2607185
1663755707037	9.889835	0.49441698	1.3935201
1663755707047	9.789336	-0.05503492	0.99720883
1663755707057	9.853943	-0.18903299	0.8775677
1663755707070	10.003494	-0.44177487	1.0737791
1663755707082	10.196416	-0.4645067	0.21924238
1663755707128	10.339985	0.34366915	-1.7608184
1663755707142	11.177772	2.2217357	-3.458227
1663755707154	14.219647	4.4279184	-3.1360931
1663755707169	16.831413	4.781159	-2.696711
1663755707179	14.0856495	2.6443682	-3.2593236
1663755707197	10.65823	1.4808581	-3.2880373
1663755707213	8.513364	0.9529416	-1.730908
1663755707222	7.2789664	0.15194423	0.013160525
1663755707238	6.7797637	-0.95054877	0.9206385
1663755707248	6.1848483	-1.9773688	0.47527438
1663755707266	5.6617174	-2.3832514	-1.1730813
1663755707277	5.65095	-2.1762722	-3.3936207
1663755707288	5.8881383	-2.105684	-4.648058
1663755707292	6.7689962	-1.8924236	-5.124529
1663755707304	8.9775715	-1.0654043	-5.003691
1663755707324	11.454442	-0.21774685	-3.5347972
1663755707343	13.510774	0.50398827	-0.7612167
1663755707361	13.970495	0.8452646	0.98644114
1663755707389	12.728022	0.770788	0.86919284
1663755707400	11.164612	0.43818563	-0.046660043
1663755707420	9.869496	-0.09332009	-0.58893347
1663755707453	8.862716	-0.77677006	-0.90478605
1663755707462	8.235497	-1.1395818	-1.5236298
1663755707477	8.039286	-1.218545	-2.1017957
1663755707496	8.356335	-1.2137593	-2.268396
1663755707521	9.226724	-0.94695956	-1.8254246
1663755707547	10.520643	-0.37477586	-0.6667002
1663755707564	11.73201	0.08135597	0.53629136
1663755707577	12.301801	-0.111266255	0.91106725
1663755707593	12.633506	-0.41904306	0.68255264
1663755707609	13.206885	0.016749758	0.013160525
1663755707649	13.221242	0.9170493	-0.6451648
1663755707662	12.449258	1.0211371	-1.6866409
1663755707676	11.068898	0.49322057	-2.498107
1663755707691	9.925728	0.5662017	-2.6249263
1663755707706	9.406186	0.6116653	-1.8397815
1663755707725	8.800503	0.43579283	-1.3106686
1663755707745	8.444869	0.26829523	-2.516053
1663755707772	8.595916	0.36759737	-4.898108
1663755707799	8.453244	0.83688974	-5.2692947
1663755707812	7.699206	1.4114662	-3.8195431
1663755707821	6.529714	1.8481563	-2.565106
1663755707846	5.6090755	2.2073789	-1.7177476
1663755707860	6.16092	2.2947168	-0.9921241
1663755707888	8.448459	2.1774685	-0.1794617
1663755707903	10.5685	2.1547368	0.19651055
1663755707920	11.254342	1.7943178	-0.076570325
1663755707937	10.385448	1.5681962	-0.96819586
1663755707958	9.206385	1.8361923	-1.5056837
1663755707975	8.530113	1.8816559	-0.8748758
1663755708003	8.330014	1.7751753	-0.083748795
1663755708019	8.481061	1.7021942	0.27906293
1663755708050	8.918947	1.6268203	0.25393832
1663755708072	9.369097	1.4246268	0.12113664
1663755708086	9.396614	1.1084751	0.2754737
1663755708096	9.369097	0.6762715	0.66699934
1663755708110	9.486345	0.04426722	1.2044871
1663755708130	9.907782	-0.36759737	1.4784653
1663755708151	9.77139	-0.6308079	1.3396816
1663755708168	9.0015	-0.32063824	0.81655073
1663755708195	8.674879	0.24915266	0.61405814
1663755708208	9.12503	0.49322057	0.6454639
1663755708223	9.816854	0.7648059	-0.49052864
1663755708248	10.179666	2.0805593	-2.3748765
1663755708269	12.08166	4.426722	-3.3768709
1663755708287	16.429419	5.5423756	-2.9530423
1663755708302	16.758432	3.0284162	-3.203092
1663755708322	13.355241	0.87637126	-3.7633119
1663755708341	10.588839	0.474078	-2.7230322
1663755708371	8.406584	0.13519448	-0.9502497
1663755708386	6.8865438	-0.5171488	-0.0634098
1663755708401	5.9587264	-1.6495521	-0.19142582
1663755708423	5.721837	-2.2121646	-1.1527423
1663755708450	5.88096	-2.0108683	-2.477768
1663755708458	6.1848483	-1.5323038	-3.6245282
1663755708475	6.6158557	-1.224527	-3.9227335
1663755708496	8.395817	-0.5721837	-4.234997
1663755708522	11.007881	0.20458634	-3.559922
1663755708539	12.779468	0.57816577	-1.7261224
1663755708552	13.247563	0.5087739	0.13429718
1663755708574	11.932109	-0.06819545	0.28265217
1663755708602	10.433305	-0.6092725	-0.7193423
1663755708613	9.599107	-0.9720842	-1.4829519
1663755708646	9.067601	-1.1922239	-1.494916
1663755708657	8.843574	-1.2149557	-1.3704891
1663755708672	9.011071	-0.90029955	-1.5655042
1663755708691	9.522238	-0.4645067	-1.439881
1663755708706	10.233504	-0.19621146	-0.7432705
1663755708726	11.092827	0.01794617	0.13549358
1663755708753	11.473584	0.18664017	0.38913277
1663755708772	11.332408	0.17587246	-0.20817557
1663755708790	11.019846	-0.0526421	-0.75284183
1663755708810	11.217254	-0.18305093	-1.1204392
1663755708822	12.006287	0.023928227	-1.1383854
1663755708844	12.28864	-0.0071784677	-1.1527423
1663755708862	11.446067	-0.3915256	-1.4446666
1663755708880	10.5900345	-0.14356937	-1.3286148
1663755708902	10.915758	0.59611195	-0.7157531
1663755708926	10.639088	0.9098708	-0.3684947
1663755708942	9.147761	0.73848486	-2.0730817
1663755708959	8.166105	0.846461	-4.462614
1663755708976	8.146963	1.6734804	-5.0216374
1663755709005	8.018947	2.4864419	-3.7776687
1663755709018	7.2179494	2.8513472	-2.408376
1663755709051	6.1680984	2.955435	-1.6591234
1663755709058	5.41406	2.6551359	-1.2771691
1663755709070	6.052047	2.0757737	-0.8712866
1663755709090	8.514561	2.070988	-0.6128617
1663755709119	10.82842	2.2337	-0.49920264
1663755709136	11.513066	1.7727824	-0.41874397
1663755709157	10.257433	1.3453646	-0.84735835
1663755709167	8.841181	1.3513466	-0.88683987
1663755709189	8.357532	1.4868401	-0.18305093
1663755709216	8.328817	1.7584256	0.38793638
1663755709230	8.375478	1.7225332	0.7938189
1663755709252	8.836395	1.3743775	0.785444
1663755709272	9.4229355	1.049851	0.30897322
1663755709287	9.407382	0.67148584	-0.04546363
1663755709304	9.053245	0.24077778	-0.37447673
1663755709324	9.262616	0.2862414	-0.36011982
1663755709341	9.657731	0.6116653	0.3364907
1663755709360	9.673285	0.8237292	1.1276177
1663755709385	9.759426	0.9637093	1.7635103
1663755709413	10.1446705	0.8045866	2.172683
1663755709422	10.450055	0.474078	1.3277174
1663755709442	10.363914	0.58654064	-0.919143
1663755709456	10.50509	2.172683	-2.9985058
1663755709481	12.244372	4.051946	-3.705884
1663755709494	15.126826	4.354937	-3.3290145
1663755709520	14.818152	2.699403	-2.8549366
1663755709536	12.263515	1.2472588	-2.3892334
1663755709553	10.039387	0.5913263	-1.9426728
1663755709572	8.483454	0.23838496	-0.8066803
1663755709592	7.308877	-0.35682967	-0.08015956
1663755709622	6.6589265	-1.2556337	-0.33020952
1663755709657	6.329913	-1.9103698	-1.2699906
1663755709665	6.4495544	-1.6878372	-2.7290142
1663755709676	6.8853474	-1.2340983	-3.69392
1663755709691	7.4252276	-0.933799	-3.956233
1663755709705	8.933304	-0.1052842	-4.2720857
1663755709737	10.725529	0.3699902	-3.7657046
1663755709754	12.082857	0.2958127	-2.0850458
1663755709772	12.432508	0.2623132	-0.21415763
1663755709786	11.68176	-0.02632105	0.38793638
1663755709815	10.785349	-0.5374878	-0.32662028
1663755709827	9.964012	-0.97926265	-1.006481
1663755709850	9.108279	-1.16351	-1.4099708
1663755709872	8.295318	-1.1599208	-1.9354944
1663755709886	8.010572	-1.1072787	-2.5579274
1663755709906	8.206783	-1.1599208	-2.6979074
1663755709923	9.19801	-1.0450653	-2.013261
1663755709942	10.484751	-0.66071814	-0.5721837
1663755709958	11.507084	-0.10767702	0.62482584
1663755709987	11.76192	0.36520454	0.93260264
1663755710000	11.257932	0.54466623	0.30179477
1663755710018	10.732707	0.3400799	-0.5171488
1663755710038	10.653444	-0.031106694	-0.750449
1663755710062	11.559726	-0.025124637	-0.7923234
1663755710089	12.222837	0.22971097	-0.7049854
1663755710104	11.29532	-0.016749758	-1.6507485
1663755710123	10.319646	-0.27996024	-2.43709
1663755710141	10.191629	0.12323037	-2.2121646
1663755710158	10.713265	0.7576275	-0.85214394
1663755710181	10.830812	1.11685	0.13668999
1663755710199	9.901799	0.846461	-1.0483555
1663755710230	8.8136635	0.40707895	-3.374478
1663755710242	7.920841	0.6308079	-4.3438706
1663755710268	7.314859	1.5897316	-3.6340995
1663755710286	6.774978	2.542673	-2.7628129
1663755710296	6.2784677	2.9709885	-1.7644076
1663755710319	6.3574305	2.992524	-0.8880363
1663755710338	7.304091	2.7412775	-0.79112697
1663755710353	8.89502	2.4598217	-1.1216356
1663755710373	10.229915	2.204986	-1.2819548
1663755710391	10.861919	1.704587	-1.1539388
1663755710408	10.673783	1.3429717	-0.7827521
1663755710452	10.0417795	1.1814562	-0.10767702
1663755710461	9.176475	1.1156535	0.23718855
1663755710471	8.568398	1.4916258	-0.03708875
1663755710485	8.251051	1.8002999	-0.32183465
1663755710504	8.193623	1.8122641	-0.32422748
1663755710525	8.482257	1.6722839	-0.06460621
1663755710553	8.890233	1.5311074	0.25393832
1663755710569	9.372686	1.3564314	0.5697909
1663755710585	9.830014	1.0223335	0.74596244
1663755710603	9.97478	0.68105716	0.6693921
1663755710629	9.816854	0.68823564	0.42023948
1663755710645	9.870692	0.82013994	0.77706915
1663755710658	9.778569	0.55782676	1.5586249
1663755710686	9.488738	0.06819545	1.5502499
1663755710704	9.655338	0.08135597	0.34366915
1663755710724	10.119546	1.0917253	-1.4362918
1663755710737	11.06531	2.7269206	-3.0080771
1663755710758	12.958929	3.7851462	-3.3852458
1663755710776	14.39552	3.3768709	-2.8226335
1663755710801	13.321741	1.9525433	-2.0994027
1663755710822	11.796616	1.3429717	-1.6037893
1663755710839	10.1904335	1.0055838	-1.0088738
1663755710866	8.52772	0.535095	-0.3278167
1663755710881	7.0229344	-0.16151553	-0.41994038
1663755710894	6.218348	-0.96490574	-1.1288141
1663755710917	6.1561346	-1.3824533	-2.1197417
1663755710936	6.4148583	-1.4557334	-3.2042887
1663755710953	6.9332037	-1.5430715	-3.6687953
1663755710968	8.065607	-1.4171492	-3.7525442
1663755710986	9.867104	-0.95413804	-3.5383866
1663755711009	11.4496565	-0.37716866	-2.635694
1663755711031	12.204891	-0.08255238	-1.4195421
1663755711058	12.111571	-0.19501504	-0.31226337
1663755711067	11.298908	-0.42382872	0.2742773
1663755711085	10.03819	-0.80548394	0.008374879
1663755711104	9.111869	-1.2843475	-0.8593224
1663755711124	8.678469	-1.6184454	-1.5667006
1663755711143	8.720343	-1.6435701	-2.0718853
1663755711160	8.774181	-1.6292131	-2.3389843
1663755711187	8.871091	-1.4315062	-2.3988047
1663755711201	9.377472	-0.9062816	-2.1197417
1663755711220	10.060922	-0.31585258	-1.2089736
1663755711250	10.627124	0.2730809	-0.2620141
1663755711270	10.781759	0.6643074	0.17617157
1663755711286	10.566107	0.80578303	0.033499517
1663755711302	10.383056	0.7827521	-0.41515473
1663755711320	10.497911	0.55423754	-0.60807604
1663755711336	10.84158	0.101694964	-0.581755
1663755711353	11.441281	0.039481573	-0.74446696
1663755711371	12.072089	0.33290145	-1.2687942
1663755711400	12.030215	0.6906284	-1.6507485
1663755711422	11.207683	0.5709873	-2.015654
1663755711454	10.420144	0.043070808	-2.1221347
1663755711462	10.418948	-0.35204405	-1.6902301
1663755711470	10.692926	-0.4142574	-1.2329018
1663755711490	10.338788	-0.08853444	-1.1407782
1663755711508	9.250652	0.0047856453	-2.079064
1663755711535	9.080762	0.43938205	-3.1827533
1663755711554	9.717552	1.3923237	-3.0559337
1663755711564	9.636196	2.1260228	-2.5926232
1663755711583	8.567203	2.4143581	-2.5579274
1663755711603	7.220342	2.3772693	-2.8022945
1663755711622	6.4471617	2.0985055	-2.5627131
1663755711649	6.326324	1.7153547	-1.8110676
1663755711665	6.7019973	1.3429717	-1.0785648
1663755711688	7.7004023	1.0570294	-0.69302124
1663755711700	9.217153	0.89431745	-0.669093
1663755711720	10.356734	0.87158567	-0.98016
1663755711740	10.79492	1.0977074	-1.0582259
1663755711767	10.796117	1.3600205	-0.5494519
1663755711784	10.226326	1.7081763	0.008374879
1663755711801	9.116654	1.9585253	-0.021535404
1663755711819	8.436495	2.120041	-0.4103691
1663755711859	8.375478	2.0470598	-0.71455663
1663755711866	8.674879	1.739283	-0.85812604
1663755711884	9.052048	1.4521443	-0.5937191
1663755711900	9.38824	1.3058829	-0.022731815
1663755711920	9.68166	1.2484552	0.79860455
1663755711936	9.94487	1.0582259	1.3325031
1663755711950	10.019048	0.8129615	1.0642079
1663755711966	9.843175	0.7217351	0.44775695
1663755711988	9.619446	0.62123656	0.4872385
1663755712009	9.68166	0.40947178	0.92303133
1663755712050	9.719945	0.1363909	0.8380861
1663755712060	10.143475	0.23120649	-0.1591227
1663755712069	10.883454	1.0773684	-1.3716856
1663755712083	11.519048	2.6144578	-2.2827528
1663755712103	12.724433	3.8629131	-2.440679
1663755712122	13.218849	3.3900316	-1.9869401
1663755712153	11.987144	1.6160526	-1.6208383
1663755712166	10.488339	0.77677006	-1.4554343
1663755712185	9.227921	0.62841505	-1.1647065
1663755712203	8.2678	0.51236314	-0.82701933
1663755712219	7.5699935	0.08015956	-0.9000004
1663755712247	7.1042905	-0.46091747	-1.4554343
1663755712266	6.9559355	-0.7588239	-2.2265215
1663755712287	7.203593	-0.8533404	-2.9614172
1663755712301	7.858329	-1.1371889	-3.1743784
1663755712319	8.82802	-1.4458631	-2.8166513
1663755712336	9.768997	-1.5107684	-2.3306093
1663755712357	10.404591	-1.4446666	-1.995315
1663755712372	10.605588	-1.2556337	-1.887638
1663755712402	10.657034	-0.80787677	-1.5978073
1663755712418	10.688141	-0.13878371	-0.9287143
1663755712446	10.721939	0.39631125	-0.22971097
1663755712460	10.47159	0.3077768	-0.13160525
1663755712469	10.053743	-0.20458634	-0.6559325
1663755712489	9.65175	-0.7468598	-1.189831
1663755712507	9.036494	-1.102493	-1.6591234
1663755712536	8.392227	-1.1682956	-2.1675982
1663755712555	8.345567	-0.93619186	-2.3102703
1663755712572	8.923733	-0.6511469	-1.608575
1663755712589	9.699606	-0.4334	-0.64277196
1663755712606	10.409377	-0.1471586	0.059820566
1663755712626	10.770992	-0.038285162	0.09720842
1663755712656	10.879866	0.07298109	-0.57457656
1663755712670	10.988739	0.19980069	-1.1467602
1663755712688	10.924132	0.14356937	-1.2628121
1663755712702	11.256735	0.18065812	-1.0423734
1663755712718	11.99193	0.669093	-0.5482555
1663755712738	12.023036	1.2592229	-0.6343971
1663755712757	11.358729	1.311865	-1.3992031
1663755712778	10.345967	0.8129615	-2.0754745
1663755712804	9.302098	0.15553348	-2.0443678
1663755712818	9.175279	-0.16151553	-1.5439688
1663755712842	10.121939	0.031106694	-0.6367899
1663755712856	11.047363	0.11006984	-0.2117648
1663755712874	11.413764	0.010767702	-1.3453646
1663755712903	10.7793665	0.3592225	-3.2904303
1663755712925	9.468399	0.9026923	-3.7764723
1663755712939	8.286943	1.9597218	-3.4594233
1663755712956	7.4886374	3.0332017	-2.835794
1663755712969	6.88774	3.3672996	-2.0288146
1663755712990	6.8542404	3.202195	-1.2125629
1663755713010	7.2023964	2.7005994	-0.78634137
1663755713026	7.719545	2.199004	-0.9741779
1663755713059	8.769396	1.9322042	-1.1587243
1663755713070	10.059726	1.879263	-1.2520444
1663755713091	10.155738	1.7835501	-1.1694921
1663755713107	9.353543	1.5394822	-0.8425727
1663755713124	8.807681	1.6519449	-0.57816577
1663755713143	8.814859	2.0207388	-0.20937198
1663755713160	8.845966	2.349752	-0.15314065
1663755713180	8.883055	2.4864419	-0.2656033
1663755713203	9.052048	2.2277179	-0.22492532
1663755713220	8.966804	1.7919251	-0.2536392
1663755713248	8.847162	1.4138591	-0.2620141
1663755713256	8.948857	1.2747762	0.0840479
1663755713276	9.363115	1.346561	0.51475596
1663755713306	9.469596	1.3154542	0.7375876
1663755713320	9.32483	1.1742777	0.6693921
1663755713341	9.002696	1.0390832	0.6861419
1663755713358	8.633005	0.93978107	0.90149593
1663755713371	8.678469	0.7827521	1.434198
1663755713393	9.498309	0.7181459	1.3911272
1663755713413	10.726725	1.041476	0.8009974
1663755713450	11.855539	1.7763717	-0.28594232
1663755713460	12.397812	2.6156542	-1.1742777
1663755713469	12.404991	3.3230324	-1.1850454
1663755713488	12.491133	3.6918263	-0.77677006
1663755713509	12.549757	3.409174	-0.81864446
1663755713526	11.575279	2.547459	-1.1611172
1663755713560	10.160523	1.6100706	-1.4889339
1663755713577	8.917751	0.71694946	-1.4374882
1663755713588	8.211569	-0.1794617	-0.76241314
1663755713605	8.063214	-0.8748758	-0.32662028
1663755713624	7.879864	-1.3058829	-0.5554339
1663755713653	7.6944203	-1.3764713	-1.3800604
1663755713663	7.619046	-1.0390832	-2.361716
1663755713689	7.937591	-0.61764735	-3.1372895
1663755713705	8.733503	-0.2213361	-3.2760732
1663755713721	9.519845	-0.047856454	-2.8250263
1663755713739	9.926924	-0.15314065	-2.219343
1663755713759	9.993923	-0.2440679	-1.9965113
1663755713776	9.999905	-0.2213361	-1.9713868
1663755713797	9.975977	-0.25244278	-1.9522442
1663755713823	9.918549	-0.21296121	-1.8541385
1663755713845	9.822836	-0.21296121	-1.5200406
1663755713857	9.739087	-0.34247273	-1.1084751
1663755713876	9.631411	-0.59611195	-0.95742816
1663755713894	9.426525	-0.85214394	-1.2089736
1663755713925	9.428918	-0.73130643	-1.7476579
1663755713938	9.627821	-0.60687965	-1.9223338
1663755713957	9.670892	-0.6128617	-1.7751753
1663755713972	9.579665	-0.5027919	-1.6519449
1663755713991	9.571291	-0.2428715	-1.387239
1663755714008	9.930513	0.08973085	-0.9071789
1663755714028	10.557732	0.45134616	-0.4968098
1663755714060	11.086844	0.61764735	-0.25603202
1663755714072	11.109576	0.43938205	-0.5027919
1663755714091	10.709676	0.15194423	-1.0423734
1663755714110	10.34836	-0.03708875	-1.2496517
1663755714125	10.356734	-0.13758731	-1.0606186
1663755714144	10.668998	-0.12562318	-0.67387867
1663755714166	10.781759	0.023928227	-0.58534425
1663755714188	10.726725	0.26111677	-0.9000004
1663755714206	10.42493	0.41665024	-1.3980067
1663755714225	10.367502	0.17826529	-1.6710875
1663755714255	10.412966	-0.32063824	-1.3776677
1663755714278	10.432109	-0.8258229	-0.87607217
1663755714288	10.447661	-1.1216356	-0.6858428
1663755714296	10.360324	-1.0055838	-0.8844471
1663755714316	10.442876	-0.30388847	-1.4817554
1663755714343	10.277771	0.4668995	-2.2337
1663755714360	9.932906	1.2580265	-2.7448666
1663755714377	9.642178	1.8373886	-2.4969103
1663755714395	9.081959	1.8541385	-1.7237296
1663755714413	8.7215395	1.8852451	-1.3609179
1663755714450	8.7418785	2.056631	-1.1623136
1663755714461	9.105886	2.231307	-1.0893325
1663755714484	9.35474	2.0135603	-1.1886346
1663755714497	8.738289	1.1228321	-1.8433708
1663755714508	7.7446694	0.36640096	-2.672783
1663755714530	7.153343	0.16749759	-2.984149
1663755714547	7.437192	0.59611195	-2.0551355
1663755714574	8.365906	1.4126626	-0.74207413
1663755714592	9.402596	2.0171494	-0.31465617
1663755714614	10.488339	2.1164517	-0.4319045
1663755714626	11.023435	2.0793629	-0.4031906
1663755714649	10.621141	2.036292	-0.7492526
1663755714838	9.9089775	2.1104696	-0.8808578
1663755714857	9.09153	2.024328	-0.8605189
1663755714871	8.714361	1.899602	-0.7360921
1663755714883	8.635398	1.7117655	-0.90358967
1663755714896	8.722735	1.4461622	-1.0459626
1663755714910	8.969196	1.1874382	-0.7049854
1663755714922	9.209974	1.0127622	-0.040677983
1663755714933	9.036494	0.7265208	0.5279165
1663755714943	8.983554	0.43100718	0.5075775
1663755714955	9.069994	0.29102704	-0.06699903
1663755714964	9.250652	0.453739	-0.3481557
1663755715044	9.88505	0.8967103	-0.32063824
1663755715059	10.601999	1.2221341	-0.2428715
1663755715073	10.899008	1.4868401	-0.5733801
1663755715082	11.007881	1.7464614	-1.4482559
1663755715092	11.29532	2.120041	-2.3868406
1663755715102	11.257932	2.367698	-2.5663023
1663755715113	10.987542	2.469393	-1.8218354
1663755715122	10.420144	2.1176481	-1.0184451
1663755715132	9.480363	1.6950158	-0.9454641
1663755715143	8.56122	1.434198	-1.2532408
1663755715154	7.9351983	1.1335998	-1.6292131
1663755715163	7.8679	0.5937191	-1.6109679
1663755715175	8.442476	0.12801601	-1.3154542
1663755715245	9.3308115	-0.11365908	-1.4434702
1663755715257	10.176077	-0.30149564	-1.9725832
1663755715271	10.688141	-0.4118646	-2.1508484
1663755715284	10.697712	-0.47527438	-1.7967107
1663755715295	10.363914	-0.5566304	-1.0040882
1663755715304	9.995119	-0.7600203	-0.4223332
1663755715312	9.710373	-0.9302098	-0.36131623
1663755715326	9.485149	-0.8449655	-0.84137625
1663755715378	9.433703	-0.64277196	-1.4231312
1663755715393	9.489935	-0.5566304	-1.739283
1663755715410	9.554541	-0.62123656	-1.7835501
1663755715426	9.5868435	-0.602094	-1.4590236
1663755715442	9.505488	-0.49082774	-1.0666007
1663755715454	9.340384	-0.30029923	-1.1084751
1663755715465	9.390633	-0.09212367	-1.3549358
1663755715473	9.767801	0.15553348	-1.2364911
1663755715486	10.150653	0.48364928	-1.0555339
1663755715495	10.350753	0.8739785	-1.1288141
