Timestamp 	 X 	 Y 	 Z 
1663756648857	9.29133	-1.1694921	-2.754438
1663756648870	9.2075815	-1.0642079	-2.9877381
1663756648877	9.176475	-0.9457632	-3.342175
1663756648888	9.182457	-0.948156	-3.5910287
1663756648904	9.075976	-1.0295119	-4.060321
1663756648907	8.969196	-1.1527423	-4.33071
1663756648911	8.909376	-0.83060855	-4.546363
1663756648915	8.985947	-0.7827521	-4.133302
1663756648918	9.150154	-0.8676973	-3.5252259
1663756648957	9.242277	-1.0893325	-3.1803603
1663756648967	9.288938	-1.2843475	-3.138486
1663756648971	9.242277	-1.3166506	-3.2186456
1663756648976	9.18485	-1.2687942	-3.3314073
1663756649012	9.139386	-1.1958131	-3.4654055
1663756649023	9.103494	-1.1407782	-3.5527434
1663756649032	9.101101	-1.1180464	-3.5467613
1663756649099	9.071191	-1.1419746	-3.4689946
1663756649110	9.023035	-1.1778669	-3.4283166
1663756649122	9.048459	-1.1623136	-3.4043884
1663756649135	9.075976	-1.1048858	-3.3601213
1663756649206	9.069994	-1.0666007	-3.3661032
1663756649221	9.1465645	-1.0331012	-3.3804603
1663756649232	9.205189	-1.0031909	-3.286841
1663756649244	9.233903	-1.049851	-3.2042887
1663756649256	9.242277	-1.0953146	-3.1887352
1663756649266	9.245867	-1.1192428	-3.1959138
1663756649279	9.280562	-1.102493	-3.161218
1663756649292	9.273384	-1.0989038	-3.1504502
1663756649308	9.215957	-1.1156535	-3.1767712
1663756649321	9.148957	-1.1527423	-3.2341988
1663756649416	9.098708	-1.1192428	-3.2772696
1663756649434	9.108279	-1.0797613	-3.2545378
1663756649445	9.189635	-1.0271192	-3.1767712
1663756649451	9.276974	-0.9984053	-3.0607193
1663756649464	9.298509	-0.98524475	-3.0068808
1663756649475	9.236296	-0.9828519	-3.0786655
1663756649490	9.192028	-0.97806627	-3.1576285
1663756649500	9.236296	-0.99601245	-3.193521
1663756649509	9.287741	-1.0223335	-3.12054
1663756649519	9.314062	-1.055833	-3.0140593
1663756649559	9.339187	-1.0666007	-2.9793632
1663756649569	9.341579	-1.0331012	-2.975774
1663756649578	9.296116	-0.99003035	-3.012863
1663756649619	9.262616	-0.9637093	-3.0475588
1663756649635	9.253045	-0.9613165	-3.0858438
1663756649647	9.268599	-0.97567344	-3.0810583
1663756649656	9.281759	-1.0031909	-3.0523443
1663756649683	9.322437	-1.0390832	-3.0487552
1663756649698	9.316455	-1.0366904	-3.0643084
1663756649710	9.257831	-1.0474582	-3.1049864
1663756649722	9.175279	-1.0211371	-3.152843
1663756649735	9.156136	-0.9924232	-3.2294133
1663756649817	9.141779	-0.9637093	-3.2437701
1663756649835	9.15135	-0.9409775	-3.2270205
1663756649846	9.1681	-0.9613165	-3.1947174
1663756649859	9.150154	-0.994816	-3.1947174
1663756649871	9.15494	-0.9912268	-3.1983066
1663756649887	9.208778	-0.9696914	-3.1683962
1663756649922	9.30808	-0.9601201	-3.112165
1663756649935	9.366704	-0.9517452	-3.0140593
1663756649956	9.410972	-0.9553344	-2.9889345
1663756649967	9.425328	-0.94695956	-3.0080771
1663756649980	9.355937	-0.9553344	-3.0523443
1663756649991	9.32483	-0.97567344	-3.1253254
1663756650005	9.340384	-0.96849495	-3.173182
1663756650020	9.426525	-0.98644114	-3.1887352
1663756650031	9.4839525	-0.9804591	-3.0463624
1663756650042	9.467203	-0.98644114	-2.955435
1663756650101	9.456435	-0.99720883	-3.051148
1663756650111	9.309277	-1.0271192	-3.0966115
1663756650125	9.086744	-0.994816	-3.0846474
1663756650136	9.025428	-0.9302098	-3.0978081
1663756650209	9.08794	-0.90149593	-3.1600213
1663756650223	9.194421	-0.9242278	-3.1636107
1663756650232	9.224331	-0.9732806	-3.0619156
1663756650250	9.186047	-1.0247263	-2.996113
1663756650262	9.203992	-1.0163515	-2.9937203
1663756650271	9.235099	-0.9661021	-3.0008986
1663756650282	9.266206	-0.87367934	-2.9745777
1663756650296	9.268599	-0.80548394	-2.9626136
1663756650305	9.2590275	-0.76719874	-3.022434
1663756650313	9.288938	-0.817448	-3.083451
1663756650326	9.32124	-0.8991031	-3.0894332
1663756650416	9.32124	-0.9445667	-2.9422746
1663756650431	9.347562	-0.92303133	-2.774777
1663756650447	9.337991	-0.8919246	-2.7496524
1663756650461	9.2997055	-0.8712866	-2.8633113
1663756650475	9.282955	-0.8979067	-2.969792
1663756650488	9.285348	-0.96490574	-2.984149
1663756650500	9.293723	-1.0211371	-2.8872397
1663756650512	9.317652	-1.0725827	-2.8513472
1663756650525	9.298509	-1.0869397	-2.8525436
1663756650536	9.282955	-1.061815	-2.908775
1663756650619	9.280562	-1.0295119	-2.943471
1663756650637	9.297313	-0.99720883	-2.9793632
1663756650648	9.287741	-0.9924232	-3.016452
1663756650664	9.290133	-0.99003035	-3.0296125
1663756650676	9.286545	-1.0079765	-3.0391839
1663756650685	9.293723	-1.0235299	-3.0008986
1663756650710	9.276974	-1.0342976	-2.9482565
1663756650726	9.274581	-1.0522437	-2.96381
1663756650742	9.266206	-1.061815	-3.0583265
1663756650755	9.251849	-1.07019	-3.0966115
1663756650817	9.253045	-1.0857433	-3.0870404
1663756650838	9.251849	-1.102493	-3.0870404
1663756650848	9.232706	-1.0845468	-3.1193435
1663756650860	9.236296	-1.0510473	-3.1683962
1663756650874	9.227921	-1.0031909	-3.228217
1663756650887	9.213564	-0.9062816	-3.2270205
1663756650900	9.236296	-0.8042875	-3.211467
1663756650909	9.298509	-0.76719874	-3.2557342
1663756650917	9.315259	-0.79950184	-3.2952158
1663756650926	9.293723	-0.8593224	-3.2772696
1663756650933	9.237492	-0.90029955	-3.268895
1663756650958	9.224331	-0.91106725	-3.2832518
1663756650967	9.232706	-0.92303133	-3.2617164
1663756650974	9.24467	-0.97567344	-3.2461631
1663756651011	9.265009	-1.0713863	-3.1815567
1663756651019	9.29492	-1.1623136	-3.1253254
1663756651025	9.316455	-1.21017	-3.022434
1663756651097	9.288938	-1.2209377	-2.9745777
1663756651107	9.254242	-1.1742777	-2.9985058
1663756651115	9.229117	-1.0773684	-3.0355947
1663756651124	9.21476	-0.9936196	-3.095415
1663756651206	9.206385	-0.90508515	-3.1887352
1663756651217	9.223135	-0.8569296	-3.2617164
1663756651225	9.27817	-0.86530447	-3.2641091
1663756651231	9.265009	-0.8955139	-3.1959138
1663756651239	9.266206	-0.94337034	-3.1372895
1663756651250	9.275777	-0.9601201	-3.1301112
1663756651258	9.273384	-0.933799	-3.1947174
1663756651340	9.249456	-0.90388876	-3.2186456
1663756651348	9.217153	-0.9098708	-3.228217
1663756651358	9.226724	-0.9242278	-3.173182
1663756651366	9.24826	-0.9661021	-3.124129
1663756651412	9.2793665	-1.0247263	-3.0559337
1663756651423	9.285348	-1.1120644	-3.036791
1663756651432	9.238688	-1.1575279	-3.0738797
1663756651442	9.212367	-1.1958131	-3.0906296
1663756651451	9.201599	-1.2113664	-3.0990045
1663756651460	9.201599	-1.2233306	-3.1109686
1663756651543	9.225528	-1.2209377	-3.0966115
1663756651553	9.233903	-1.2137593	-3.100201
1663756651562	9.221938	-1.2161521	-3.1061828
1663756651571	9.2075815	-1.2053844	-3.1564322
1663756651615	9.217153	-1.1682956	-3.1683962
1663756651624	9.218349	-1.1383854	-3.1660035
1663756651634	9.227921	-1.1371889	-3.1337004
1663756651647	9.220742	-1.1335998	-3.1420753
1663756651656	9.211171	-1.1407782	-3.158825
1663756651669	9.242277	-1.1539388	-3.1372895
1663756651705	9.2590275	-1.1324034	-3.1169505
1663756651716	9.249456	-1.1096715	-3.138486
1663756651726	9.245867	-1.0666007	-3.1671999
1663756651736	9.263813	-1.0199406	-3.1624143
1663756651746	9.2590275	-0.99601245	-3.138486
1663756651816	9.220742	-0.9553344	-3.1815567
1663756651833	9.196814	-0.99960166	-3.1875389
1663756651845	9.205189	-1.0019945	-3.203092
1663756651852	9.226724	-1.0474582	-3.203092
1663756651864	9.212367	-1.0869397	-3.2090743
1663756651875	9.195618	-1.1084751	-3.2006993
1663756651950	9.229117	-1.0654043	-3.1564322
1663756651959	9.250652	-1.041476	-3.1516466
1663756651969	9.232706	-1.0342976	-3.1480572
1663756651983	9.19801	-1.0271192	-3.1827533
1663756651996	9.176475	-1.0067801	-3.2533414
1663756652004	9.180064	-0.94337034	-3.2569308
1663756652016	9.218349	-0.8967103	-3.2306097
1663756652029	9.265009	-0.91346	-3.199503
1663756652039	9.273384	-0.9242278	-3.1085758
1663756652048	9.290133	-0.948156	-3.0559337
1663756652146	9.3200445	-0.95413804	-3.0702906
1663756652156	9.286545	-0.9876375	-3.1301112
1663756652166	9.24467	-1.0223335	-3.1899316
1663756652176	9.221938	-1.055833	-3.1839497
1663756652186	9.235099	-1.049851	-3.1504502
1663756652198	9.247063	-1.0534402	-3.1480572
1663756652211	9.223135	-1.0319048	-3.1767712
1663756652222	9.178867	-1.0271192	-3.2186456
1663756652238	9.171689	-1.0211371	-3.2557342
1663756652254	9.183653	-0.994816	-3.2473595
1663756652347	9.208778	-1.0175478	-3.2186456
1663756652357	9.219545	-1.0522437	-3.1899316
1663756652370	9.1669035	-1.049851	-3.248556
1663756652386	9.169296	-1.0223335	-3.3026934
1663756652396	9.180064	-0.9589237	-3.3242288
1663756652406	9.1872425	-0.9290134	-3.3613176
1663756652417	9.156136	-0.91585284	-3.3936207
1663756652431	9.133404	-0.9290134	-3.4187453
1663756652443	9.129815	-0.9314062	-3.4055848
1663756652455	9.169296	-0.933799	-3.399603
1663756652468	9.19801	-0.9421739	-3.3768709
1663756652482	9.186047	-0.96849495	-3.3397822
1663756652537	9.209974	-1.0115658	-3.3026934
1663756652546	9.208778	-1.0342976	-3.26052
1663756652557	9.200403	-1.0402796	-3.2676985
1663756652567	9.1872425	-1.0474582	-3.2832518
1663756652617	9.186047	-1.041476	-3.321836
1663756652637	9.199206	-1.0426725	-3.3409786
1663756652650	9.190832	-1.0115658	-3.3637104
1663756652663	9.19801	-1.0043873	-3.3409786
1663756652676	9.211171	-1.0007981	-3.2976086
1663756652710	9.189635	-1.0390832	-3.3242288
1663756652722	9.1669035	-1.0642079	-3.3684962
1663756652732	9.153743	-1.0941181	-3.394817
1663756652743	9.145369	-1.102493	-3.3840494
1663756652757	9.165708	-1.1228321	-3.3433714
1663756652769	9.163314	-1.1335998	-3.3122647
1663756652780	9.174082	-1.1252248	-3.3026934
1663756652817	9.176475	-1.1335998	-3.3373895
1663756652835	9.159725	-1.0953146	-3.3326037
1663756652848	9.142975	-1.0953146	-3.3146574
1663756652951	9.127422	-1.0893325	-3.3194432
1663756652962	9.131011	-1.0546366	-3.3314073
1663756652973	9.169296	-1.0163515	-3.3409786
1663756652987	9.206385	-0.9589237	-3.3780673
1663756653002	9.220742	-0.92662054	-3.4007993
1663756653015	9.177671	-0.93978107	-3.4223347
1663756653024	9.140582	-0.9816555	-3.4486556
1663756653040	9.110672	-1.0067801	-3.44387
1663756653054	9.128618	-1.0235299	-3.4259238
1663756653067	9.135797	-1.0342976	-3.394817
1663756653081	9.159725	-1.041476	-3.3661032
1663756653160	9.165708	-1.0462617	-3.370889
1663756653174	9.15494	-1.0737791	-3.3661032
1663756653187	9.150154	-1.0989038	-3.3684962
1663756653198	9.152547	-1.1132607	-3.362514
1663756653207	9.177671	-1.1204392	-3.3577285
1663756653217	9.188439	-1.1312069	-3.35055
1663756653230	9.170493	-1.11685	-3.3493536
1663756653243	9.139386	-1.0893325	-3.3613176
1663756653258	9.15494	-1.0737791	-3.4055848
1663756653269	9.162118	-1.0426725	-3.4187453
1663756653367	9.148957	-1.0390832	-3.4307094
1663756653377	9.129815	-1.0271192	-3.4354951
1663756653384	9.116654	-1.0055838	-3.4390843
1663756653392	9.12503	-0.97926265	-3.4390843
1663756653405	9.123833	-0.99720883	-3.4271202
1663756653417	9.15135	-1.0043873	-3.4522448
1663756653428	9.153743	-1.0031909	-3.464209
1663756653440	9.15494	-0.99720883	-3.461816
1663756653456	9.134601	-0.97567344	-3.4869409
1663756653468	9.126225	-0.95413804	-3.5048869
1663756653487	9.102298	-0.9421739	-3.5443685
1663756653499	9.105886	-0.9242278	-3.527619
1663756653575	9.123833	-0.95054877	-3.5144582
1663756653585	9.139386	-0.9661021	-3.5132618
1663756653596	9.126225	-1.0091729	-3.510869
1663756653610	9.123833	-1.0259227	-3.4773695
1663756653621	9.123833	-1.0390832	-3.4474592
1663756653631	9.113065	-1.0438689	-3.4594233
1663756653643	9.0951185	-1.061815	-3.4522448
1663756653658	9.09153	-1.0737791	-3.4893336
1663756653709	9.108279	-1.0642079	-3.510869
1663756653722	9.107083	-1.0522437	-3.5072799
1663756653732	9.122637	-1.0366904	-3.53719
1663756653744	9.115458	-1.0295119	-3.4917264
1663756653755	9.111869	-0.99960166	-3.4342988
1663756653788	9.138189	-0.9696914	-3.4151561
1663756653800	9.174082	-0.9601201	-3.4725838
1663756653819	9.148957	-0.93738824	-3.5036905
1663756653836	9.123833	-0.97806627	-3.470191
1663756653847	9.122637	-1.0546366	-3.4570305
1663756653858	9.093923	-1.090529	-3.4510484
1663756653955	9.101101	-1.1012967	-3.4809587
1663756653976	9.123833	-1.0881361	-3.5001013
1663756653987	9.120243	-1.0917253	-3.498905
1663756654001	9.0951185	-1.1036894	-3.5240295
1663756654012	9.071191	-1.0845468	-3.5527434
1663756654019	9.072387	-1.0785648	-3.5647075
1663756654023	9.084352	-1.0594223	-3.502494
1663756654028	9.128618	-1.0426725	-3.4677982
1663756654032	9.12503	-1.0283155	-3.4630125
1663756654037	9.116654	-1.0510473	-3.4666018
1663756654040	9.141779	-1.0582259	-3.4342988
1663756654188	9.195618	-1.076172	-3.4067812
1663756654202	9.200403	-1.1048858	-3.3768709
1663756654215	9.152547	-1.1335998	-3.3768709
1663756654227	9.105886	-1.1060823	-3.4127634
1663756654241	9.083155	-1.0342976	-3.4462628
1663756654255	9.08794	-0.97806627	-3.470191
1663756654267	9.11785	-0.9613165	-3.4917264
1663756654277	9.114262	-1.0043873	-3.5252259
1663756654288	9.059227	-1.0845468	-3.5407794
1663756654386	9.047262	-1.1503495	-3.5850465
1663756654395	9.102298	-1.2017952	-3.5742788
1663756654405	9.101101	-1.2161521	-3.5694933
1663756654420	9.064013	-1.1958131	-3.545565
1663756654434	9.067601	-1.1814562	-3.5407794
1663756654448	9.098708	-1.1551352	-3.5359936
1663756654462	9.120243	-1.1359925	-3.5204403
1663756654474	9.113065	-1.1563315	-3.53719
1663756654486	9.065208	-1.1335998	-3.592225
1663756654498	9.041281	-1.1144571	-3.6149569
1663756654505	9.025428	-1.0689936	-3.5934215
1663756654511	9.0436735	-1.0342976	-3.580261
1663756654584	9.11785	-1.0019945	-3.5850465
1663756654602	9.165708	-0.98883396	-3.5264223
1663756654615	9.1681	-1.0091729	-3.4941192
1663756654629	9.101101	-1.0582259	-3.5419757
1663756654642	9.068798	-1.0737791	-3.522833
1663756654655	9.079565	-1.0737791	-3.522833
1663756654665	9.123833	-1.0582259	-3.5563326
1663756654677	9.11785	-1.035494	-3.5958142
1663756654688	9.080762	-1.0331012	-3.5826538
1663756654706	9.097511	-1.0187442	-3.5491543
1663756654712	9.122637	-1.035494	-3.5204403
1663756654722	9.108279	-1.1048858	-3.5132618
1663756654731	9.085547	-1.1371889	-3.510869
1663756654792	9.046066	-1.1575279	-3.5431721
1663756654807	9.036494	-1.1850454	-3.5539398
1663756654820	9.066405	-1.1359925	-3.5826538
1663756654838	9.068798	-1.1312069	-3.5694933
1663756654850	9.083155	-1.0654043	-3.610171
1663756654867	9.0951185	-1.0474582	-3.589832
1663756654962	9.084352	-1.0175478	-3.5874393
1663756654981	9.059227	-0.9696914	-3.6364923
1663756654992	9.053245	-0.9314062	-3.6532419
1663756655002	9.040084	-0.9206385	-3.6329029
1663756655015	9.036494	-0.9098708	-3.606582
1663756655027	9.041281	-0.88325065	-3.5970106
1663756655041	9.040084	-0.87248296	-3.5694933
1663756655055	9.044869	-0.8533404	-3.5551362
1663756655065	9.098708	-0.8700901	-3.498905
1663756655073	9.119047	-0.91106725	-3.4953158
1663756655089	9.134601	-1.0067801	-3.5001013
1663756655183	9.110672	-1.0677971	-3.4953158
1663756655202	9.073584	-1.082154	-3.4546378
1663756655216	9.01466	-1.0390832	-3.5120654
1663756655229	8.987143	-0.98644114	-3.5934215
1663756655240	9.012267	-0.94337034	-3.6149569
1663756655253	9.06162	-0.92662054	-3.598207
1663756655266	9.104691	-0.95413804	-3.5336008
1663756655278	9.042477	-1.0331012	-3.5706897
1663756655289	9.026625	-1.1132607	-3.6496527
1663756655304	8.987143	-1.2711871	-3.6927235
1663756655407	8.903394	-1.4434702	-3.778865
1663756655426	8.860323	-1.570589	-3.8844485
1663756655437	8.958429	-1.6842481	-3.9287157
1663756655451	9.126225	-1.7775681	-3.8099718
1663756655465	9.241081	-1.879263	-3.7836509
1663756655479	8.991928	-1.9151554	-3.8183467
1663756655492	8.680861	-1.8349959	-3.854239
1663756655504	8.49781	-1.6926229	-3.909573
1663756655517	8.44128	-1.5454643	-3.842275
1663756655532	8.571988	-1.4171492	-3.5479577
1663756655547	9.017053	-1.2628121	-3.191128
1663756655561	9.5353985	-1.189831	-2.6739793
1663756655617	9.999905	-1.1647065	-2.4418755
1663756655628	9.997512	-1.2520444	-2.4502504
1663756655647	9.549755	-1.6244274	-2.548356
1663756655659	9.120243	-2.07697	-2.7771697
1663756655672	8.7622175	-2.4801607	-2.8692935
1663756655688	8.644969	-2.6802604	-3.004488
1663756655699	8.728718	-2.6359932	-3.051148
1663756655714	9.027821	-2.3377876	-2.9004002
1663756655731	9.361918	-1.907977	-2.6632116
1663756655740	9.515059	-1.6974086	-2.53041
1663756655750	9.527023	-1.4760724	-2.510071
1663756655766	9.510274	-1.4267205	-2.4035904
1663756655778	9.438489	-1.5335002	-2.4311078
1663756655787	9.293723	-1.7117655	-2.4909284
1663756655801	9.199206	-1.7991035	-2.5004997
1663756655815	9.239884	-1.7560327	-2.5196424
1663756655827	9.46481	-1.6148561	-2.455036
1663756655842	9.985548	-1.7333009	-2.4538395
1663756655851	10.554143	-2.0889342	-3.1959138
1663756655958	9.822836	-2.2061825	-4.6767716
1663756655971	8.65454	-2.3521447	-5.1065826
1663756655985	8.962018	-2.2265215	-4.7892346
1663756655997	9.916156	-1.718944	-3.9418762
1663756656006	10.280165	-1.2963116	-3.557529
1663756656021	9.906585	-1.1766706	-3.9670007
1663756656036	9.203992	-1.2125629	-4.2098722
1663756656046	8.698808	-1.2951152	-4.148855
1663756656057	8.386245	-1.3334004	-3.9119658
1663756656072	8.187641	-1.2556337	-3.9346976
1663756656086	7.8403826	-0.9206385	-4.0591245
1663756656181	7.591529	-0.4968098	-4.1057844
1663756656197	7.579565	-0.14117654	-4.1057844
1663756656207	7.847561	0.104087785	-4.2649074
1663756656222	8.345567	0.106480606	-4.389334
1663756656235	8.981161	-0.0526421	-4.554738
1663756656244	9.634999	-0.14356937	-4.6396832
1663756656258	9.783355	-0.2321038	-4.651647
1663756656273	9.603892	-0.23928227	-4.7545385
1663756656285	8.823235	-0.18664017	-3.885645
1663756656297	8.112267	-0.14596218	-3.3349965
1663756656344	8.089535	-0.25004998	-3.4007993
1663756656357	8.021339	-0.5482555	-3.675974
1663756656366	8.13141	-0.7396813	-4.028018
1663756656378	8.309675	-0.84855473	-4.3582273
1663756656400	8.563613	-0.8676973	-4.327121
1663756656414	8.787342	-0.8006983	-3.8087754
1663756656424	9.18126	-0.5841478	-3.3457642
1663756656438	9.507881	-0.2416751	-3.0535407
1663756656456	9.638589	0.15194423	-2.9075787
1663756656467	9.426525	0.16031912	-2.8334012
1663756656486	9.254242	-0.15194423	-3.063112
1663756656501	9.208778	-0.55782676	-3.0990045
1663756656602	9.18126	-0.86291164	-3.075076
1663756656618	9.189635	-0.92542416	-2.76042
1663756656629	9.3200445	-0.77318084	-2.3425734
1663756656643	9.559326	-0.6164509	-2.0635104
1663756656655	9.905389	-0.5913263	-1.9654047
1663756656667	10.086046	-0.77796644	-2.2408783
1663756656683	10.27179	-0.933799	-3.9825542
1663756656696	10.823634	-0.7492526	-7.0396843
1663756656707	10.319646	-0.8042875	-7.470691
1663756656722	10.078868	-0.55782676	-6.222236
1663756656736	10.329217	-0.10289137	-4.671986
1663756656745	9.934102	-0.1363909	-3.6927235
1663756656754	9.376275	-0.5386842	-3.7561333
1663756656837	8.528917	-0.8880363	-4.5882373
1663756656849	7.7004023	-0.9696914	-5.000102
1663756656862	7.233503	-0.76719874	-4.7198424
1663756656877	7.0348988	-0.7755736	-4.36062
1663756656886	7.3881392	-1.1060823	-4.0292144
1663756656899	7.9543405	-1.5466608	-3.9478583
1663756656960	8.504989	-1.9091734	-4.043571
1663756656977	8.889037	-2.1619153	-4.1141596
1663756656987	9.298509	-2.3186452	-4.191926
1663756657003	9.217153	-2.4071796	-4.229015
1663756657017	9.157332	-2.1762722	-4.17398
1663756657030	8.777771	-1.718944	-3.9813578
1663756657044	8.393424	-1.4195421	-3.6376886
1663756657056	8.081161	-1.3094722	-3.708277
1663756657068	7.9567337	-1.4063815	-3.8015969
1663756657081	8.023732	-1.5179468	-3.8267217
1663756657097	8.063214	-1.8816559	-4.025625
1663756657224	8.264212	-2.0291135	-4.1141596
1663756657239	8.747861	-1.9618155	-3.778865
1663756657251	9.211171	-1.7703897	-3.298805
1663756657268	9.419347	-1.4422739	-3.1540394
1663756657279	9.12503	-1.0881361	-3.0966115
1663756657291	8.940483	-0.8234301	-3.2593236
1663756657305	8.889037	-0.8042875	-3.2569308
1663756657318	8.939286	-1.07019	-3.2533414
1663756657331	9.113065	-1.6184454	-3.211467
1663756657347	9.18126	-2.2037897	-3.1923244
1663756657401	9.098708	-2.6479573	-2.9530423
1663756657415	9.383454	-2.53041	-2.8118658
1663756657427	9.794122	-1.7428722	-2.4131618
1663756657441	9.827621	-0.9816555	-1.8146569
1663756657456	9.897014	-0.5458627	-1.6710875
1663756657468	10.287343	-0.4429713	-1.6734804
1663756657490	10.956436	-1.2999009	-2.2205393
1663756657502	12.251551	-2.5004997	-4.2924247
1663756657517	11.17179	-3.4713874	-7.0396843
1663756657531	8.683254	-3.781557	-7.4036922
1663756657544	8.318049	-3.1277182	-5.3446684
1663756657556	8.570791	-1.9331015	-3.240181
1663756657618	7.990233	-1.0462617	-3.0870404
1663756657633	7.268199	-0.64636123	-4.068696
1663756657648	7.0061846	-0.5027919	-4.7114677
1663756657661	7.3749785	-0.20817557	-5.3482575
1663756657674	7.8344007	-0.096909314	-5.2896338
1663756657687	8.407781	0.038285162	-5.488238
1663756657698	8.649755	0.010767702	-5.0359945
1663756657709	9.349955	-0.014356935	-5.142475
1663756657725	9.3511505	0.09810573	-5.020441
1663756657739	9.023035	0.27068806	-4.1751766
1663756657750	8.085946	0.15672988	-3.0643084
1663756657767	7.2299137	-0.18783657	-3.161218
1663756657781	6.977471	-0.57457656	-4.0998025
1663756657799	7.198807	-0.8991031	-4.9196434
1663756657814	7.5029945	-1.1647065	-5.032405
1663756657828	8.117053	-1.1802598	-4.651647
1663756657841	8.859127	-1.0187442	-3.9430726
1663756657854	9.5353985	-0.65353966	-3.0786655
1663756657866	9.812068	-0.38673997	-2.7723842
1663756657958	9.686445	-0.28115666	-2.5136602
1663756657970	9.492328	-0.31585258	-2.696711
1663756657986	9.32483	-0.4429713	-2.9745777
1663756657998	9.38824	-0.5985048	-3.3577285
1663756658009	9.500702	-0.68225354	-3.527619
1663756658023	9.571291	-0.6439684	-3.5036905
1663756658035	9.475577	-0.55064833	-2.9769704
1663756658047	9.772587	-0.37956148	-2.5866413
1663756658057	10.29811	-0.36520454	-3.313461
1663756658069	11.344372	-0.3278167	-5.1053863
1663756658222	12.460026	-0.535095	-7.815557
1663756658237	12.1713915	-0.62123656	-7.5233335
1663756658251	10.403395	-0.62482584	-6.1695943
1663756658265	8.758628	-0.84855473	-5.221438
1663756658279	7.5843506	-0.93260264	-4.4434714
1663756658293	6.9415784	-0.7851449	-4.011268
1663756658306	6.332306	-0.9517452	-4.1177487
1663756658320	6.02094	-1.265205	-4.877769
1663756658334	6.1680984	-1.4386846	-5.3506503
1663756658347	6.8099732	-1.8960128	-5.6668024
1663756658359	7.7889366	-2.0841484	-5.6799626
1663756658423	9.007482	-2.1702902	-5.205885
1663756658437	9.901799	-1.9809581	-4.5966125
1663756658450	9.865907	-1.6830516	-3.7932222
1663756658464	9.08794	-1.6890336	-2.8537402
1663756658482	8.312068	-1.9713868	-3.138486
1663756658496	7.772187	-1.9761724	-3.589832
1663756658506	7.1581287	-1.9941186	-4.3558345
1663756658521	6.984649	-2.1834507	-5.1568317
1663756658534	7.3172517	-2.213361	-4.738985
1663756658547	7.798508	-2.1547368	-4.368995
1663756658567	8.709576	-1.7679968	-3.8724844
1663756658579	9.345169	-1.3106686	-3.112165
1663756658625	9.638589	-0.8748758	-2.4442682
1663756658636	9.712767	-0.76241314	-2.3641088
1663756658649	9.507881	-1.0630114	-2.5698915
1663756658665	9.420543	-1.6268203	-2.864508
1663756658677	9.304491	-2.268396	-3.2880373
1663756658686	9.334401	-2.4454648	-3.612564
1663756658697	9.489935	-2.0291135	-3.1277182
1663756658710	10.026226	-1.1934203	-2.076671
1663756658727	10.272985	-0.2955136	-1.7727824
1663756658741	10.401002	0.015553347	-1.4626129
1663756658755	10.555339	-0.3580261	-0.97776717
1663756658769	10.79492	-1.6603198	-1.1264212
1663756658783	11.94527	-3.2823544	-3.417549
1663756658831	12.005091	-4.0974097	-6.99781
1663756658843	8.7215395	-4.0148573	-8.922835
1663756658856	7.5472617	-3.5048869	-6.5333033
1663756658865	7.9220376	-2.0961127	-3.9418762
1663756658876	7.149754	-0.87367934	-3.9215372
1663756658891	7.1449685	0.069391854	-5.3482575
1663756658957	7.648957	0.73489565	-5.981458
1663756658966	8.056036	1.4090735	-5.601
1663756658975	8.422137	1.1934203	-4.752146
1663756658984	8.964411	0.42741793	-4.6504507
1663756658996	8.899805	-0.38315073	-5.2286167
1663756659009	8.344371	-0.8102696	-4.834698
1663756659019	7.9220376	-0.8353942	-3.7680974
1663756659032	7.574779	-0.8330014	-3.0487552
1663756659044	7.0169525	-0.79710907	-2.9673991
1663756659056	7.176075	-0.8150552	-3.9083767
1663756659206	7.9830546	-0.64636123	-4.668397
1663756659225	8.653344	-0.45134616	-4.7449675
1663756659240	9.175279	-0.29312077	-4.4925246
1663756659255	9.2590275	-0.4226323	-3.5551362
1663756659268	8.999106	-0.70618176	-2.8106692
1663756659282	8.758628	-0.8844471	-2.4514468
1663756659297	8.82802	-0.91106725	-2.6955147
1663756659310	9.15135	-0.8282157	-3.0439694
1663756659323	9.692428	-0.7325028	-3.1636107
1663756659337	10.269397	-0.61405814	-3.1624143
1663756659349	10.453644	-0.47168517	-2.96381
1663756659415	10.209576	-0.31345975	-2.6464617
1663756659430	9.7654085	-0.30388847	-2.3425734
1663756659444	9.723534	-0.34366915	-2.9398818
1663756659459	10.460822	-0.5027919	-5.4834523
1663756659473	11.565708	-0.7265208	-8.493025
1663756659488	11.843575	-0.34606197	-8.1433735
1663756659497	10.73151	-0.2727818	-6.1648083
1663756659508	9.4636135	-0.6667002	-5.0623155
1663756659522	8.4197445	-1.1012967	-4.4554358
1663756659534	7.5867434	-1.2915261	-4.2302113
1663756659546	7.031309	-1.4784653	-4.1835513
1663756659561	6.942775	-1.5957136	-3.7764723
1663756659605	6.838687	-1.8708882	-3.7489548
1663756659618	7.5604224	-2.036292	-4.1727834
1663756659628	7.9555373	-2.4131618	-4.8765726
1663756659642	8.48465	-2.3904297	-5.016852
1663756659657	8.845966	-1.9091734	-4.432704
1663756659670	8.502596	-1.6447664	-4.074678
1663756659686	8.13141	-1.8481563	-4.041178
1663756659699	7.556833	-2.1631117	-4.397709
1663756659714	7.5735826	-2.0602202	-4.551149
1663756659727	7.5879397	-2.1104696	-4.6061835
1663756659736	7.8906317	-2.2779672	-4.9663033
1663756659745	8.082356	-2.1080768	-4.395316
1663756659759	8.867501	-1.5179468	-3.6807594
1663756659816	9.268599	-0.86889374	-2.9769704
1663756659829	9.257831	-0.474078	-2.864508
1663756659841	9.265009	-0.53389853	-2.882454
1663756659855	9.176475	-1.082154	-2.5986054
1663756659865	9.479167	-1.8816559	-2.6775684
1663756659877	9.839586	-2.7448666	-2.7903304
1663756659961	10.017851	-3.2476585	-2.4299114
1663756659976	10.429716	-2.795116	-1.5523437
1663756659985	10.508678	-1.590928	-0.9634102
1663756659997	9.938888	-0.66071814	-1.3334004
1663756660009	9.170493	-0.2620141	-1.739283
1663756660028	8.889037	-0.12083755	-1.8661026
1663756660043	8.976375	-0.22612174	-1.8577276
1663756660056	10.3340025	-1.1180464	-2.4335005
1663756660066	12.172588	-2.908775	-4.3007994
1663756660078	10.983953	-4.111767	-7.437192
1663756660206	8.240283	-4.196712	-8.643773
1663756660222	7.7147593	-3.6831522	-6.113363
1663756660235	7.919645	-1.9654047	-3.4187453
1663756660249	7.817651	-0.4226323	-3.4689946
1663756660260	8.375478	0.9290134	-4.894519
1663756660270	8.79452	1.6459628	-5.892924
1663756660284	8.483454	1.5945172	-5.3997035
1663756660296	8.64138	0.933799	-5.0623155
1663756660304	9.232706	-0.15074782	-5.2944193
1663756660312	8.915359	-1.1874382	-5.688338
1663756660326	8.156534	-1.3884354	-5.0276194
1663756660415	7.146165	-1.3429717	-3.7034912
1663756660427	7.07438	-1.0031909	-2.1822543
1663756660436	7.2670026	-1.0390832	-1.8445672
1663756660445	7.932805	-0.9768698	-3.4570305
1663756660456	8.7418785	-0.7289136	-4.6576295
1663756660468	9.230313	-0.43579283	-4.7078786
1663756660478	9.568898	-0.21535404	-4.182355
1663756660491	9.75823	-0.25004998	-3.3589249
1663756660502	9.519845	-0.3062813	-2.5172493
1663756660516	9.224331	-0.5315057	-1.8948164
1663756660532	8.873484	-0.770788	-1.8960128
1663756660547	8.708379	-1.0091729	-2.0324037
1663756660555	9.162118	-0.9242278	-2.7338
1663756660566	9.760623	-0.69182485	-3.0379875
1663756660578	10.127921	-0.32542387	-3.0008986
1663756660593	10.044172	-0.0035892338	-2.929114
1663756660632	9.81805	0.16271193	-3.0272198
1663756660646	9.680463	-0.07058827	-2.949453
1663756660660	9.949656	-0.61764735	-3.8760736
1663756660675	10.931312	-1.1431711	-6.8709903
1663756660686	11.152647	-1.5059828	-9.032906
1663756660724	10.281361	-1.2029916	-7.3343005
1663756660736	10.135099	-0.5697909	-5.2142596
1663756660744	9.542577	-0.45972106	-3.5551362
1663756660752	8.708379	-0.5985048	-3.203092
1663756660817	7.937591	-0.76959157	-3.938287
1663756660835	7.2179494	-0.9493524	-4.557131
1663756660845	6.835098	-1.0331012	-4.5559344
1663756660852	6.896115	-1.1958131	-4.486542
1663756660865	7.4443703	-1.4676976	-4.792824
1663756660877	8.070393	-2.0255244	-4.932804
1663756660957	8.690433	-2.4466612	-4.8789654
1663756660969	9.188439	-2.7125635	-4.597809
1663756660982	9.493524	-2.687439	-4.234997
1663756660994	8.889037	-2.7029922	-3.714259
1663756661006	7.966305	-2.6742785	-3.3433714
1663756661016	7.6334033	-2.3174486	-3.9107695
1663756661026	7.4970126	-1.8888344	-4.1847477
1663756661036	7.41446	-1.4641083	-4.290032
1663756661045	7.912466	-1.244866	-4.048357
1663756661058	8.0345	-1.3968102	-3.9346976
1663756661067	8.560024	-1.1599208	-4.0555353
1663756661206	8.879466	-0.92662054	-3.74058
1663756661224	9.098708	-0.89431745	-3.315854
1663756661237	9.3511505	-1.1096715	-2.8692935
1663756661249	9.597911	-1.5693926	-2.4335005
1663756661264	9.892228	-2.1954148	-2.5639095
1663756661277	9.84796	-2.7843482	-3.071487
1663756661286	10.07169	-2.8058836	-3.0296125
1663756661296	10.701301	-2.1284158	-2.193022
1663756661310	11.113166	-1.230509	-1.5260227
1663756661323	10.90499	-0.6858428	-1.4685949
1663756661415	10.166505	-0.79710907	-1.2269198
1663756661430	9.7654085	-0.91465646	-1.2137593
1663756661441	9.239884	-1.0522437	-1.2903296
1663756661452	9.2590275	-1.8601205	-1.6543378
1663756661465	11.109576	-3.4737802	-4.0567317
1663756661478	11.450852	-4.5882373	-6.721439
1663756661493	7.577172	-4.6145587	-8.753842
1663756661502	6.70439	-4.106981	-6.9296145
1663756661510	7.766205	-2.6288147	-3.3876386
1663756661519	7.678867	-0.9625129	-2.874079
1663756661526	8.346764	0.6236294	-4.894519
1663756661534	9.235099	1.8637097	-6.42443
1663756661619	9.139386	2.2875385	-6.5141606
1663756661634	9.008678	2.03031	-5.5253267
1663756661645	9.696016	1.2484552	-4.8765726
1663756661662	9.534202	0.16271193	-4.3462634
1663756661675	8.272586	-0.87607217	-3.6640096
1663756661686	7.1820574	-1.3896317	-3.5096726
1663756661696	6.777371	-1.5813566	-3.2413774
1663756661708	6.8255267	-1.4964114	-2.5794628
1663756661722	7.713563	-1.2687942	-2.8992038
1663756661737	8.370692	-0.95772725	-3.5874393
1663756661749	8.603095	-0.92303133	-4.108177
1663756661763	8.88784	-0.64995044	-4.2828536
1663756661777	9.213564	-0.2416751	-3.9191444
1663756661813	9.432507	0.06699903	-3.362514
1663756661827	9.640982	0.23479572	-2.4035904
1663756661838	9.845568	-0.05623133	-2.329413
1663756661848	9.780962	-0.69900334	-2.1894326
1663756661864	9.749855	-1.4676976	-2.271985
1663756661878	10.133903	-1.9809581	-2.376073
1663756661891	10.502697	-1.9582262	-2.300699
1663756661903	10.312468	-1.5753746	-2.1137598
1663756661958	9.664909	-1.0091729	-2.333002
1663756661971	9.333204	-0.4956134	-2.1340988
1663756661982	9.370294	-0.38434714	-2.4071796
1663756661991	9.955638	-0.7612167	-4.031607
1663756662000	11.339586	-0.43938205	-8.103892
1663756662012	11.5106735	0.20338993	-9.713963
1663756662031	10.574481	0.25992036	-7.292426
1663756662044	9.935299	0.1698904	-5.211867
1663756662053	9.038888	-0.2632105	-3.4797623
1663756662209	7.932805	-0.72053874	-3.3768709
1663756662224	6.8339014	-1.4183456	-4.0447674
1663756662235	6.289235	-1.8397815	-4.7210393
1663756662247	6.4555364	-1.9211375	-4.8454657
1663756662257	6.991828	-2.3485553	-4.971089
1663756662268	7.83799	-2.510071	-4.930411
1663756662278	9.042477	-2.2301106	-4.506881
1663756662293	10.433305	-1.7847466	-4.1835513
1663756662307	10.43809	-1.3238292	-3.6807594
1663756662317	9.333204	-1.1611172	-2.9817562
1663756662327	8.0715885	-1.5550356	-3.0535407
1663756662339	7.6274214	-1.7751753	-3.7573297
1663756662413	7.2323065	-1.6627127	-4.3785663
1663756662427	7.2729845	-1.6567305	-4.6959143
1663756662441	7.2705917	-1.8900307	-4.861019
1663756662454	7.638189	-2.1332014	-4.506881
1663756662466	8.358727	-2.2348964	-3.6340995
1663756662485	9.107083	-1.9043877	-3.0559337
1663756662498	9.387043	-1.4183456	-2.766402
1663756662508	9.480363	-1.0031909	-2.4035904
1663756662613	9.579665	-0.6475576	-2.2911277
1663756662621	9.561719	-0.69302124	-2.4299114
1663756662629	9.44806	-1.2089736	-2.8465617
1663756662636	9.276974	-1.7560327	-3.2413774
1663756662644	9.169296	-1.8314066	-2.8956144
1663756662656	9.497113	-1.5358931	-2.3401806
1663756662665	9.961619	-1.1814562	-1.8840487
1663756662676	10.265807	-0.79950184	-1.7560327
1663756662686	10.593624	-0.53270215	-1.704587
1663756662698	10.615159	-0.7432705	-1.6866409
1663756662709	10.445269	-1.1276177	-2.0431714
1663756662722	10.029816	-1.4581263	-2.09701
1663756662734	9.825229	-2.4993033	-2.5639095
1663756662746	11.269896	-3.7995033	-3.92393
1663756662758	12.297014	-3.5623147	-5.478667
1663756662813	8.316854	-3.5204403	-6.238986
1663756662823	6.969096	-3.6532419	-4.898108
1663756662835	8.094321	-2.6563323	-3.5156546
1663756662846	8.158927	-1.657927	-3.3804603
1663756662858	8.221141	-0.58534425	-4.932804
1663756662870	8.571988	0.50398827	-6.550053
1663756662883	8.703593	1.3540385	-6.7022963
1663756662958	8.971589	1.5023935	-5.819943
1663756662972	9.243474	0.92662054	-5.4236317
1663756662984	9.303294	0.032303106	-5.144868
1663756662995	8.989535	-0.6439684	-4.5332026
1663756663007	8.012965	-1.2915261	-3.8820555
1663756663021	7.359425	-1.6064813	-3.4103706
1663756663035	6.7761745	-1.7584256	-2.9913275
1663756663045	6.8015985	-1.2017952	-2.774777
1663756663056	6.9320073	-1.076172	-3.0523443
1663756663066	7.413264	-1.1204392	-3.8614175
1663756663078	8.582756	-0.7636095	-4.357031
1663756663117	9.298509	-0.51116675	-4.2074795
1663756663128	9.810872	-0.18305093	-3.8928235
1663756663209	9.705587	0.08733802	-3.362514
1663756663224	9.533006	-0.039481573	-2.7436702
1663756663232	9.552148	-0.42622152	-2.4502504
1663756663245	9.427721	-0.96729857	-2.2205393
1663756663257	9.454042	-1.358525	-2.3102703
1663756663265	9.519845	-1.4410775	-2.5196424
1663756663277	9.51147	-1.0785648	-2.5782664
1663756663415	10.035797	-0.39391842	-2.28036
1663756663431	10.329217	-0.12323037	-2.7843482
1663756663445	10.520643	-0.9553344	-3.9143589
1663756663457	11.615957	-1.704587	-7.076773
1663756663471	12.846467	-1.556232	-8.873484
1663756663486	11.4496565	-1.5131612	-8.129017
1663756663499	9.489935	-1.4988043	-6.4591255
1663756663509	7.9112697	-1.3776677	-4.9806604
1663756663523	6.4124656	-1.1515459	-3.8350966
1663756663534	5.2956157	-1.3202399	-3.5288153
1663756663549	4.8418765	-1.5346966	-4.176373
1663756663561	5.424828	-1.6220347	-4.9674997
1663756663616	7.085148	-1.489233	-5.3147583
1663756663629	8.6090765	-1.4772689	-5.154439
1663756663646	9.730712	-1.739283	-4.8490553
1663756663657	10.147063	-2.070988	-4.296014
1663756663666	9.4839525	-2.5698915	-3.1492536
1663756663676	8.406584	-3.1962128	-3.0188448
1663756663687	8.017751	-3.3433714	-3.6041892
1663756663695	7.4395847	-3.1097722	-4.3701916
1663756663702	7.1808605	-3.0080771	-4.8526444
1663756663715	7.222735	-2.821437	-4.7988057
1663756663726	7.7817583	-2.4311078	-4.189533
1663756663738	8.320442	-1.9414765	-3.571886
1663756663747	9.040084	-1.4362918	-3.4773695
1663756663813	9.35833	-0.9098708	-3.4354951
1663756663827	9.311669	-0.62482584	-3.4007993
1663756663839	9.257831	-0.65952176	-3.5252259
1663756663850	9.298509	-1.1958131	-3.6161532
1663756663863	9.487542	-1.9055841	-3.5754752
1663756663876	9.789336	-2.312663	-3.342175
1663756663960	10.119546	-2.2325034	-2.7194428
1663756663976	10.545768	-1.8290138	-2.009672
1663756663990	10.636695	-1.7081763	-1.6770695
1663756664004	10.098011	-1.8098712	-1.7404794
1663756664015	9.404989	-1.657927	-1.779961
1663756664024	9.01466	-1.4988043	-1.7488543
1663756664033	8.859127	-1.8433708	-1.8134605
1663756664046	9.342776	-3.2871401	-2.705086
1663756664057	11.441281	-4.442275	-5.185546
1663756664068	10.08485	-4.240979	-8.958728
1663756664106	7.4324064	-3.441477	-8.068
1663756664119	8.186444	-2.2839491	-4.651647
1663756664209	8.327621	-0.7899306	-3.5850465
1663756664222	8.257032	0.5626124	-4.901697
1663756664231	8.5983095	1.5251254	-6.323931
1663756664243	8.801699	1.8493528	-6.602695
1663756664255	9.048459	1.6304095	-5.5686965
1663756664265	8.782557	0.8356933	-4.53081
1663756664272	7.98784	-0.124426775	-4.0698924
1663756664285	7.149754	-0.7743772	-3.1695926
1663756664296	6.673283	-1.6124634	-3.4366915
1663756664305	6.669694	-2.0036898	-3.8350966
1663756664320	6.853044	-2.2875385	-4.4410787
1663756664334	7.5376906	-1.8110676	-4.84068
1663756664345	8.595916	-1.2687942	-5.258527
1663756664415	9.503095	-0.45134616	-4.62413
1663756664427	9.666106	0.20578274	-3.7537405
1663756664435	9.23151	0.3592225	-3.0786655
1663756664446	8.532506	0.2105684	-2.888436
1663756664456	8.333603	-0.08135597	-3.1887352
1663756664468	8.481061	-0.39631125	-3.671188
1663756664488	8.903394	-0.6415756	-3.612564
1663756664500	9.831211	-0.92662054	-3.4917264
1663756664619	10.8918295	-1.2544373	-2.8573294
1663756664638	11.398211	-1.4940187	-2.3940191
1663756664646	10.924132	-1.6016957	-2.3485553
1663756664658	10.035797	-1.3429717	-2.3784657
1663756664669	9.633803	-0.8748758	-2.6368906
1663756664679	9.760623	-0.6152545	-4.409673
1663756664690	10.654641	-0.49800622	-6.524928
1663756664700	11.0760765	-0.59730834	-8.896215
1663756664708	9.529416	-0.63200426	-8.713164
1663756664716	9.322437	-0.104087785	-5.9024954
1663756664726	8.981161	-0.16869399	-4.5894337
1663756664735	8.203195	-0.62123656	-3.8123646
1663756664746	7.4850483	-0.98644114	-3.5491543
1663756664779	6.7968125	-1.6663018	-4.06391
1663756664793	6.625427	-1.7668004	-4.5320063
1663756664813	6.954739	-1.6447664	-4.7222357
1663756664825	7.876275	-1.6280167	-4.8729835
1663756664838	8.851949	-1.6208383	-5.282455
1663756664853	9.079565	-1.5358931	-5.3279185
1663756664897	8.568398	-1.6962122	-4.570291
1663756664905	7.8870425	-2.1954148	-4.0423746
1663756664955	7.7817583	-2.3844478	-4.1225343
1663756664969	7.6836524	-2.3162522	-4.4817567
1663756664979	7.659724	-2.4011974	-4.575077
1663756664992	7.786544	-2.3401806	-4.7018967
1663756665013	7.8870425	-2.0315065	-3.9909291
1663756665024	8.589934	-1.4653047	-3.8712878
1663756665034	8.82802	-0.69541407	-3.78724
1663756665048	8.807681	-0.124426775	-3.7645082
1663756665058	8.8340025	0.0071784677	-3.1983066
1663756665101	9.220742	-0.1698904	-2.3772693
1663756665114	10.249058	-1.198206	-1.3501502
1663756665209	11.005488	-2.646761	-1.4638093
1663756665220	10.914561	-3.6819558	-2.333002
1663756665232	10.545768	-3.5706897	-2.7975087
1663756665246	9.550952	-2.780759	-2.507678
1663756665257	9.06162	-1.8768703	-1.6806588
1663756665267	9.37149	-0.73848486	-0.9071789
1663756665280	10.800902	-0.47886363	-1.2687942
1663756665293	12.397513	-1.5131612	-3.807579
1663756665305	10.816456	-2.1272194	-8.863913
1663756665315	8.1637125	-1.928316	-10.353146
1663756665419	6.5428743	-2.1571295	-7.5939217
1663756665436	6.899704	-1.0522437	-5.6931233
1663756665445	7.43121	0.42382872	-5.0120664
1663756665452	8.200802	1.4030914	-4.9734817
1663756665464	8.526525	1.4330016	-4.813163
1663756665481	8.8447695	0.5518447	-4.4805603
1663756665498	9.090333	-0.6056832	-4.645665
1663756665509	8.613862	-1.352543	-4.584648
1663756665525	7.904989	-1.6674982	-4.3797626
1663756665538	7.6106715	-1.2125629	-3.2330024
1663756665554	7.510173	-0.47527438	-2.676372
1663756665566	7.493423	0.13160525	-3.309872
1663756665575	8.12782	0.6008976	-4.1811585
1663756665588	8.915359	0.9421739	-4.517649
1663756665621	9.27817	0.6367899	-4.2421756
1663756665637	9.111869	-0.19980069	-3.9454653
1663756665647	8.829216	-0.974477	-3.3816566
1663756665657	8.746664	-1.4219348	-2.4191437
1663756665702	9.071191	-1.4267205	-1.7237296
1663756665711	9.605089	-1.4027922	-1.9259231
1663756665724	9.910174	-1.4581263	-2.1711874
1663756665736	10.126724	-1.218545	-2.3928227
1663756665745	10.367502	-0.6343971	-2.626123
1663756665770	10.245468	0.0	-2.737389
1663756665781	9.790533	0.5183452	-2.5674987
1663756665819	9.342776	0.602094	-2.3952155
1663756665830	8.909376	0.148355	-2.428715
1663756665844	8.929715	-0.45852464	-3.5946178
1663756665857	9.759426	-0.51475596	-7.0779696
1663756665878	11.857932	0.2958127	-9.532108
1663756665893	12.631112	0.48364928	-7.353443
1663756665907	11.32523	-0.38673997	-5.07069
1663756665958	9.792926	-1.4315062	-4.0447674
1663756665972	8.788539	-2.143969	-3.8578284
1663756665982	7.9100733	-2.0985055	-4.2242293
1663756665992	6.948757	-1.8780667	-4.5559344
1663756666004	6.329913	-1.59691	-4.2684965
1663756666015	6.1250277	-1.5251254	-4.240979
1663756666025	6.727122	-1.3645071	-4.595416
1663756666032	7.780562	-1.2711871	-5.1329036
1663756666116	8.656933	-1.3310076	-5.174778
1663756666126	9.5868435	-1.3860425	-4.9256253
1663756666209	10.112368	-1.2819548	-4.074678
1663756666222	9.712767	-1.4964114	-3.1779675
1663756666232	8.719147	-2.056631	-3.0320053
1663756666242	8.087142	-2.3653052	-3.4833515
1663756666255	7.4994054	-2.4586253	-3.815954
1663756666265	6.826723	-2.4095724	-4.217051
1663756666274	6.9499536	-2.2660031	-4.597809
1663756666317	7.511369	-2.1332014	-4.3031926
1663756666324	8.138588	-1.7033906	-3.999304
1663756666331	8.666505	-1.1611172	-3.63051
1663756666347	9.157332	-0.8844471	-3.252145
1663756666414	9.560523	-0.7588239	-3.0523443
1663756666427	9.61825	-1.0247263	-2.8980074
1663756666437	9.524631	-1.6818552	-2.748456
1663756666451	9.573684	-2.2360928	-2.8836503
1663756666462	9.736694	-2.3461626	-3.0140593
1663756666472	10.057333	-1.9522442	-2.6428726
1663756666487	10.633105	-1.230509	-2.1604197
1663756666498	10.732707	-0.453739	-1.5810575
1663756666524	10.444073	-0.44536412	-0.919143
1663756666540	10.060922	-0.67148584	-0.7815557
1663756666615	9.837193	-0.85214394	-0.78873414
1663756666626	9.4636135	-1.1192428	-1.3010973
1663756666637	9.364311	-1.928316	-2.0288146
1663756666649	10.421341	-3.9011981	-3.3864422
1663756666659	12.748361	-4.3764725	-4.996513
1663756666670	10.022636	-3.4737802	-8.644969
1663756666683	6.829116	-3.2584262	-7.561619
1663756666715	7.3977103	-2.4670002	-4.6707897
1663756666725	7.2765737	-1.3238292	-4.5714874
1663756666735	8.229515	0.2730809	-6.5105715
1663756666744	8.593523	1.2687942	-6.6421766
1663756666819	9.322437	1.9103698	-5.878567
1663756666836	9.869496	1.5741782	-5.4116673
1663756666845	9.510274	0.64636123	-5.1664033
1663756666855	8.274979	-0.36161533	-3.8808591
1663756666868	6.5225353	-1.3298112	-3.100201
1663756666880	6.2928243	-1.5693926	-3.4450665
1663756666926	6.626623	-1.5526428	-3.2629128
1663756666941	6.862615	-1.576571	-3.2018957
1663756666953	7.338787	-1.6459628	-3.4067812
1663756666964	8.574381	-1.0809577	-4.2481575
1663756666974	9.806087	-0.64277196	-4.1775694
1663756666981	10.369895	-0.43938205	-3.87727
1663756666986	9.943673	-0.26799613	-3.5132618
1663756667012	8.875876	-0.23330021	-2.740081
1663756667022	8.300103	-0.22372891	-2.5064816
1663756667030	8.303693	-0.37956148	-2.9458637
1663756667037	8.752646	-0.5709873	-3.423531
1663756667116	9.412168	-0.8808578	-3.470191
1663756667126	10.306485	-0.8545368	-3.1169505
1663756667134	10.918151	-0.65952176	-2.5878377
1663756667208	10.993525	-0.48364928	-1.9618155
1663756667218	10.386645	-0.49082774	-1.9977078
1663756667228	9.825229	-0.92542416	-2.475375
1663756667243	9.471989	-1.4988043	-3.5838501
1663756667255	10.781759	-0.97926265	-7.5329046
1663756667265	12.451651	0.11246266	-10.330414
1663756667273	10.851151	0.23599213	-7.6573315
1663756667331	9.404989	-0.2847459	-4.9064827
1663756667348	8.33121	-0.8569296	-3.1564322
1663756667360	7.2490563	-1.3764713	-2.6871397
1663756667370	7.0408807	-1.6435701	-3.7130625
1663756667415	6.847062	-2.2671995	-4.883751
1663756667428	6.814759	-2.5627131	-5.547161
1663756667438	7.268199	-2.5435705	-6.163612
1663756667447	8.028518	-2.3688943	-6.1193447
1663756667463	8.79452	-1.9809581	-4.8789654
1663756667476	9.211171	-1.5346966	-3.5682967
1663756667498	8.906983	-1.2281163	-2.8142586
1663756667511	8.443673	-1.4880366	-3.144468
1663756667525	8.076375	-1.7117655	-3.64726
1663756667537	7.390532	-1.9486549	-4.133302
1663756667546	7.07438	-1.7883358	-5.1364927
1663756667617	7.1688967	-1.8421743	-5.2944193
1663756667635	7.646564	-1.7141583	-4.7198424
1663756667644	8.322835	-1.218545	-3.8784664
1663756667652	8.916554	-0.8844471	-3.382853
1663756667662	9.134601	-0.817448	-3.0858438
1663756667673	9.255438	-0.994816	-3.024827
1663756667706	9.404989	-1.3669	-2.7424738
1663756667720	9.58804	-1.8900307	-2.4993033
1663756667727	9.727123	-2.382055	-3.1803603
1663756667734	9.691231	-2.6192434	-3.6460636
1663756667814	9.709177	-2.312663	-3.1360931
1663756667828	10.036994	-1.7428722	-1.974976
1663756667841	10.328021	-1.0713863	-1.5367904
1663756667855	10.032208	-0.7372885	-1.2807583
1663756667868	9.636196	-0.6978069	-1.4374882
1663756667878	9.476774	-0.8006983	-1.6339988
1663756667929	9.61466	-0.69541407	-1.4255241
1663756667941	9.735498	-0.48125646	-1.4709877
1663756667951	10.082458	-1.8744774	-2.088635
1663756667962	12.736397	-3.2105699	-3.3290145
1663756667975	13.121941	-3.0523443	-6.289235
1663756667985	8.352746	-3.2189445	-8.893823
1663756667997	7.511369	-3.411567	-7.3247294
1663756668010	8.05125	-2.516053	-5.165207
1663756668026	8.288139	-1.1599208	-4.619344
1663756668039	8.266604	0.2958127	-5.044369
1663756668053	7.75783	0.91226363	-5.0383873
1663756668102	7.94118	0.6367899	-5.0288157
1663756668116	8.689237	0.13399807	-4.8969116
1663756668156	8.435298	-0.22492532	-5.4523454
1663756668165	7.6405816	-1.0833504	-5.2477593
1663756668211	7.4587274	-1.468894	-4.5930233
1663756668225	7.4072814	-1.3082758	-3.5216367
1663756668235	7.233503	-1.1527423	-2.5208387
1663756668247	6.800402	-1.1910275	-1.7548363
1663756668258	7.495816	-1.2352947	-2.7424738
1663756668269	8.36112	-0.76719874	-4.0268216
1663756668336	8.947661	-0.3711866	-4.619344
1663756668344	9.430114	-0.08255238	-4.595416
1663756668353	9.437292	-0.04426722	-4.0447674
1663756668366	9.347562	-0.20937198	-2.9183464
1663756668415	9.281759	-0.5063811	-2.2444677
1663756668428	9.49472	-0.7851449	-2.268396
1663756668436	10.051351	-0.8030911	-2.3150558
1663756668446	10.479965	-0.6451648	-2.2624137
1663756668454	10.389038	-0.48245287	-2.2265215
1663756668468	10.11835	-0.36759737	-2.5519454
1663756668487	9.518648	-0.46809593	-2.827419
1663756668499	9.092726	-0.8150552	-3.2174492
1663756668525	9.352347	-1.1156535	-4.8789654
1663756668539	11.277373	-0.9290134	-8.138588
1663756668550	12.713665	-0.55782676	-9.627821
1663756668568	11.434103	-0.6774679	-6.7226353
1663756668617	9.997512	-1.238884	-4.7222357
1663756668633	8.274979	-1.5406786	-3.7118661
1663756668645	6.8745794	-1.59691	-3.3924243
1663756668662	6.203991	-1.8158532	-4.084249
1663756668675	6.0951176	-1.8840487	-4.749753
1663756668688	6.3861446	-2.032703	-5.131707
1663756668700	7.487441	-1.9582262	-5.4906306
1663756668710	8.735896	-1.8230318	-5.3386865
1663756668718	9.486345	-1.779961	-4.6935215
1663756668745	9.752248	-1.7141583	-3.993322
1663756668766	9.304491	-1.5155541	-3.286841
1663756668818	8.576774	-1.7057835	-3.0092735
1663756668836	8.078768	-2.1451654	-3.6807594
1663756668846	7.659724	-2.361716	-4.506881
1663756668857	7.4120674	-2.309074	-4.8119664
1663756668884	7.0145597	-2.201397	-4.9579287
1663756668897	7.568797	-2.0374885	-4.6265225
1663756668930	8.240283	-1.9701903	-4.0770707
1663756668941	8.774181	-1.739283	-3.6400814
1663756668951	9.123833	-1.372882	-3.1887352
1663756668966	9.238688	-1.035494	-2.888436
1663756668977	9.09153	-0.9529416	-2.8094728
1663756669015	9.136993	-0.8234301	-3.0020952
1663756669027	9.220742	-1.265205	-2.902793
1663756669036	9.2997055	-2.0745773	-3.1169505
1663756669045	9.369097	-2.5591238	-3.2653055
1663756669143	9.603892	-2.3772693	-2.7831519
1663756669157	9.9089775	-1.582553	-1.759622
1663756669166	9.919745	-0.6044868	-1.1407782
1663756669174	9.627821	0.12203395	-1.3896317
1663756669190	9.666106	0.44177487	-1.9402801
1663756669212	9.938888	0.26111677	-2.4646072
1663756669224	10.362717	-0.54705906	-2.3341985
1663756669235	11.441281	-2.3425734	-2.475375
1663756669243	13.489239	-4.0351963	-4.900501
1663756669251	10.6307125	-5.2334023	-8.860323
1663756669344	6.899704	-5.2166524	-8.461918
1663756669352	7.8367934	-3.39721	-4.380959
1663756669362	8.168498	-1.2436695	-1.4961123
1663756669374	7.5999036	0.25034907	-2.798705
1663756669412	7.6752777	1.1910275	-4.570291
1663756669438	8.465208	1.7775681	-6.2342005
1663756669447	9.29492	2.0757737	-7.071987
1663756669456	9.275777	1.2771691	-6.283253
1663756669467	9.480363	0.26111677	-5.2238307
1663756669474	9.696016	-0.6870392	-4.5116673
1663756669481	9.056833	-1.6196418	-4.156034
1663756669492	7.8020973	-2.1272194	-3.63051
1663756669532	6.927222	-1.9067806	-2.4454648
1663756669540	6.9020967	-1.3944174	-1.8349959
1663756669546	6.923632	-0.97926265	-2.2660031
1663756669552	6.8985076	-0.78394854	-3.1983066
1663756669618	7.6860456	-0.73011	-4.6085763
1663756669635	8.571988	-0.37357944	-4.981857
1663756669648	9.12503	-0.20937198	-4.4889355
1663756669660	9.272188	-0.069391854	-3.673581
1663756669675	9.404989	0.0059820567	-3.0391839
1663756669685	9.4839525	-0.23928227	-2.7711878
1663756669696	9.419347	-0.68464637	-2.9745777
1663756669708	9.431311	-1.0199406	-2.9315069
1663756669721	9.638589	-1.1682956	-2.7999015
1663756669753	10.113564	-1.1910275	-2.8405795
1663756669816	10.452448	-0.9828519	-2.91715
1663756669834	10.231112	-0.6092725	-2.737389
1663756669845	9.5868435	-0.50159544	-2.4382863
1663756669854	9.189635	-0.5877371	-2.341377
1663756669867	8.953643	-0.8533404	-2.5052853
1663756669881	9.1669035	-1.2831511	-3.2736804
1663756669896	10.045368	-1.6292131	-5.1879387
1663756669945	11.965609	-1.311865	-8.0715885
1663756669958	11.831311	-1.041476	-8.399705
1663756669969	10.439287	0.23958136	-6.3957157
1663756669981	10.035797	0.61405814	-4.5128636
1663756669996	9.410972	-0.051445685	-3.6652062
1663756670014	8.634201	-0.8066803	-3.4486556
1663756670026	7.806883	-1.1706885	-3.7621155
1663756670038	6.802795	-1.509572	-4.301996
