Timestamp 	 X 	 Y 	 Z 
1663078618465	8.830413	-0.64636123	-3.3050864
1663078618469	8.962018	-0.5482555	-2.9578278
1663078618472	8.995518	-0.47886363	-3.441477
1663078618505	9.005089	-0.45732823	-4.1572304
1663078618512	8.976375	-0.53389853	-4.475775
1663078618586	8.923733	-0.5171488	-4.4614177
1663078618593	8.911769	-0.41904306	-4.202694
1663078618598	8.940483	-0.3711866	-3.8916268
1663078618604	8.935697	-0.39750767	-3.7812579
1663078618708	8.617452	-0.53629136	-4.2744784
1663078618714	8.5576315	-0.5985048	-4.4243293
1663078618721	8.604291	-0.6152545	-4.3965125
1663078618725	8.711968	-0.541077	-4.208676
1663078618766	8.8340025	-0.4884349	-4.0160537
1663078618773	8.889037	-0.4884349	-3.9574296
1663078618778	8.916554	-0.5243273	-3.999304
1663078618783	8.842377	-0.5183452	-4.153641
1663078618828	8.729915	-0.4657031	-4.2649074
1663078618832	8.697611	-0.48963133	-4.2912283
1663078618837	8.7622175	-0.51475596	-4.196712
1663078618861	8.859127	-0.4968098	-4.045964
1663078618869	8.942876	-0.4956134	-3.9335012
1663078618893	8.991928	-0.5159524	-3.8904305
1663078618988	9.049655	-0.55304116	-3.9251266
1663078618999	9.060423	-0.5374878	-3.9227335
1663078619008	9.007482	-0.53270215	-3.8868413
1663078619015	8.973982	-0.5566304	-3.9011981
1663078619073	8.9775715	-0.5626124	-3.917948
1663078619080	9.000303	-0.54705906	-3.889234
1663078619090	9.017053	-0.50159544	-3.8748772
1663078619097	9.000303	-0.47168517	-3.9251266
1663078619103	8.988339	-0.5051847	-3.9490547
1663078619108	8.964411	-0.5315057	-3.9107695
1663078619117	8.930911	-0.541077	-3.9191444
1663078619188	8.88784	-0.5518447	-3.9825542
1663078619193	8.896215	-0.5315057	-3.956233
1663078619204	8.971589	-0.49202415	-3.917948
1663078619207	9.027821	-0.45134616	-3.9717865
1663078619282	8.988339	-0.47048876	-3.978965
1663078619292	8.910572	-0.5315057	-3.958626
1663078619302	8.843574	-0.5769694	-3.9801614
1663078619311	8.850752	-0.53270215	-4.034
1663078619321	8.896215	-0.44536412	-4.0088754
1663078619332	8.953643	-0.43818563	-3.9335012
1663078619341	9.002696	-0.49082774	-3.9538403
1663078619350	9.077172	-0.5554339	-3.972983
1663078619384	8.995518	-0.6008976	-3.8904305
1663078619397	8.93809	-0.54346985	-3.9251266
1663078619409	8.948857	-0.5099703	-4.0244284
1663078619478	8.946465	-0.54705906	-4.0567317
1663078619489	8.960822	-0.63200426	-3.9693937
1663078619499	9.021839	-0.669093	-3.8700914
1663078619510	9.159725	-0.6008976	-3.7932222
1663078619518	9.158528	-0.53988063	-3.7716868
1663078619584	9.0436735	-0.5518447	-3.8724844
1663078619591	8.928518	-0.58534425	-4.011268
1663078619601	8.92493	-0.6308079	-4.0794635
1663078619611	9.020642	-0.61884373	-4.0124645
1663078619619	9.103494	-0.5662017	-3.8506498
1663078619672	9.096315	-0.535095	-3.7884364
1663078619683	9.023035	-0.57457656	-3.868895
1663078619694	8.995518	-0.58534425	-3.958626
1663078619702	8.964411	-0.602094	-3.950251
1663078619715	8.956036	-0.57577294	-3.9610188
1663078619724	8.933304	-0.5554339	-3.9406798
1663078619776	8.946465	-0.5494519	-3.9897327
1663078619787	8.963215	-0.53988063	-4.0016966
1663078619798	8.95484	-0.55304116	-3.9490547
1663078619806	8.959625	-0.5602196	-3.9634116
1663078619830	8.92493	-0.54705906	-3.9777687
1663078619843	8.892626	-0.5279165	-3.9945183
1663078619853	8.869894	-0.5482555	-3.9813578
1663078619863	8.904591	-0.5554339	-3.9693937
1663078619897	8.975179	-0.52313083	-3.9538403
1663078619912	8.981161	-0.51116675	-3.929912
1663078619990	8.933304	-0.50398827	-3.9203408
1663078620003	8.873484	-0.51475596	-3.946662
1663078620013	8.819645	-0.581755	-3.9921255
1663078620022	8.816056	-0.5697909	-3.9885364
1663078620031	8.804091	-0.54705906	-3.9167516
1663078620057	8.783752	-0.57936215	-3.9311085
1663078620065	8.818449	-0.58534425	-3.9885364
1663078620077	9.000303	-0.5458627	-3.8868413
1663078620085	9.190832	-0.45014977	-3.650849
1663078620096	9.3308115	-0.3699902	-3.5479577
1663078620103	9.3511505	-0.42023948	-3.618546
1663078620192	9.247063	-0.48006004	-3.8051863
1663078620203	9.183653	-0.5159524	-3.929912
1663078620211	9.120243	-0.50039905	-3.9323049
1663078620219	9.059227	-0.50039905	-3.8641095
1663078620228	9.030213	-0.48006004	-3.8398821
1663078620251	9.072387	-0.4764708	-3.8832521
1663078620261	9.053245	-0.46929234	-3.9921255
1663078620298	8.906983	-0.53988063	-4.071089
1663078620312	8.672486	-0.61884373	-4.1093736
1663078620320	8.522935	-0.6547361	-4.0998025
1663078620330	8.587542	-0.63798636	-4.0734816
1663078620405	8.842377	-0.5602196	-3.9717865
1663078620419	9.080762	-0.5099703	-3.7704902
1663078620431	9.190832	-0.47886363	-3.6448672
1663078620439	9.165708	-0.50398827	-3.7573297
1663078620452	9.128618	-0.60807604	-3.964608
1663078620461	9.096315	-0.64636123	-3.9861434
1663078620471	9.023035	-0.61046886	-3.9358943
1663078620496	8.908179	-0.5518447	-3.9921255
1663078620508	8.825627	-0.5171488	-4.0268216
1663078620583	8.835198	-0.5159524	-3.964608
1663078620597	8.897412	-0.520738	-3.885645
1663078620608	8.958429	-0.5494519	-3.8554354
1663078620618	8.990732	-0.55423754	-3.8796628
1663078620627	9.009874	-0.5805586	-3.9346976
1663078620637	9.038888	-0.5829514	-3.9394834
1663078620696	9.046066	-0.5877371	-3.8760736
1663078620707	9.027821	-0.56500524	-3.8195431
1663078620718	8.983554	-0.5566304	-3.8171504
1663078620726	8.978767	-0.5267201	-3.9071803
1663078620736	8.9775715	-0.52911294	-3.9490547
1663078620773	9.007482	-0.5458627	-3.9143589
1663078620785	9.011071	-0.56141603	-3.8796628
1663078620794	9.003893	-0.56380886	-3.8590248
1663078620802	8.970393	-0.55423754	-3.8315072
1663078620811	8.969196	-0.5303093	-3.8724844
1663078620852	8.971589	-0.5075775	-3.9681973
1663078620894	8.968	-0.53270215	-3.978965
1663078620906	9.064013	-0.54705906	-3.8964126
1663078620915	9.036494	-0.5566304	-3.821936
1663078620926	8.944072	-0.58534425	-3.8736808
1663078621010	8.933304	-0.6152545	-3.9023945
1663078621022	8.994321	-0.6164509	-3.9131622
1663078621031	9.01466	-0.5769694	-3.8748772
1663078621038	9.029017	-0.535095	-3.7968113
1663078621046	9.038888	-0.50039905	-3.78724
1663078621056	9.013464	-0.50159544	-3.8590248
1663078621066	9.059227	-0.52193445	-3.9335012
1663078621076	9.048459	-0.55423754	-3.9167516
1663078621084	8.98475	-0.56500524	-3.8255253
1663078621094	8.939286	-0.5709873	-3.8231323
1663078621205	8.911769	-0.56141603	-3.905984
1663078621219	8.906983	-0.54705906	-3.958626
1663078621230	8.899805	-0.5458627	-3.9119658
1663078621237	9.007482	-0.54705906	-3.87727
1663078621246	9.142975	-0.51475596	-3.7800615
1663078621255	9.18126	-0.48245287	-3.7154553
1663078621297	9.127422	-0.49082774	-3.7633119
1663078621309	9.032906	-0.5315057	-3.8940198
1663078621317	8.991928	-0.56380886	-3.9681973
1663078621326	8.996714	-0.61046886	-3.9406798
1663078621334	9.024232	-0.58893347	-3.8458643
1663078621345	9.038888	-0.56859446	-3.8123646
1663078621394	9.020642	-0.5602196	-3.8327036
1663078621407	8.927322	-0.61405814	-3.865306
1663078621420	8.763413	-0.67028946	-3.9622152
1663078621431	8.732307	-0.63918275	-4.0220356
1663078621495	8.868698	-0.5769694	-3.9287157
1663078621507	9.0544405	-0.50159544	-3.8099718
1663078621516	9.201599	-0.46929234	-3.7393837
1663078621527	9.209974	-0.46331027	-3.7046876
1663078621537	9.12503	-0.47527438	-3.7716868
1663078621583	9.037691	-0.52193445	-3.9370906
1663078621599	8.9775715	-0.54466623	-4.0471606
1663078621611	8.959625	-0.52193445	-4.011268
1663078621619	8.929715	-0.5099703	-3.92393
1663078621627	8.88784	-0.5087739	-3.8700914
1663078621638	8.847162	-0.53270215	-3.8796628
1663078621697	8.889037	-0.5721837	-3.9454653
1663078621712	8.941679	-0.6152545	-3.9490547
1663078621722	8.930911	-0.6308079	-3.917948
1663078621730	9.003893	-0.6044868	-3.8518462
1663078621739	9.041281	-0.58534425	-3.8844485
1663078621775	8.993125	-0.59730834	-3.9634116
1663078621788	8.978767	-0.581755	-3.9358943
1663078621798	8.989535	-0.56859446	-3.8964126
1663078621806	9.006286	-0.56141603	-3.9394834
1663078621816	8.959625	-0.58534425	-3.9909291
1663078621836	8.922537	-0.5901299	-3.9981074
1663078621900	8.92134	-0.5805586	-3.9418762
1663078621912	8.947661	-0.56141603	-3.8712878
1663078621919	9.0015	-0.55782676	-3.889234
1663078621932	9.050852	-0.59611195	-3.9143589
1663078621991	9.0436735	-0.62721866	-3.9071803
1663078622002	9.023035	-0.581755	-3.9047875
1663078622012	9.008678	-0.55423754	-3.9107695
1663078622019	8.972786	-0.52193445	-3.9670007
1663078622030	8.947661	-0.53988063	-4.0124645
1663078622076	8.960822	-0.55423754	-3.9574296
1663078622088	8.975179	-0.5482555	-3.8868413
1663078622097	8.98475	-0.5769694	-3.8760736
1663078622107	8.979964	-0.5733801	-3.8940198
1663078622118	8.990732	-0.56500524	-3.9071803
1663078622192	9.0182495	-0.5458627	-3.9394834
1663078622201	9.019445	-0.5721837	-3.9454653
1663078622210	9.019445	-0.6008976	-3.897609
1663078622221	9.003893	-0.58893347	-3.8700914
1663078622232	8.960822	-0.6008976	-3.9394834
1663078622242	8.930911	-0.6523433	-4.007679
1663078622297	8.942876	-0.6678966	-3.9825542
1663078622310	8.969196	-0.6128617	-3.9035912
1663078622318	8.990732	-0.5769694	-3.8736808
1663078622326	8.959625	-0.5937191	-3.9287157
1663078622338	8.941679	-0.6092725	-3.9598224
1663078622349	8.958429	-0.622433	-3.9454653
1663078622377	8.987143	-0.6044868	-3.9107695
1663078622395	9.030213	-0.5949155	-3.9203408
1663078622405	9.049655	-0.5626124	-3.9011981
1663078622414	9.052048	-0.56141603	-3.8724844
1663078622497	9.079565	-0.5482555	-3.8712878
1663078622508	9.0182495	-0.5673981	-3.926323
1663078622518	8.939286	-0.5901299	-3.9251266
1663078622527	8.906983	-0.55423754	-3.9335012
1663078622538	8.883055	-0.51116675	-3.946662
1663078622594	8.839984	-0.53270215	-3.9574296
1663078622603	8.818449	-0.581755	-3.9454653
1663078622612	8.889037	-0.59611195	-3.9203408
1663078622621	8.971589	-0.5673981	-3.885645
1663078622631	9.01466	-0.52552366	-3.9215372
1663078622642	9.023035	-0.5075775	-3.9634116
1663078622694	8.985947	-0.53270215	-3.976572
1663078622704	8.92134	-0.54705906	-3.9394834
1663078622713	8.89143	-0.5841478	-3.9203408
1663078622723	8.886644	-0.58893347	-3.9406798
1663078622736	8.879466	-0.56500524	-3.9418762
1663078622784	8.898608	-0.55423754	-3.9358943
1663078622795	9.0015	-0.56380886	-3.9598224
1663078622804	9.111869	-0.5901299	-3.9251266
1663078622815	9.097511	-0.58893347	-3.8904305
1663078622828	9.073584	-0.5697909	-3.9203408
1663078622840	9.060423	-0.5482555	-3.929912
1663078622897	9.037691	-0.52313083	-3.9227335
1663078622907	9.003893	-0.5063811	-3.8928235
1663078622917	8.945269	-0.54346985	-3.9275193
1663078622926	8.922537	-0.5805586	-4.005286
1663078622983	8.923733	-0.6092725	-4.0447674
1663078622988	8.941679	-0.5949155	-3.9837506
1663078622996	8.973982	-0.5805586	-3.9000018
1663078623031	9.01466	-0.5602196	-3.87727
1663078623042	8.981161	-0.5626124	-3.9251266
1663078623053	8.945269	-0.60329044	-4.0100718
1663078623076	8.941679	-0.6056832	-4.0651064
1663078623090	8.947661	-0.5913263	-4.007679
1663078623102	8.946465	-0.59730834	-3.8916268
1663078623111	8.958429	-0.602094	-3.8676987
1663078623183	8.978767	-0.61764735	-3.897609
1663078623193	8.991928	-0.6308079	-3.9574296
1663078623202	8.968	-0.63918275	-3.9801614
1663078623214	8.932108	-0.6236294	-3.9741793
1663078623223	8.964411	-0.6116653	-3.9478583
1663078623231	8.991928	-0.5626124	-3.9227335
1663078623297	8.889037	-0.61046886	-3.9550366
1663078623311	8.85793	-0.6343971	-3.9981074
1663078623321	8.95125	-0.59970117	-3.9753757
1663078623330	8.981161	-0.5913263	-3.9370906
1663078623343	8.957232	-0.5901299	-3.9311085
1663078623352	8.968	-0.5829514	-3.926323
1663078623360	8.987143	-0.5829514	-3.9538403
1663078623437	9.0015	-0.57936215	-3.9873397
1663078623450	8.988339	-0.56141603	-3.9921255
1663078623463	8.971589	-0.5518447	-3.9658043
1663078623475	8.991928	-0.5458627	-3.944269
1663078623495	8.996714	-0.5554339	-3.9478583
1663078623509	8.988339	-0.5662017	-3.993322
1663078623520	8.95125	-0.5733801	-3.9957147
1663078623531	8.946465	-0.5805586	-3.9753757
1663078623594	8.983554	-0.57816577	-3.9335012
1663078623604	9.0341015	-0.5626124	-3.9227335
1663078623615	9.037691	-0.5626124	-3.9430726
1663078623626	8.978767	-0.5829514	-3.938287
1663078623639	8.909376	-0.602094	-3.9203408
1663078623648	8.926126	-0.63798636	-3.9143589
1663078623694	8.956036	-0.6152545	-3.8832521
1663078623718	8.993125	-0.57457656	-3.8470607
1663078623728	9.013464	-0.5482555	-3.8554354
1663078623737	8.994321	-0.520738	-3.9071803
1663078623744	8.964411	-0.5554339	-3.9143589
1663078623771	8.958429	-0.57936215	-3.8796628
1663078623781	8.970393	-0.5721837	-3.8506498
1663078623789	9.007482	-0.54705906	-3.854239
1663078623797	9.002696	-0.5458627	-3.842275
1663078623831	8.9775715	-0.5099703	-3.807579
1663078623844	8.972786	-0.52313083	-3.8015969
1663078623897	8.966804	-0.5374878	-3.8530426
1663078623909	8.999106	-0.5518447	-3.9167516
1663078623920	9.017053	-0.5673981	-3.909573
1663078623930	9.020642	-0.54705906	-3.8530426
1663078623985	9.023035	-0.54705906	-3.8015969
1663078623993	8.995518	-0.5315057	-3.8339
1663078624001	8.960822	-0.5374878	-3.8808591
1663078624011	8.9775715	-0.54346985	-3.8796628
1663078624042	9.030213	-0.55782676	-3.8386858
1663078624053	9.037691	-0.5721837	-3.8665023
1663078624062	8.981161	-0.59730834	-3.8760736
1663078624082	8.970393	-0.5709873	-3.8712878
1663078624092	8.948857	-0.57816577	-3.8736808
1663078624104	8.93809	-0.5709873	-3.8748772
1663078624182	8.95125	-0.5901299	-3.8386858
1663078624191	9.0015	-0.56859446	-3.8470607
1663078624197	9.044869	-0.535095	-3.8748772
1663078624205	9.035298	-0.5422734	-3.9011981
1663078624243	9.021839	-0.56141603	-3.917948
1663078624254	8.996714	-0.57457656	-3.9023945
1663078624261	9.009874	-0.5841478	-3.8760736
1663078624295	9.042477	-0.55423754	-3.8928235
1663078624307	9.032906	-0.55064833	-3.8940198
1663078624316	9.021839	-0.5494519	-3.8629131
1663078624323	9.017053	-0.541077	-3.865306
1663078624331	9.025428	-0.5709873	-3.885645
1663078624437	9.005089	-0.5841478	-3.9035912
1663078624451	8.970393	-0.58893347	-3.8868413
1663078624462	8.959625	-0.5697909	-3.8676987
1663078624473	8.996714	-0.57457656	-3.8904305
1663078624484	9.021839	-0.60807604	-3.8880377
1663078624493	9.024232	-0.5937191	-3.8916268
1663078624503	9.0015	-0.5709873	-3.897609
1663078624513	8.999106	-0.53389853	-3.8724844
1663078624523	9.01466	-0.5243273	-3.836293
1663078624564	9.013464	-0.56500524	-3.8796628
1663078624572	8.985947	-0.6044868	-3.9346976
1663078624580	8.983554	-0.58534425	-3.9275193
1663078624593	8.981161	-0.56141603	-3.8554354
1663078624650	8.990732	-0.54466623	-3.8518462
1663078624666	8.964411	-0.5769694	-3.9143589
1663078624675	8.940483	-0.6044868	-3.9047875
1663078624694	8.945269	-0.61046886	-3.8629131
1663078624701	8.985947	-0.5949155	-3.8554354
1663078624712	8.958429	-0.5805586	-3.8665023
1663078624756	8.963215	-0.5937191	-3.8844485
1663078624765	8.970393	-0.59970117	-3.8928235
1663078624775	8.9775715	-0.58534425	-3.8736808
1663078624787	8.993125	-0.5721837	-3.854239
1663078624796	9.027821	-0.5662017	-3.8458643
1663078624827	8.936893	-0.6092725	-3.9107695
1663078624837	8.911769	-0.6092725	-3.9418762
1663078624848	8.976375	-0.5925227	-3.8952162
1663078624896	9.027821	-0.5913263	-3.8578284
1663078624908	9.017053	-0.5901299	-3.865306
1663078624918	8.98475	-0.6044868	-3.8518462
1663078624961	8.985947	-0.6056832	-3.8868413
1663078624969	9.005089	-0.5901299	-3.9131622
1663078624977	9.026625	-0.5709873	-3.9526439
1663078625047	9.030213	-0.57457656	-3.9191444
1663078625061	9.038888	-0.58893347	-3.8494534
1663078625071	9.029017	-0.55782676	-3.836293
1663078625079	8.991928	-0.56141603	-3.92393
1663078625088	8.973982	-0.6008976	-3.9921255
1663078625098	8.952447	-0.58893347	-3.956233
1663078625110	8.991928	-0.5673981	-3.92393
1663078625162	9.044869	-0.5733801	-3.9203408
1663078625171	9.041281	-0.58534425	-3.909573
1663078625245	8.982357	-0.59730834	-3.8820555
1663078625262	8.95125	-0.6200402	-3.9143589
1663078625273	8.952447	-0.6200402	-3.9514475
1663078625279	8.989535	-0.6152545	-3.9215372
1663078625287	8.996714	-0.5925227	-3.8446677
1663078625294	8.970393	-0.5937191	-3.8374894
1663078625303	8.956036	-0.6260222	-3.9071803
1663078625312	8.963215	-0.6415756	-3.946662
1663078625321	8.964411	-0.6200402	-3.9346976
1663078625330	8.994321	-0.58534425	-3.9035912
1663078625459	9.053245	-0.55782676	-3.868895
1663078625473	9.032906	-0.5494519	-3.8578284
1663078625482	9.008678	-0.5590232	-3.856632
1663078625493	8.9775715	-0.54705906	-3.8820555
1663078625504	8.948857	-0.56380886	-3.9346976
1663078625512	8.933304	-0.56380886	-3.9610188
1663078625520	8.960822	-0.56380886	-3.9107695
1663078625531	8.959625	-0.55423754	-3.8665023
1663078625542	8.948857	-0.5829514	-3.8665023
1663078625549	8.911769	-0.5985048	-3.92393
1663078625553	8.890233	-0.58534425	-3.956233
1663078625580	8.898608	-0.54705906	-3.9335012
1663078625592	9.012267	-0.51236314	-3.8784664
1663078625649	9.049655	-0.535095	-3.8820555
1663078625670	9.011071	-0.58534425	-3.9047875
1663078625681	8.927322	-0.6343971	-3.909573
1663078625700	8.855537	-0.6092725	-3.9622152
1663078625710	8.808877	-0.5769694	-4.013661
1663078625718	8.786145	-0.57457656	-3.972983
1663078625731	8.8447695	-0.5913263	-3.9023945
1663078625742	8.945269	-0.60329044	-3.9071803
1663078625777	9.081959	-0.60807604	-3.9131622
1663078625790	9.160921	-0.59730834	-3.9071803
1663078625800	9.169296	-0.6116653	-3.9047875
1663078625830	9.108279	-0.6128617	-3.9119658
1663078625843	9.031709	-0.62482584	-3.9311085
1663078625861	8.969196	-0.6164509	-3.9394834
1663078625908	8.917751	-0.6308079	-3.9825542
1663078625918	8.958429	-0.65712893	-3.9825542
1663078625929	8.98475	-0.65712893	-3.926323
1663078626066	8.983554	-0.63798636	-3.9323049
1663078626083	8.996714	-0.62123656	-3.9753757
1663078626094	8.973982	-0.61884373	-3.9885364
1663078626105	8.970393	-0.62721866	-3.958626
1663078626115	8.970393	-0.62961143	-3.9622152
1663078626128	8.975179	-0.5913263	-3.9753757
1663078626139	8.964411	-0.59730834	-3.9885364
1663078626152	8.960822	-0.59970117	-3.9681973
1663078626164	8.983554	-0.62482584	-3.9227335
1663078626175	8.9979105	-0.6451648	-3.8928235
1663078626188	9.025428	-0.60807604	-3.8808591
1663078626267	8.996714	-0.6008976	-3.9119658
1663078626284	8.987143	-0.61764735	-3.9598224
1663078626298	8.983554	-0.62841505	-3.956233
1663078626309	8.981161	-0.64636123	-3.9023945
1663078626319	8.969196	-0.6547361	-3.8796628
1663078626331	8.975179	-0.62841505	-3.9071803
1663078626341	8.975179	-0.62841505	-3.9107695
1663078626353	8.942876	-0.6619146	-3.9215372
1663078626363	8.910572	-0.6798607	-3.976572
1663078626375	8.935697	-0.6762715	-4.005286
1663078626393	8.935697	-0.6655038	-3.9574296
1663078626459	8.93809	-0.6260222	-3.9167516
1663078626472	8.972786	-0.602094	-3.8940198
1663078626483	8.959625	-0.5829514	-3.9131622
1663078626491	8.88784	-0.6236294	-3.9861434
1663078626502	8.896215	-0.6475576	-3.9693937
1663078626512	8.92493	-0.67387867	-3.9370906
1663078626521	8.953643	-0.64995044	-3.92393
1663078626530	8.98475	-0.5937191	-3.909573
1663078626539	9.0015	-0.5937191	-3.8952162
1663078626581	9.021839	-0.60329044	-3.9131622
1663078626596	9.008678	-0.5901299	-3.9287157
1663078626607	8.969196	-0.5949155	-3.9406798
1663078626619	8.959625	-0.6415756	-3.9598224
1663078626672	8.958429	-0.64875406	-3.9394834
1663078626688	8.978767	-0.6332007	-3.9107695
1663078626698	8.969196	-0.62961143	-3.9023945
1663078626707	8.946465	-0.62721866	-3.9227335
1663078626720	8.952447	-0.61046886	-3.9251266
1663078626730	8.991928	-0.6044868	-3.9287157
1663078626739	9.030213	-0.60807604	-3.9370906
1663078626772	8.990732	-0.62482584	-3.917948
1663078626783	8.95484	-0.6367899	-3.9107695
1663078626792	8.958429	-0.64995044	-3.9323049
1663078626832	8.985947	-0.6439684	-3.9287157
1663078626844	9.011071	-0.63918275	-3.9203408
1663078626852	9.000303	-0.61405814	-3.9023945
1663078626859	9.003893	-0.61405814	-3.8844485
1663078626868	9.008678	-0.602094	-3.885645
1663078626896	9.009874	-0.62123656	-3.9203408
1663078626907	9.020642	-0.61405814	-3.946662
1663078627071	9.013464	-0.62123656	-3.9430726
1663078627087	8.991928	-0.6116653	-3.9215372
1663078627100	8.978767	-0.5829514	-3.8904305
1663078627112	8.996714	-0.55782676	-3.9071803
1663078627123	9.0015	-0.5805586	-3.87727
1663078627134	8.991928	-0.58654064	-3.8458643
1663078627141	8.999106	-0.5769694	-3.8808591
1663078627148	8.987143	-0.5925227	-3.8988054
1663078627157	8.993125	-0.6128617	-3.8748772
1663078627168	8.988339	-0.6308079	-3.8458643
1663078627266	8.962018	-0.58654064	-3.8712878
1663078627285	8.957232	-0.5422734	-3.9311085
1663078627299	9.0015	-0.54705906	-3.9251266
1663078627313	9.042477	-0.55304116	-3.8470607
1663078627324	9.025428	-0.58893347	-3.8171504
1663078627333	8.989535	-0.6092725	-3.8147576
1663078627343	8.947661	-0.62123656	-3.8796628
1663078627355	8.917751	-0.62482584	-3.9622152
1663078627364	8.92493	-0.58534425	-3.9203408
1663078627374	8.965608	-0.54466623	-3.8398821
1663078627387	9.040084	-0.49920264	-3.7932222
1663078627400	9.053245	-0.5135596	-3.8267217
1663078627473	9.048459	-0.5315057	-3.8808591
1663078627483	9.017053	-0.56500524	-3.8784664
1663078627491	8.966804	-0.5877371	-3.8327036
1663078627503	8.934501	-0.5626124	-3.8386858
1663078627513	8.947661	-0.5554339	-3.8748772
1663078627520	8.969196	-0.5602196	-3.8952162
1663078627532	9.012267	-0.5626124	-3.8784664
1663078627542	9.060423	-0.5374878	-3.8183467
1663078627551	9.0747795	-0.53629136	-3.7812579
1663078627580	9.020642	-0.55064833	-3.8015969
1663078627594	8.976375	-0.541077	-3.8590248
1663078627604	8.9775715	-0.56500524	-3.8832521
1663078627614	9.012267	-0.5673981	-3.8808591
1663078627695	9.046066	-0.57457656	-3.8291144
1663078627705	9.059227	-0.56141603	-3.7980077
1663078627714	9.029017	-0.5267201	-3.7944186
1663078627722	9.012267	-0.5482555	-3.8398821
1663078627732	8.960822	-0.5877371	-3.8940198
1663078627740	8.981161	-0.622433	-3.854239
1663078627774	8.993125	-0.602094	-3.8063827
1663078627787	8.999106	-0.55423754	-3.8171504
1663078627796	9.032906	-0.55423754	-3.8147576
1663078627809	9.026625	-0.55304116	-3.7908292
1663078627831	9.030213	-0.57457656	-3.795615
1663078627843	9.021839	-0.5590232	-3.8267217
1663078627853	9.025428	-0.5602196	-3.8530426
1663078627866	9.040084	-0.5590232	-3.8327036
1663078627888	9.036494	-0.57936215	-3.7764723
1663078627901	9.017053	-0.61046886	-3.7740796
1663078627909	9.0015	-0.57936215	-3.7932222
1663078628068	8.985947	-0.56380886	-3.8183467
1663078628085	9.015857	-0.5602196	-3.8183467
1663078628100	9.047262	-0.5721837	-3.7920256
1663078628114	9.021839	-0.58893347	-3.8195431
1663078628128	9.007482	-0.5733801	-3.7860436
1663078628136	9.025428	-0.55782676	-3.7968113
1663078628145	8.989535	-0.581755	-3.8255253
1663078628153	8.959625	-0.6044868	-3.8207395
1663078628161	8.969196	-0.60807604	-3.807579
1663078628171	9.017053	-0.5721837	-3.8063827
1663078628268	9.060423	-0.5374878	-3.815954
1663078628284	9.047262	-0.56859446	-3.8339
1663078628294	9.044869	-0.5937191	-3.836293
1663078628303	9.029017	-0.581755	-3.8063827
1663078628316	9.012267	-0.60329044	-3.7776687
1663078628328	8.991928	-0.581755	-3.7968113
1663078628340	8.9979105	-0.5877371	-3.8255253
1663078628351	9.032906	-0.58654064	-3.8374894
1663078628362	9.075976	-0.58893347	-3.8374894
1663078628371	9.086744	-0.62123656	-3.8171504
1663078628377	9.0436735	-0.62961143	-3.80399
1663078628392	8.978767	-0.6415756	-3.8303108
1663078628446	8.941679	-0.65353966	-3.854239
1663078628461	8.990732	-0.6092725	-3.8410785
1663078628471	9.025428	-0.58654064	-3.8087754
1663078628480	9.030213	-0.57577294	-3.8506498
1663078628490	9.036494	-0.56380886	-3.9023945
1663078628498	9.048459	-0.5626124	-3.8928235
1663078628507	9.002696	-0.5602196	-3.8506498
1663078628516	9.011071	-0.5913263	-3.8315072
1663078628528	9.005089	-0.62482584	-3.8339
1663078628576	8.975179	-0.6415756	-3.8446677
1663078628581	8.976375	-0.63918275	-3.868895
1663078628586	8.978767	-0.6128617	-3.8712878
1663078628590	8.971589	-0.6200402	-3.865306
1663078628656	8.9979105	-0.6260222	-3.8641095
1663078628662	9.015857	-0.6415756	-3.868895
1663078628666	9.007482	-0.6667002	-3.8676987
1663078628671	8.994321	-0.6559325	-3.8530426
1663078628686	8.981161	-0.65712893	-3.8303108
1663078628691	8.999106	-0.6308079	-3.8303108
1663078628772	8.983554	-0.62841505	-3.8518462
1663078628779	9.019445	-0.62841505	-3.9107695
1663078628786	9.0436735	-0.622433	-3.9131622
1663078628793	8.926126	-0.6164509	-3.8964126
1663078628835	8.869894	-0.6332007	-3.9323049
1663078628841	8.906983	-0.62721866	-3.946662
1663078628849	8.945269	-0.63918275	-3.9191444
1663078628882	8.964411	-0.64037913	-3.8386858
1663078628892	9.002696	-0.62123656	-3.8135612
1663078628897	9.019445	-0.6116653	-3.8808591
1663078628905	9.032606	-0.5913263	-3.9526439
1663078629033	9.01466	-0.5721837	-3.9658043
1663078629042	8.988339	-0.59730834	-3.929912
1663078629053	8.983554	-0.6164509	-3.856632
1663078629061	8.969196	-0.622433	-3.856632
1663078629069	8.982357	-0.6200402	-3.9071803
1663078629078	8.987143	-0.6236294	-3.9574296
1663078629085	9.024232	-0.58534425	-3.9514475
1663078629096	9.030213	-0.56859446	-3.9394834
1663078629106	9.0182495	-0.61405814	-3.9538403
1663078629114	8.995518	-0.6559325	-3.972983
1663078629228	8.959625	-0.6726823	-3.9311085
1663078629242	8.941679	-0.6667002	-3.9143589
1663078629250	8.935697	-0.6523433	-3.9430726
1663078629255	8.95484	-0.6260222	-3.9670007
1663078629265	8.987143	-0.62721866	-3.9478583
1663078629273	8.999106	-0.61884373	-3.9119658
1663078629281	8.996714	-0.61764735	-3.885645
1663078629288	8.959625	-0.6308079	-3.9000018
1663078629296	8.959625	-0.62482584	-3.9370906
1663078629304	8.95125	-0.6152545	-3.9741793
1663078629331	8.941679	-0.6056832	-3.9574296
1663078629338	8.956036	-0.57577294	-3.9107695
1663078629434	8.966804	-0.5937191	-3.8808591
1663078629446	8.988339	-0.59970117	-3.889234
1663078629461	9.0015	-0.5949155	-3.9275193
1663078629470	8.996714	-0.58534425	-3.9287157
1663078629475	8.975179	-0.5769694	-3.917948
1663078629494	8.952447	-0.56859446	-3.9011981
1663078629503	8.932108	-0.5841478	-3.9083767
1663078629508	8.929715	-0.5626124	-3.9394834
1663078629517	8.966804	-0.56500524	-3.972983
1663078629583	8.995518	-0.55782676	-3.9287157
1663078629595	9.053245	-0.5805586	-3.854239
1663078629607	9.009874	-0.5925227	-3.885645
1663078629616	8.963215	-0.6547361	-3.9394834
1663078629643	8.964411	-0.66071814	-3.9000018
1663078629656	8.970393	-0.63559353	-3.865306
1663078629668	8.945269	-0.62841505	-3.8784664
1663078629691	8.947661	-0.6547361	-3.8724844
1663078629701	9.007482	-0.72053874	-3.8629131
1663078629710	9.037691	-0.6798607	-3.8410785
1663078629776	9.003893	-0.6678966	-3.842275
1663078629789	8.948857	-0.75284183	-3.8578284
1663078629801	8.930911	-0.8353942	-3.8291144
1663078629810	8.922537	-0.8605189	-3.7154553
1663078629847	8.922537	-0.878465	-3.6209388
1663078629860	8.909376	-0.91585284	-3.571886
1663078629870	8.837591	-1.082154	-3.531208
1663078629895	8.810074	-1.2544373	-3.4223347
1663078629905	8.890233	-1.2604194	-3.330211
1663078629915	9.164511	-1.1312069	-3.3553355
1663078629927	9.516255	-0.8808578	-3.2880373
1663078630012	9.761819	-0.541077	-3.1540394
1663078630029	9.778569	-0.33409786	-3.0463624
1663078630037	9.65175	-0.37238303	-3.065505
1663078630047	9.500702	-0.5195416	-3.2377882
1663078630057	9.327223	-0.8006983	-3.3457642
1663078630065	9.211171	-0.9828519	-3.112165
1663078630077	9.206385	-1.0259227	-2.951846
1663078630088	9.226724	-1.015155	-2.9398818
1663078630101	9.175279	-0.98883396	-3.054737
1663078630112	9.049655	-0.89312106	-3.2425737
1663078630232	8.914162	-0.79830545	-3.4462628
1663078630242	8.75145	-0.65712893	-3.618546
1663078630250	8.556435	-0.5135596	-3.8267217
1663078630261	8.514561	-0.30987054	-4.2302113
1663078630273	8.70479	0.050249275	-4.7676992
1663078630281	8.893823	0.43938205	-4.95075
1663078630293	8.975179	0.84406817	-4.3941197
1663078630304	8.996714	1.0163515	-3.2844481
1663078630316	9.2997055	1.0725827	-2.6799614
1663078630328	10.027422	1.090529	-2.9123642
1663078630341	10.56491	1.0163515	-3.193521
1663078630351	10.575678	0.9529416	-3.1947174
1663078630399	9.947263	0.8392825	-2.9889345
1663078630410	9.12503	0.49441698	-2.9075787
1663078630423	8.407781	0.047856454	-2.8704898
1663078630466	7.9351983	-0.31345975	-2.8872397
1663078630485	7.733902	-0.52313083	-2.9111679
1663078630495	7.9591265	-0.602094	-2.7819555
1663078630506	8.536096	-0.44057846	-2.4275186
1663078630518	9.042477	-0.3376871	-1.8565313
1663078630530	9.27817	-0.19980069	-1.4578272
1663078630582	9.206385	0.016749758	-1.7440686
1663078630594	9.020642	0.41545382	-2.7266214
1663078630605	8.879466	0.76241314	-3.3696926
1663078630616	8.866305	1.1264212	-3.8904305
1663078630698	9.068798	1.5993029	-4.364209
1663078630712	9.663713	1.8972093	-4.371388
1663078630723	10.5015	1.6220347	-3.958626
1663078630732	11.107183	0.7396813	-3.2904303
1663078630742	11.247164	-0.28235307	-2.2025933
1663078630755	11.46521	-0.89431745	-1.2915261
1663078630789	10.920544	-0.2835495	-2.0730817
1663078630801	10.786546	1.8373886	-5.6596236
1663078630814	11.088041	3.3278182	-9.276974
1663078630824	10.621141	2.9650064	-9.706784
1663078630835	9.858728	1.7979071	-8.278568
1663078630845	8.467601	-0.4429713	-5.779265
1663078630856	7.487441	-2.8609185	-4.128516
1663078630897	6.8111696	-5.0790653	-3.726223
1663078630912	7.2693954	-6.11097	-4.319942
1663078630920	7.833204	-5.1233325	-4.415655
1663078630934	8.106285	-2.725724	-3.7633119
1663078630998	8.083553	-0.73848486	-3.9801614
1663078631010	7.9244304	0.16031912	-5.3733826
1663078631019	8.307282	0.6750751	-7.159325
1663078631029	8.849555	0.9290134	-7.3378897
1663078631076	8.829216	0.16749759	-5.374579
1663078631088	8.449655	-1.3944174	-2.9374888
1663078631099	7.8643107	-2.7017958	-1.6639091
1663078631109	7.666903	-3.246462	-2.2851455
1663078631121	7.8571324	-2.7640092	-3.5934215
1663078631132	8.2558365	-1.2376875	-3.9957147
1663078631184	8.971589	0.31136605	-3.557529
1663078631204	9.55813	1.3983058	-3.0738797
1663078631215	9.536594	1.5681962	-3.0236306
1663078631226	8.866305	0.98883396	-3.1671999
1663078631240	8.229515	0.069391854	-3.4761732
1663078631296	8.462815	-0.54705906	-3.0762727
1663078631311	9.077172	-0.69182485	-2.0479572
1663078631322	9.309277	-0.6308079	-0.9167502
1663078631330	8.989535	-0.36400816	-0.43070808
1663078631342	8.661719	-0.010767702	-0.98973125
1663078631355	8.848359	0.22253251	-2.4562325
1663078631365	9.373882	0.05742774	-3.4307094
1663078631375	9.657731	-0.8593224	-2.8142586
1663078631391	10.399805	-2.14038	-1.21017
1663078631496	11.903396	-2.2384856	0.19411774
1663078631508	12.960424	-1.1994023	1.4174483
1663078631518	12.274282	-0.9661021	2.0757737
1663078631529	11.656635	-2.5124638	0.009571291
1663078631539	11.46162	-4.304688	-3.728616
1663078631549	10.664212	-4.8804607	-7.5676007
1663078631559	9.012267	-2.9997022	-7.9651084
1663078631570	9.056833	0.933799	-5.339883
1663078631582	8.86152	3.5682967	-4.4060836
1663078631592	7.8906317	3.7552361	-5.0336018
1663078631603	7.6980095	2.9004002	-7.376175
1663078631699	8.769396	0.9804591	-7.6106715
1663078631712	9.620643	-1.9175483	-5.7744794
1663078631723	10.417751	-2.8202405	-3.5730824
1663078631733	10.188041	-1.7261224	-1.2065809
1663078631743	9.026625	-0.58893347	-0.34576288
1663078631753	7.926823	0.39391842	-1.2053844
1663078631765	7.7697945	1.0713863	-2.2217357
1663078631780	7.737491	1.3983058	-3.5324044
1663078631792	7.615457	1.1718849	-4.7198424
1663078631803	7.669296	0.6367899	-4.6037908
1663078631832	8.14457	0.04546363	-3.5539398
1663078631845	8.911769	-0.6008976	-2.164009
1663078631855	9.437292	-1.2460624	-0.6511469
1663078631896	9.808479	-1.1970096	0.4226323
1663078631909	10.087243	-0.474078	-0.2632105
1663078631921	10.330414	0.36640096	-2.161616
1663078631930	10.384252	1.0941181	-2.5495524
1663078631939	9.973584	1.2747762	-2.4143581
1663078631972	9.3308115	1.4557334	-3.4366915
1663078631985	9.542577	1.7261224	-4.2110686
1663078631996	11.303694	1.7907287	-4.7042894
1663078632078	11.078469	1.8816559	-7.123433
1663078632091	11.972787	2.501995	-10.867902
1663078632103	13.539787	1.0642079	-9.660124
1663078632111	11.828918	-1.9043877	-5.1640105
1663078632121	8.536096	-3.6990047	-1.6722839
1663078632133	5.7984076	-5.083851	-0.5590232
1663078632143	4.9375896	-6.59103	-1.6531414
1663078632174	5.076373	-6.503692	-4.932804
1663078632185	5.306383	-5.2274203	-8.164909
1663078632195	6.4962144	-2.9578278	-9.132208
1663078632298	8.450851	-0.6547361	-7.832307
1663078632312	10.33161	0.8883354	-4.8765726
1663078632322	11.420942	1.8098712	-1.7703897
1663078632333	11.224432	1.9465612	0.11156536
1663078632343	10.329217	0.96849495	0.16540386
1663078632353	9.274581	-0.79830545	-1.2017952
1663078632363	8.325228	-2.5495524	-3.3433714
1663078632371	7.2969127	-3.6149569	-4.912465
1663078632380	6.693622	-3.4546378	-5.1472607
1663078632393	6.7151575	-2.0985055	-3.9167516
1663078632500	7.2382884	-0.47886363	-2.2839491
1663078632513	7.975876	0.78753775	-1.3848461
1663078632523	8.496614	1.1694921	-1.2340983
1663078632537	8.98475	0.77318084	-1.1970096
1663078632547	9.571291	0.11365908	-1.3489537
1663078632559	10.143475	-0.78634137	-1.6722839
1663078632569	10.3340025	-2.9051857	-0.9849456
1663078632579	10.950454	-4.875675	-0.70977104
1663078632587	13.07887	-3.612564	-1.07019
1663078632598	14.273486	-1.317847	1.774278
1663078632609	14.25913	-0.0071784677	2.638386
1663078632686	12.369996	-1.9857436	-0.4031906
1663078632705	10.2825575	-3.2093735	-8.325228
1663078632716	9.133404	-1.338186	-13.463217
1663078632725	9.180064	1.2867404	-9.501001
1663078632737	8.922537	2.9949167	-5.181957
1663078632750	7.8631144	3.1232316	-4.634897
1663078632762	7.4072814	2.178665	-6.477072
1663078632771	8.65813	-0.18783657	-6.6819572
1663078632781	10.421341	-2.3437698	-5.258527
1663078632792	12.210873	-3.301497	-1.8314066
1663078632803	12.302997	-2.4825535	0.85842514
1663078632835	9.972387	-1.1778669	1.0606186
1663078632844	8.25464	-0.21296121	-0.56141603
1663078632897	7.603493	0.50159544	-2.7424738
1663078632911	6.9798636	0.8225328	-4.1404805
1663078632919	6.5739813	0.6942177	-4.536792
1663078632929	6.700801	0.4848457	-3.5886357
1663078632939	7.0875406	0.148355	-3.140879
1663078633077	7.420442	-0.4884349	-3.1636107
1663078633091	7.747062	-1.1958131	-2.6775684
1663078633103	8.300103	-1.3657036	-1.2281163
1663078633112	9.104691	-0.8030911	0.28983065
1663078633121	9.780962	0.061016977	-0.19381863
1663078633133	10.329217	0.6367899	-1.4027922
1663078633145	10.392627	0.9385847	-3.095415
1663078633155	10.108778	1.6064813	-4.9881377
1663078633162	11.010274	2.5139594	-5.5396833
1663078633172	12.37837	3.4654055	-6.383752
1663078633182	13.186546	4.5918264	-9.036494
1663078633192	14.418252	4.1898327	-9.886246
1663078633246	13.519149	0.76719874	-7.3582287
1663078633260	11.098808	-2.6084757	-4.6779685
1663078633270	8.002197	-4.7856455	-2.6907291
1663078633280	5.5372906	-6.39093	-1.9486549
1663078633296	4.5762734	-7.669595	-2.57707
1663078633307	4.837091	-6.4902325	-5.293223
1663078633316	5.5372906	-4.141677	-7.5317082
1663078633330	6.686444	-1.6926229	-8.045268
1663078633341	8.108678	0.1471586	-7.170093
1663078633398	10.032208	1.6040884	-4.786842
1663078633410	11.156237	2.4251258	-1.6292131
1663078633420	10.973186	2.1667008	0.38315073
1663078633433	9.747462	0.5171488	0.21804596
1663078633443	8.508578	-1.6651055	-1.7811574
1663078633454	7.347162	-3.313461	-4.662415
1663078633493	6.5644097	-3.6867416	-5.9156556
1663078633503	6.602695	-2.7352953	-5.2980084
1663078633514	7.3136625	-1.3070793	-3.173182
1663078633530	8.420941	0.1698904	-1.2843475
1663078633553	9.110672	0.92183495	-0.3493521
1663078633565	9.3511505	0.91346	-0.5985048
1663078633586	9.523434	0.26949164	-1.265205
1663078633696	9.862318	-0.19501504	-2.0479572
1663078633708	9.763016	-0.8341978	-2.204986
1663078633717	9.474381	-2.2037897	-1.4291133
1663078633727	10.022636	-3.3732817	-1.9905293
1663078633741	12.379567	-1.9797616	-2.676372
1663078633750	14.168202	0.85124665	-0.46301118
1663078633758	12.617952	2.3892334	1.5801603
1663078633767	11.259128	1.6447664	1.9477576
1663078633778	10.707283	-1.4641083	-0.5518447
1663078633788	9.743873	-5.5160546	-5.924031
1663078633829	8.677272	-6.533602	-11.430513
1663078633841	7.638189	-3.769593	-10.7889385
1663078633852	8.151749	0.38913277	-7.3582287
1663078633894	7.5125656	2.4263222	-4.813163
1663078633907	6.9942207	2.4179473	-4.0555353
1663078633917	8.420941	1.6950158	-6.3981085
1663078633926	11.26152	-0.68105716	-4.9977093
1663078633943	14.87558	-1.3106686	-0.049052864
1663078633953	14.824135	-0.56141603	2.5283163
1663078634019	11.24836	-1.1252248	0.22761725
1663078634032	8.425727	-1.5514464	-2.2839491
1663078634042	7.6046896	-1.1575279	-3.6281173
1663078634081	7.498209	-0.35443684	-3.592225
1663078634094	6.792027	0.2515455	-3.158825
1663078634104	5.9898334	0.9445667	-2.5232315
1663078634111	5.843871	1.5287145	-1.879263
1663078634121	6.2700925	1.4018949	-2.1245275
1663078634160	6.8745794	0.28145576	-2.9303105
1663078634170	7.6537423	-1.0857433	-3.228217
1663078634177	9.025428	-1.7129619	-2.5663023
1663078634242	10.592427	-0.6583253	-1.7404794
1663078634253	10.977971	0.80578303	-1.2293127
1663078634260	10.138689	1.9115661	-2.1735802
1663078634271	10.060922	2.691028	-3.865306
1663078634295	11.772687	2.9063823	-4.802395
1663078634307	13.891532	2.478067	-4.7772703
1663078634316	12.479168	1.015155	-5.4846487
1663078634331	12.396317	0.46929234	-7.658528
1663078634344	12.215659	-1.1347961	-5.398507
1663078634497	10.526625	-1.9390837	-2.6368906
1663078634515	7.818847	-1.7333009	-1.2640085
1663078634528	6.087939	-1.4665012	-2.1942184
1663078634541	5.2980084	-2.6048865	-4.3115673
1663078634552	5.1149573	-3.9335012	-7.839485
1663078634564	5.849853	-4.5726843	-10.675279
1663078634576	7.5065837	-3.3900316	-10.519446
1663078634590	8.612666	-1.7297117	-7.2768726
1663078634603	10.511071	0.02871387	-2.0575283
1663078634614	12.652648	2.3712873	2.2695923
1663078634627	12.519846	3.3672996	2.8429725
1663078634639	10.719546	1.7201403	0.25034907
1663078634652	9.03141	-0.8066803	-2.7819555
1663078634695	7.495816	-2.400001	-5.256134
1663078634709	6.4005013	-2.3150558	-6.105885
1663078634721	5.896513	-1.204188	-4.8526444
1663078634731	6.3215384	0.21774685	-3.228217
1663078634738	7.2586274	1.4042878	-2.1978076
1663078634751	7.9256268	1.7344973	-1.698605
1663078634760	8.359924	1.0989038	-1.541576
1663078634770	8.948857	0.6308079	-1.4087744
1663078634778	9.934102	0.73369926	-1.1467602
1663078634786	10.946864	0.69900334	-0.9023932
1663078634831	11.286944	-0.6559325	-0.75643104
1663078634843	11.349157	-2.3772693	-0.70259255
1663078634853	13.3588295	-2.0590239	-0.56859446
1663078634895	15.276677	-1.2269198	1.4102699
1663078634909	14.665011	-0.4764708	1.7874385
1663078634917	11.332408	-1.5311074	-4.4602213
1663078634925	9.183653	-1.5502499	-11.24507
1663078634949	8.249854	-1.0630114	-9.24467
1663078635079	7.9483585	0.12562318	-4.889733
1663078635096	7.815258	1.5885352	-3.6197424
1663078635111	7.4240313	1.9788643	-4.7784667
1663078635123	8.326425	1.0366904	-6.9128647
1663078635134	10.160523	-0.55064833	-7.0337024
1663078635145	12.141481	-1.1132607	-4.206283
1663078635152	13.025031	-0.9876375	0.5697909
1663078635158	11.4018	-0.602094	2.7711878
1663078635166	8.903394	-0.35204405	1.4401802
1663078635178	7.179664	-0.16271193	-0.97537434
1663078635189	6.17767	0.034695927	-3.016452
1663078635242	5.5444694	0.21415763	-4.3929234
1663078635256	5.4535418	0.5829514	-4.364209
1663078635266	6.041279	1.102493	-4.252943
1663078635279	7.1485577	1.2460624	-4.051946
1663078635291	8.304889	0.70618176	-3.4187453
1663078635299	9.287741	-0.20578274	-2.2564318
1663078635311	10.05494	-0.79112697	-0.46899325
1663078635322	10.848759	-0.31106696	0.9816555
1663078635331	11.116755	0.5458627	0.061016977
1663078635341	10.228719	1.2352947	-2.6368906
1663078635360	10.160523	2.4239295	-4.900501
1663078635466	12.403794	3.7229328	-5.6333027
1663078635481	13.48206	4.2364926	-6.572785
1663078635493	12.243176	4.475775	-9.056833
1663078635502	12.57847	3.0320053	-9.516555
1663078635518	12.130713	0.2635096	-6.8171515
1663078635531	10.2107725	-2.2504497	-3.3529427
1663078635542	7.55444	-4.041178	-1.7476579
1663078635552	6.248557	-5.61416	-2.181058
1663078635560	5.6581283	-7.0289164	-4.132106
1663078635569	5.2250276	-7.02772	-6.7166533
1663078635607	5.88096	-5.0012984	-8.372188
1663078635621	7.534101	-2.1535404	-7.5065837
1663078635695	9.800104	0.2551347	-4.5320063
1663078635712	11.4903345	2.111666	-1.7679968
1663078635722	11.391032	3.0598218	-0.7013961
1663078635729	10.286146	2.740081	-1.2029916
1663078635741	9.3104725	0.81655073	-2.0204396
1663078635752	8.320442	-1.4557334	-2.9913275
1663078635761	7.3196445	-2.8956144	-4.33071
1663078635771	6.5464635	-3.091826	-4.930411
1663078635780	6.096314	-2.12363	-4.111767
1663078635791	6.5081787	-0.69302124	-2.4670002
1663078635806	7.6645103	0.7217351	-1.1228321
1663078635840	8.92134	1.5789639	-0.17108682
1663078635851	9.91496	1.5203397	0.35084763
1663078635894	10.3017	0.97567344	-0.4211368
1663078635903	10.217951	-0.2656033	-1.2903296
1663078635916	10.023833	-2.8980074	-1.1491531
1663078635966	11.043774	-3.868895	-1.6208383
1663078635979	13.596018	-2.032703	-0.5937191
1663078635987	14.84567	0.56500524	2.2755744
1663078636101	13.636696	0.7289136	1.896312
1663078636111	11.088041	-1.8589242	-2.6835506
1663078636119	9.625428	-3.3876386	-10.167702
1663078636132	8.507381	-2.4562325	-11.550155
1663078636143	8.796913	0.19740787	-8.050054
1663078636150	8.479864	1.4856437	-5.4726844
1663078636158	7.908578	1.5275182	-4.9567323
1663078636168	9.019445	1.0725827	-6.212665
1663078636177	11.294123	0.36400816	-5.675177
1663078636186	13.817354	-0.3915256	-2.2468605
1663078636197	13.75873	-1.1120644	2.429014
1663078636287	10.65823	-1.2017952	2.6982067
1663078636304	8.0345	-1.4533406	0.5733801
1663078636313	6.669694	-1.5083755	-2.088635
1663078636323	5.907281	-1.0797613	-3.9741793
1663078636335	5.4810596	-0.4022933	-4.023232
1663078636351	5.603093	0.3364907	-2.9530423
1663078636361	5.7924256	0.9637093	-2.507678
1663078636373	6.696015	1.2999009	-2.8286154
1663078636381	7.7614193	0.74566334	-3.2641091
1663078636392	8.528917	-0.3687938	-3.191128
1663078636494	9.519845	-1.0929217	-1.7273189
1663078636505	10.756635	-0.7492526	-0.25722843
1663078636515	11.2017	0.26590243	0.07806584
1663078636525	10.113564	1.4054842	-1.5738791
1663078636535	9.800104	2.6563323	-3.7657046
1663078636547	11.98834	3.7277186	-5.276473
1663078636557	14.228023	3.6774693	-5.645267
1663078636568	11.763116	2.111666	-7.085148
1663078636582	11.279766	2.1248264	-9.960423
1663078636594	12.876377	0.74566334	-7.561619
1663078636604	11.75833	-1.6387844	-3.1767712
1663078636617	8.493025	-3.4474592	-1.5332011
1663078636705	6.6146593	-4.5332026	-2.7302105
1663078636714	5.9359946	-5.825925	-4.770092
1663078636724	5.5049877	-6.4411793	-7.662117
1663078636734	6.1046886	-5.0156555	-9.336794
1663078636746	7.565208	-2.5064816	-8.016554
1663078636759	9.650553	-0.18903299	-4.324728
1663078636768	10.919347	1.8122641	-1.4327025
1663078636777	10.778171	2.8202405	-0.6643074
1663078636787	9.918549	2.8597221	-0.82701933
1663078636798	8.849555	1.2532408	-1.1371889
1663078636808	7.9220376	-1.1072787	-2.0527427
1663078636832	7.0731835	-2.630011	-4.0962133
1663078636842	6.2581286	-3.0212376	-5.884549
1663078636863	5.7948184	-2.4119651	-5.620142
1663078636895	6.3215384	-1.0091729	-3.6077783
1663078636905	7.7015986	0.5554339	-1.4458631
1663078636966	9.227921	1.4940187	-0.02871387
1663078636981	10.92174	1.9381863	0.59970117
1663078636990	11.859128	1.6423737	0.50159544
1663078637082	11.404193	-0.3484548	0.53389853
1663078637093	10.420144	-3.8126638	-0.2739782
1663078637099	11.068898	-5.3904314	-3.051148
1663078637108	13.72882	-3.8234315	-1.6073786
1663078637120	14.512769	-0.23808585	2.4672992
1663078637132	12.3448715	-0.55782676	1.1324034
1663078637142	10.126724	-2.4514468	-5.697909
1663078637158	8.7347	-2.1655045	-11.684153
1663078637174	8.47149	0.019142581	-10.256236
1663078637190	8.521739	2.6778677	-7.3378897
1663078637201	8.193623	3.72054	-5.77089
1663078637241	7.689635	3.8210387	-6.686743
1663078637252	8.685647	2.3665016	-6.906883
1663078637259	10.507483	-0.67028946	-5.4499526
1663078637266	13.467703	-2.12363	-1.4291133
1663078637276	13.561322	-1.5717853	2.3321047
1663078637294	10.172487	-1.3633107	1.9130617
1663078637305	7.7123666	-1.3836497	0.54346985
1663078637329	6.920043	-0.8246265	-1.3286148
1663078637341	6.5895343	0.0047856453	-3.6245282
1663078637381	6.1357956	0.30059835	-4.12732
1663078637396	5.901299	0.34127632	-2.8130622
1663078637452	6.0867424	0.45852464	-2.5639095
1663078637459	6.585945	0.25872394	-3.0284162
1663078637473	7.52453	-0.3062813	-3.336193
1663078637495	8.897412	-0.7923234	-2.5639095
1663078637509	10.517054	-0.4334	-1.0220344
1663078637518	11.772687	0.8787641	-0.5602196
1663078637526	11.307283	2.3545375	-1.521237
1663078637584	10.888241	3.2823544	-3.0200412
1663078637601	12.786646	3.62722	-4.619344
1663078637611	13.9166565	2.774777	-6.005387
1663078637618	11.632708	1.7141583	-8.308478
1663078637664	11.859128	2.2025933	-10.429716
1663078637672	11.951252	0.09810573	-6.565606
1663078637678	10.463215	-2.0901306	-2.7436702
1663078637690	7.6274214	-3.6664026	-1.3046865
1663078637702	6.1561346	-4.4458647	-2.5028925
1663078637710	5.7062836	-5.445466	-4.6396832
1663078637776	5.465506	-5.9407806	-7.9543405
1663078637790	6.120242	-4.8852468	-9.623035
1663078637799	7.5257263	-2.489732	-8.487042
1663078637808	9.195618	-0.5494519	-5.2274203
1663078637819	10.694122	1.07019	-1.6459628
1663078637838	11.198111	2.2791636	0.14985052
1663078637847	10.624731	2.4586253	0.49920264
1663078637871	9.401401	0.8644072	-0.29072794
1663078637879	8.247461	-1.1084751	-2.312663
1663078637897	7.3100734	-2.4598217	-4.889733
1663078637987	6.518946	-2.7125635	-6.34427
1663078637999	6.1274204	-1.8373886	-5.6739807
1663078638012	6.652944	-0.43698925	-3.3684962
1663078638022	7.879864	0.9529416	-1.4099708
1663078638056	9.302098	1.779961	0.10917253
1663078638065	10.679766	1.9848464	0.9984053
1663078638076	11.346765	1.4605191	0.46809593
1663078638088	11.0557375	-0.77796644	-0.38404804
1663078638100	10.129117	-4.487739	-0.8497511
1663078638110	10.396216	-6.3071814	-2.251646
1663078638121	13.436597	-4.9139605	-0.7432705
1663078638191	15.828522	-1.6674982	2.885146
1663078638206	13.357634	-1.2687942	0.0023928226
1663078638218	10.753046	-1.372882	-8.898608
1663078638228	9.157332	0.39511484	-12.446865
1663078638242	8.872287	2.740081	-8.989835
1663078638252	8.260622	4.112963	-6.5871415
1663078638262	7.450352	4.1778684	-6.511768
1663078638294	7.581958	2.71376	-7.0672016
1663078638304	8.368299	-0.6056832	-6.370591
1663078638313	10.257433	-2.778366	-4.490132
1663078638330	12.650255	-2.8836503	-0.4968098
1663078638343	12.741182	-1.8613169	2.4050858
1663078638353	10.056136	-1.2269198	2.5749762
1663078638389	8.242676	-0.51116675	0.9026923
1663078638439	7.2933235	0.11246266	-2.0204396
1663078638451	6.296414	0.52552366	-4.62413
1663078638462	5.775676	0.6367899	-4.8825545
1663078638474	5.8474603	0.84047896	-3.7980077
1663078638483	6.411269	0.9732806	-3.5419757
1663078638494	7.172486	0.5985048	-3.5036905
1663078638581	8.259425	-0.26679972	-2.9315069
1663078638593	9.510274	-1.2723835	-1.2879368
1663078638604	10.756635	-1.3094722	0.581755
1663078638614	11.2088785	0.078963146	0.6562316
1663078638623	10.241879	1.6914265	-2.1053848
1663078638632	10.293324	2.9183464	-4.3354955
1663078638645	12.590434	3.6439698	-6.255736
1663078638656	13.459329	3.9406798	-8.946764
1663078638688	12.879966	3.9873397	-11.074881
1663078638701	12.834502	1.9007984	-8.325228
1663078638711	12.38555	-0.7432705	-3.1779675
1663078638775	9.977173	-3.1363924	-0.33020952
1663078638790	7.190432	-4.8445687	-1.4410775
1663078638797	6.279664	-6.6676	-2.9709885
1663078638806	5.7577295	-7.469495	-5.992226
1663078638824	5.3123655	-6.439983	-8.850752
1663078638828	6.044868	-3.740879	-9.467203
1663078638832	7.43121	-0.72053874	-8.294122
1663078638894	9.460024	1.2568301	-5.5651073
1663078638902	11.332408	2.687439	-2.0024934
1663078638908	11.716456	3.5527434	0.6622137
1663078638949	10.517054	2.4299114	1.2152548
1663078638960	9.099904	-0.0011964113	-0.008374879
1663078638968	7.937591	-2.0673988	-2.894418
1663078638985	6.8051877	-3.2105699	-6.0580287
1663078639012	6.012565	-3.0846474	-6.9559355
1663078639079	5.961119	-1.6244274	-5.1352963
1663078639088	6.8339014	-0.04426722	-2.3988047
1663078639095	8.258229	1.2436695	-0.52193445
1663078639102	9.889835	1.879263	0.8895318
1663078639110	11.005488	1.3046865	1.2583256
1663078639117	10.82842	-0.078963146	-0.16749759
1663078639188	9.822836	-2.548356	-1.1443675
1663078639200	9.693624	-4.7676992	-2.1448665
1663078639207	11.406586	-4.167998	-2.9626136
1663078639214	13.981263	-0.32662028	-0.5733801
1663078639222	13.724034	3.260819	3.7839499
1663078639229	11.625529	2.7771697	3.205784
1663078639295	10.6103735	-1.3764713	-2.3940191
1663078639307	9.656535	-5.1029935	-10.7016
1663078639313	8.448459	-4.3992043	-16.460526
1663078639321	9.239884	-0.7600203	-12.7603245
1663078639329	8.495418	1.1682956	-6.1851473
1663078639337	7.355836	1.2699906	-2.3042881
1663078639400	8.312068	1.4066806	-3.6364923
1663078639409	11.38505	0.51236314	-3.7633119
1663078639416	14.995221	-0.5195416	0.3173481
1663078639494	13.889139	-0.8497511	2.8719854
1663078639506	10.062119	-1.1575279	-0.3385844
1663078639515	7.2765737	-1.6890336	-2.8956144
1663078639522	6.006583	-1.5873387	-3.8590248
1663078639532	5.8127646	-0.68823564	-3.978965
1663078639592	6.047261	0.13878371	-3.3038898
1663078639602	6.443572	0.6415756	-2.1364915
1663078639612	6.9056864	1.0031909	-1.9654047
1663078639624	7.7159557	1.0211371	-2.5495524
1663078639632	8.56481	0.32333016	-2.9997022
1663078639696	9.126225	-0.7468598	-2.7014968
1663078639709	9.70798	-1.3645071	-1.3154542
1663078639718	10.4261265	-0.7013961	-0.059820566
1663078639730	10.554143	0.43579283	-0.3397808
1663078639743	9.306884	1.3947165	-2.6608188
1663078639749	8.830413	2.4912274	-5.152046
1663078639774	10.909776	3.1555347	-6.5033927
1663078639785	13.269099	2.9362924	-7.400103
1663078639794	12.917055	2.5881367	-8.911769
1663078639807	13.449757	2.03031	-7.597511
1663078639817	13.156636	-0.06819545	-2.8022945
1663078639850	11.030613	-1.873281	0.46809593
1663078639858	7.9316087	-2.9063823	0.13908282
1663078639896	6.3251276	-3.944269	-2.178366
1663078639908	5.7541404	-5.171189	-5.2884374
1663078639921	5.1963134	-5.9228344	-8.538488
1663078639984	5.035695	-5.1664033	-10.787742
1663078639992	6.506982	-2.6742785	-10.578071
1663078640001	8.03809	-0.67387867	-7.9220376
1663078640012	11.140683	0.67028946	-2.5232315
1663078640025	13.689339	2.5414767	2.5366912
1663078640035	12.980763	3.266801	3.8270206
1663078640048	10.506286	1.4928222	1.8233309
1663078640061	8.783752	-0.9924232	-1.4733806
1663078640079	7.376175	-2.774777	-5.323133
1663078640097	5.873781	-3.2356944	-7.379764
1663078640109	4.9112687	-2.309074	-6.4495544
1663078640175	5.2142596	-0.7468598	-3.9107695
1663078640190	6.600302	0.8356933	-1.1048858
1663078640197	8.446066	1.8840487	0.79860455
1663078640220	10.686944	1.9920249	1.6124634
1663078640230	12.37837	1.3190435	1.2296118
1663078640297	12.456436	-0.91106725	0.4668995
1663078640312	11.575279	-4.1021953	-0.5949155
1663078640320	12.554543	-5.2477593	-2.2025933
1663078640325	15.12563	-3.9346976	-0.22851457
1663078640331	14.967704	-1.2436695	1.6292131
1663078640338	11.290534	-1.6914265	-3.5383866
1663078640344	9.309277	-1.9797616	-10.422537
1663078640350	8.569595	-0.72412795	-8.521739
1663078640403	8.533703	1.230509	-5.2226343
1663078640414	8.330014	2.786741	-5.299205
1663078640500	7.475477	2.719742	-7.8023963
1663078640512	7.9244304	1.9250258	-8.908179
1663078640520	8.9775715	-0.24526432	-6.5225353
1663078640534	10.931312	-1.9438694	-3.3601213
1663078640544	12.895519	-1.4976078	0.45972106
1663078640553	12.003894	-0.81864446	2.6539395
1663078640562	9.239884	-0.70259255	2.6276183
1663078640574	7.6633134	-0.36281174	0.29820552
1663078640585	6.9355965	-0.01794617	-2.8082764
1663078640615	6.1513486	0.148355	-4.944768
1663078640628	5.853442	0.2754737	-4.867001
1663078640695	6.1860447	0.60807604	-3.8712878
1663078640708	6.7055864	0.4860421	-3.6723845
1663078640717	7.589136	-0.18664017	-3.2593236
1663078640728	8.932108	-0.9613165	-2.0922244
1663078640739	10.225129	-1.1623136	-0.4968098
1663078640750	11.170593	-0.02632105	0.8021938
1663078640758	10.902597	1.7021942	-0.17108682
1663078640768	10.2825575	3.118446	-2.53041
1663078640780	11.6339035	3.4043884	-4.3821554
1663078640810	12.403794	2.6252255	-7.066005
1663078640823	11.133505	2.864508	-12.521043
1663078640833	12.197713	3.0442686	-14.694922
1663078640898	11.568101	-0.4968098	-8.9312105
1663078640911	10.47518	-3.8401814	-3.1983066
1663078640921	8.010572	-6.4232335	-1.8900307
1663078640964	6.673283	-7.689934	-2.9566314
1663078640974	6.209973	-7.652845	-4.5882373
1663078640984	7.0432734	-5.840282	-5.8677993
1663078641009	8.7347	-3.4163525	-5.259723
1663078641015	10.7351	-0.3699902	-5.0479584
1663078641078	10.906186	1.963311	-4.733003
1663078641091	9.82164	2.8932216	-4.202694
1663078641101	9.196814	2.7005994	-3.8207395
1663078641111	8.8340025	1.4042878	-3.2222347
1663078641123	8.387442	-0.64995044	-2.9673991
1663078641134	7.690831	-2.2863421	-3.64726
1663078641144	6.9391856	-2.7472596	-4.2625146
1663078641211	6.518946	-2.306681	-3.8518462
1663078641221	6.707979	-1.1587243	-3.075076
1663078641228	7.4850483	0.46091747	-2.053939
1663078641234	8.381459	1.9968106	-1.1072787
1663078641242	9.553345	2.9327033	-0.0035892338
1663078641252	10.025029	1.8038892	0.59970117
1663078641294	9.238688	-1.8349959	-0.5925227
1663078641306	8.201998	-5.1759744	-3.8928235
1663078641316	8.8340025	-4.4662037	-4.4374895
1663078641343	10.864312	-0.23449662	0.8117651
1663078641351	11.402996	-0.5805586	-0.28235307
1663078641435	10.476376	-3.761218	-9.178867
1663078641445	11.161022	-2.0781665	-15.897914
1663078641455	12.127124	0.76600236	-7.6011004
1663078641462	11.7667055	3.6439698	0.14626129
1663078641499	9.887443	3.4857445	1.9369899
1663078641509	8.799306	2.8489544	-1.974976
1663078641522	8.107481	1.5287145	-7.932805
1663078641532	8.2965145	-0.43459642	-8.642576
1663078641543	8.627023	-1.7967107	-6.4088764
1663078641553	8.343174	-1.570589	-4.327121
1663078641582	8.112267	-0.3687938	-2.4227328
1663078641593	8.010572	0.7612167	-1.8409779
1663078641615	8.326425	1.1192428	-3.6161532
1663078641629	8.788539	0.6583253	-5.266902
1663078641691	8.988339	0.1363909	-5.66082
1663078641706	9.150154	-0.17108682	-5.424828
1663078641715	9.406186	-0.032303106	-4.9435716
1663078641723	9.226724	0.13280165	-4.615755
1663078641731	8.763413	-0.16151553	-4.4446683
1663078641741	8.307282	-0.7253244	-4.2661037
1663078641751	7.953144	-1.0689936	-4.0615172
1663078641773	8.197212	-0.6942177	-4.404887
1663078641785	8.473883	-0.2847459	-5.0994043
1663078641797	8.899805	-0.07298109	-5.796015
1663078641832	9.409775	-0.106480606	-5.749355
1663078641844	9.824033	-0.58534425	-5.1364927
1663078641895	10.083653	-1.0426725	-4.2338004
1663078641908	9.65175	-1.3621143	-3.3565319
1663078641919	8.819645	-1.3992031	-2.908775
1663078641946	8.345567	-1.2340983	-2.9362924
1663078641956	8.12782	-1.0007981	-3.0020952
1663078641972	8.139785	-0.80548394	-2.9446673
1663078641984	8.491829	-0.81625164	-2.6859434
1663078642020	9.0544405	-1.2879368	-2.6488547
1663078642032	9.607482	-1.6627127	-2.9566314
1663078642075	9.828818	-1.5957136	-3.2330024
1663078642087	9.749855	-1.730908	-3.4055848
1663078642098	9.749855	-1.8637097	-3.004488
1663078642107	9.716355	-1.7548363	-2.388037
1663078642126	9.568898	-1.4820545	-2.3952155
1663078642139	9.305687	-1.2927225	-3.0260234
1663078642225	9.000303	-1.2867404	-3.527619
1663078642242	8.668898	-1.5263218	-3.5814574
1663078642252	8.4858465	-2.2420747	-3.2581272
1663078642260	8.648559	-2.600101	-3.0272198
1663078642275	8.837591	-2.565106	-2.5028925
1663078642304	8.912965	-1.8840487	-2.1858435
1663078642318	8.804091	-0.93619186	-2.7616165
1663078642332	8.733503	-0.6762715	-3.286841
1663078642348	8.774181	-1.2029916	-4.3905306
1663078642362	8.947661	-2.1068804	-5.66082
1663078642373	9.663713	-2.9949167	-5.560322
1663078642386	10.749456	-2.8716862	-4.3737807
1663078642426	10.955239	-2.388037	-2.8980074
1663078642441	10.130314	-2.3186452	-2.9673991
1663078642452	9.086744	-2.0434706	-4.342674
1663078642461	8.513364	-1.4676976	-4.749753
1663078642499	7.9591265	-0.474078	-4.516453
1663078642511	7.233503	0.21655045	-4.4204407
1663078642522	6.9009004	0.26470602	-4.389334
1663078642534	7.3160553	0.5949155	-4.100999
1663078642545	7.9627156	0.7181459	-4.072285
1663078642582	8.670094	0.3173481	-4.3965125
1663078642594	9.383454	-0.11964113	-4.59063
1663078642626	9.859925	-0.31226337	-4.3319063
1663078642638	9.871889	-0.2943172	-3.6281173
1663078642697	9.46481	-0.46809593	-3.4163525
1663078642710	8.987143	-0.36759737	-4.0974097
1663078642717	8.550452	-0.09092726	-4.7306104
1663078642727	8.335996	0.29461628	-5.093422
1663078642740	8.44128	0.74446696	-5.3422756
1663078642752	8.686844	0.8644072	-5.3614182
1663078642762	8.935697	0.52911294	-5.0192447
1663078642779	9.0544405	-0.015553347	-4.4745784
1663078642791	9.01466	-0.5662017	-4.011268
1663078642832	8.965608	-0.831805	-3.5503507
1663078642843	9.007482	-0.7827521	-3.228217
1663078642877	9.09153	-0.72293156	-3.1755748
1663078642886	8.918947	-0.7325028	-3.6496527
1663078642901	8.601898	-0.6750751	-4.604987
1663078642912	8.499007	-0.37716866	-5.1341
1663078643033	8.491829	-0.09571291	-4.9698925
1663078643047	8.477471	0.08255238	-4.486542
1663078643055	8.5372925	0.20458634	-3.9107695
1663078643062	8.903394	0.16151553	-3.3122647
1663078643071	9.342776	-0.106480606	-2.9410782
1663078643083	9.620643	-0.520738	-2.7999015
1663078643096	9.830014	-0.7719844	-2.819044
1663078643106	10.0417795	-0.36281174	-2.9422746
1663078643115	10.445269	0.25872394	-3.0176485
1663078643127	10.773385	0.74566334	-3.266502
1663078643138	10.773385	1.1623136	-3.3804603
1663078643244	10.317253	1.1910275	-3.3529427
1663078643261	9.488738	0.7962117	-4.191926
1663078643272	8.616255	0.1698904	-5.6907306
1663078643278	7.733902	-0.4848457	-6.7704916
1663078643288	6.899704	-0.69541407	-6.491429
1663078643300	6.7378893	-0.30388847	-5.9084773
1663078643312	7.308877	0.043070808	-5.0132627
1663078643322	8.054839	-0.05503492	-3.9670007
1663078643331	8.666505	-0.59730834	-3.4606197
1663078643339	9.211171	-1.387239	-3.5144582
1663078643349	9.492328	-2.0458634	-3.7896328
1663078643435	9.493524	-2.1284158	-4.025625
1663078643445	9.229117	-1.7285153	-4.0974097
1663078643456	8.823235	-1.338186	-4.2218366
1663078643467	8.552845	-1.0295119	-4.49731
1663078643472	8.357532	-0.7815557	-4.837091
1663078643477	8.22473	-0.7001997	-5.2202415
1663078643482	8.11466	-0.7851449	-5.3769717
1663078643492	8.198408	-0.8030911	-4.9363933
1663078643496	8.512167	-0.87607217	-4.301996
1663078643519	8.763413	-1.2149557	-3.9287157
1663078643581	8.802896	-1.5370895	-4.0387855
1663078643592	8.746664	-1.468894	-4.165605
1663078643602	8.738289	-0.9098708	-4.043571
1663078643649	8.59113	-0.42622152	-4.023232
1663078643661	8.320442	-0.38554356	-4.51406
1663078643672	8.369495	-0.39391842	-5.050351
1663078643694	8.957232	-0.2835495	-5.2226343
1663078643706	9.382257	-0.4728816	-5.162814
1663078643716	9.395418	-0.8892327	-4.74736
1663078643720	9.211171	-1.0666007	-3.9514475
1663078643778	8.970393	-1.0139586	-3.158825
1663078643792	8.795717	-0.93978107	-3.2246277
1663078643798	8.775378	-1.0510473	-3.917948
1663078643808	8.816056	-1.1491531	-4.7078786
1663078643850	8.859127	-1.1730813	-5.000102
1663078643865	9.026625	-1.1371889	-5.020441
1663078643876	9.428918	-0.9828519	-4.510471
1663078643912	9.662517	-0.8437691	-3.4833515
1663078643923	9.658928	-0.88205427	-2.6895328
1663078643933	9.534202	-1.0271192	-2.4825535
1663078643945	9.27817	-1.2161521	-3.1157541
1663078643955	9.052048	-1.1766706	-4.214658
1663078643967	8.881859	-0.770788	-4.694718
1663078644043	8.7682	-0.35324043	-4.145266
1663078644056	8.700004	-0.3290131	-3.399603
1663078644068	8.805288	-0.9984053	-3.6352959
1663078644078	8.903394	-2.0877378	-4.546363
1663078644087	8.863913	-2.7436702	-4.8382874
1663078644093	8.879466	-2.3904297	-4.4060836
1663078644105	9.053245	-1.4988043	-3.7250266
1663078644210	9.012267	-0.6367899	-3.3589249
1663078644224	8.722735	0.15314065	-3.589832
1663078644233	8.3348	0.7791629	-4.2134614
1663078644244	8.115856	1.1312069	-4.6971107
1663078644257	7.996215	1.250848	-4.8909297
1663078644269	8.028518	1.0941181	-4.8490553
1663078644282	8.270193	0.93738824	-4.5475593
1663078644293	8.7215395	0.9457632	-3.7501514
1663078644304	9.434899	1.0031909	-2.8669007
1663078644316	10.384252	1.0438689	-2.1858435
1663078644327	11.046166	1.1120644	-1.8433708
1663078644339	11.040185	0.9589237	-2.053939
1663078644450	10.506286	0.56380886	-2.7038896
1663078644463	9.795319	0.16630118	-3.382853
1663078644474	9.029017	-0.25244278	-3.8736808
1663078644484	8.438888	-0.36041892	-4.236193
1663078644496	7.984251	-0.13040884	-4.5619164
1663078644507	8.119446	0.28743783	-5.183153
1663078644520	8.631808	0.5937191	-5.580661
1663078644533	8.899805	0.5374878	-5.1664033
1663078644544	8.7682	0.22253251	-4.1201415
1663078644646	8.697611	-0.16031912	-2.9004002
1663078644656	9.05803	-0.38434714	-2.3198416
1663078644664	9.446864	-0.52911294	-2.5268207
1663078644675	9.549755	-0.8353942	-3.036791
1663078644685	9.469596	-1.1623136	-3.4259238
1663078644697	9.152547	-1.2532408	-3.5180476
1663078644709	8.756235	-1.0510473	-3.5180476
1663078644721	8.580363	-0.6332007	-3.4474592
1663078644727	8.752646	0.15553348	-3.4462628
1663078644733	8.918947	0.6858428	-3.8641095
1663078644739	9.126225	0.7791629	-4.3319063
1663078644771	8.488239	-1.224527	-5.9156556
1663078644779	9.404989	-1.9247267	-3.5527434
1663078644785	9.865907	-1.1132607	-1.5260227
1663078644792	9.734302	-0.6200402	-1.3669
