Timestamp 	 X 	 Y 	 Z 
1663926866690	0.03771982	0.005497625	-0.0038941512
1663926866897	0.0060321167	-0.018707197	0.013896775
1663926867075	-0.048409645	-0.020005248	-0.0019852535
1663926867269	-0.038177952	-0.015423893	0.011682454
1663926867489	0.010689827	0.02107423	0.012064233
1663926867738	0.0051158457	0.035887275	0.008857286
1663926867968	0.00167983	0.0070247436	-0.003436016
1663926868089	-0.04146126	-0.006566608	0.0012980504
1663926868286	-0.008780929	0.00671932	3.0542363E-4
1663926868501	-0.025579229	0.006566608	-9.926268E-4
1663926868683	-0.010002624	0.0053449133	-0.007941014
1663926868892	0.0070247436	-0.00503949	9.162709E-4
1663926869084	0.0053449133	-0.022524992	-0.0028251687
1663926869284	0.0077883024	-0.0061848285	-0.008780929
1663926869479	-0.011300675	-0.02687728	0.009315421
1663926869697	0.0038177953	-0.013744064	-0.008933641
1663926869894	-0.0027488125	0.0038941512	0.014889402
1663926870093	-0.03749075	-0.027106347	0.013896775
1663926870295	-0.0023670332	6.8720314E-4	0.0071774554
1663926870479	0.02015796	-0.052303795	-0.0070247436
1663926870733	0.024662958	0.026571855	-0.006872032
1663926870923	-0.038865156	-0.03397838	0.012064233
1663926871136	-0.010537115	-0.026342789	-0.0014507623
1663926871353	0.008704574	-0.018478129	-0.0056503373
1663926871526	0.014507622	-0.010766183	-0.020387027
1663926871737	0.009009997	-0.023975754	-0.008246438
1663926871941	0.013514996	0.0012216945	-0.014507622
1663926872129	-0.015805673	0.016951011	0.0013744063
1663926872351	-0.0684149	0.06291727	-0.061466504
1663926872541	0.036879905	0.006795676	-0.03191677
1663926872744	-7.635591E-4	-9.162709E-4	-0.06207735
1663926872963	-0.07154548	0.009009997	-0.100866154
1663926873114	-0.18317783	-0.07566871	-0.10735641
1663926873346	0.02535016	-0.0413849	0.13209572
1663926873558	0.38643724	0.08635853	0.21089502
1663926873720	0.1738624	0.028328042	0.1546207
1663926873915	0.10720369	-0.0775776	0.18187977
1663926874117	-0.19852535	-0.17432053	-0.24243
1663926874377	-0.32924667	0.15126105	-0.2580066
1663926874530	-0.009620844	-0.008322794	-0.027488127
1663926874791	0.3302393	0.100637086	0.1123959
1663926874968	0.39140037	0.028709821	0.09773556
1663926875160	0.18714833	-0.004963134	0.1357608
1663926875368	-0.19631104	-0.061695572	-0.31214294
1663926875562	-0.46867257	0.19753273	-0.2760266
1663926875752	-0.21242213	-0.046271678	0.023288552
1663926875972	0.23647425	-0.007406523	0.109265305
1663926876169	0.5192965	-0.011224318	0.20715357
1663926876397	0.3575747	-0.09689565	0.105371155
1663926876573	-0.070858285	-0.21540001	-0.0943759
1663926876755	-0.669794	0.44630027	-0.33955473
1663926876979	-0.1655396	-0.167983	0.019623468
1663926877220	-0.025808297	-0.09834641	0.14438902
1663926877420	0.45706648	0.14393088	0.16324893
1663926877596	0.36757734	-0.08383878	0.17615308
1663926877863	-0.12766708	-0.27961534	-0.110868774
1663926878040	-0.3425326	0.24861483	-0.2519745
1663926878219	-0.16966283	-0.06352811	0.050089475
1663926878419	-0.011682454	-0.190508	0.20135053
1663926878620	0.36811182	0.24808034	0.13171394
1663926878821	0.19692189	-0.12720895	0.1227803
1663926879012	-0.044133715	-0.023975754	-0.21692713
1663926879206	-0.41331452	0.228915	-0.32100025
1663926879401	-0.17760384	-0.070018366	-0.057343286
1663926879626	0.14790139	0.011453386	0.115373775
1663926879892	0.5179221	0.21707985	0.15477343
1663926880041	0.39330927	-0.1078909	0.104760304
1663926880221	0.029931515	-0.24181916	-0.030542362
1663926880459	-0.43163994	0.24685864	-0.3232909
1663926880634	-0.31809872	-0.15798037	-1.5271181E-4
1663926880875	-0.15904936	-0.1182753	0.07887565
1663926881034	0.4396573	0.14125843	0.14599249
1663926881252	0.2892362	-0.00503949	0.16401249
1663926881471	0.018936265	-0.2547233	-1.5271181E-4
1663926881682	-0.68911207	0.44950724	-0.38468108
1663926881904	-0.22899136	-0.24250636	-0.017638214
1663926882101	0.10017895	-0.25205085	0.13843326
1663926882295	0.45065257	0.2048629	0.17393875
1663926882475	0.29244313	-0.10109522	0.06291727
1663926882636	-0.12530005	-0.14790139	-0.13797513
1663926882951	-0.4359159	0.039857782	-0.120947756
1663926883122	-0.21677442	-0.0031305922	0.016569233
1663926883294	0.022906773	-0.038177952	0.13537902
1663926883494	0.38193226	0.29809347	0.14225106
1663926883649	0.25327253	-0.047111593	0.13828056
1663926883885	7.635591E-5	-0.16660859	-0.03642177
1663926884091	-0.49868044	0.2190651	-0.30366746
1663926884262	-0.08926006	-0.17684028	-0.02145601
1663926884476	-0.06765133	-0.31351736	0.14484715
1663926884677	0.59885937	0.32252735	0.108425386
1663926884883	0.28389126	-0.1388914	0.06024481
1663926885103	-0.070858285	-0.18966807	-0.1416402
1663926885284	-0.49990213	0.2832804	-0.30023143
1663926885481	-0.12446013	-0.021608721	0.0193944
1663926885763	-0.07337803	-0.12759072	0.14423631
1663926885910	0.45729554	0.30007872	0.16271444
1663926886112	0.34711397	-0.074447006	0.07116371
1663926886322	-0.046958882	-0.20944425	-0.017027367
1663926886494	-0.53227705	0.2850366	-0.29381752
1663926886704	-0.1582858	-0.18042901	-0.03634541
1663926886875	-0.04382829	-0.20188501	0.14041851
1663926887094	0.48165306	0.45760095	0.16469969
1663926887289	0.31321192	-0.22135578	0.057343286
1663926887496	0.042835664	-0.15927842	-0.22868595
1663926887713	-0.51463884	0.2619771	-0.26678753
1663926887938	-0.12102412	-0.1357608	0.063375406
1663926888130	-0.010613471	-0.13087402	0.20394664
1663926888341	0.501811	0.29297763	0.12071869
1663926888513	0.27098712	-0.09414683	0.1040731
1663926888723	-0.25311983	-0.14698513	-0.1712663
1663926888940	-0.45324868	0.05688515	-0.18149799
1663926889136	-0.12461284	-0.051463883	0.010842538
1663926889332	0.15981291	0.006795676	0.14362547
1663926889523	0.5433486	0.08819107	0.1408003
1663926889717	0.25709033	-0.10728005	-0.0066429637
1663926889941	-0.40812233	-0.005879405	-0.28908345
1663926890128	-0.6426113	0.13652436	-0.115908265
1663926890370	-0.19562383	-0.10483666	0.11888615
1663926890698	0.15217732	-0.06306998	0.1738624
1663926890825	0.5695387	0.22578442	0.1672958
1663926890957	0.35261157	-0.11338852	0.09964446
1663926891132	-0.20776442	-0.18172707	-0.13591352
1663926891398	-0.43538138	0.08177718	-0.25724304
1663926891555	-0.19867808	-0.06963659	0.045279052
1663926891808	-0.060168456	-0.11697725	0.17928366
1663926892000	0.4970006	0.23815407	0.092237934
1663926892220	0.27037627	-0.09827005	0.04314109
1663926892405	-0.14209834	-0.14790139	-0.16233265
1663926892627	-0.4517979	0.14790139	-0.19279866
1663926892830	-0.29083964	-0.022066858	0.036956258
1663926893027	0.106211066	-0.09796463	0.16576867
1663926893190	0.49982578	0.2081462	0.11545013
1663926893405	0.31970218	-0.057343286	0.07368345
1663926893627	-0.16111097	-0.1376697	-0.039017867
1663926893864	-0.5451048	0.20822255	-0.24685864
1663926894025	-0.092237934	-0.14064758	-0.033749312
1663926894214	0.09155073	-0.16569231	0.035734564
1663926894412	0.31130302	0.24800399	0.0035887277
1663926894672	0.08903099	0.05619795	-0.008551862
