Timestamp 	 X 	 Y 	 Z 
1663771217186	9.485149	-0.63798636	-0.65353966
1663771217189	9.140582	-1.1790633	-2.5579274
1663771217193	9.292527	-0.31106696	-4.2098722
1663771217198	9.273384	-0.69182485	-2.678765
1663771217236	9.533006	-0.689432	-2.1317058
1663771217241	9.510274	-0.5949155	-2.4454648
1663771217251	9.45165	-0.5626124	-2.5579274
1663771217260	9.530613	-0.5386842	-2.481357
1663771217266	9.554541	-0.56859446	-2.4993033
1663771217273	9.554541	-0.50159544	-2.4993033
1663771217277	9.513863	-0.42502514	-2.5088747
1663771217281	9.404989	-0.42382872	-2.6129622
1663771217379	9.339187	-0.4968098	-2.6703901
1663771217388	9.352347	-0.53988063	-2.6153553
1663771217397	9.404989	-0.52552366	-2.5579274
1663771217405	9.450453	-0.51475596	-2.5806592
1663771217413	9.442079	-0.53389853	-2.5710878
1663771217444	9.488738	-0.5159524	-2.5495524
1663771217455	9.55813	-0.474078	-2.5758736
1663771217467	9.537791	-0.36161533	-2.7230322
1663771217477	9.485149	-0.2955136	-2.7795627
1663771217487	9.400204	-0.2739782	-2.6703901
1663771217517	9.335598	-0.32063824	-2.6476583
1663771217631	9.336794	-0.37357944	-2.7122645
1663771217641	9.391829	-0.36400816	-2.780759
1663771217651	9.415757	-0.30388847	-2.7855446
1663771217662	9.462418	-0.21535404	-2.7568307
1663771217672	9.485149	-0.18065812	-2.7158537
1663771217682	9.471989	-0.23569304	-2.6715865
1663771217692	9.382257	-0.25842485	-2.7206392
1663771217702	9.35474	-0.25004998	-2.8082764
1663771217722	9.45165	-0.27158538	-2.82383
1663771217733	9.513863	-0.38434714	-2.6823542
1663771217839	9.474381	-0.4645067	-2.6009982
1663771217854	9.444471	-0.4441677	-2.5914268
1663771217864	9.460024	-0.43938205	-2.6129622
1663771217871	9.4636135	-0.45014977	-2.6799614
1663771217882	9.4229355	-0.48125646	-2.7158537
1663771217892	9.327223	-0.5195416	-2.7242286
1663771217902	9.256635	-0.5183452	-2.6775684
1663771217911	9.203992	-0.56380886	-2.6201408
1663771217924	9.241081	-0.5925227	-2.6344976
1663771217935	9.366704	-0.55064833	-2.7062824
1663771217945	9.542577	-0.54705906	-2.8226335
1663771218040	9.605089	-0.5769694	-2.8788648
1663771218054	9.579665	-0.51475596	-2.8752756
1663771218064	9.440882	-0.4441677	-2.778366
1663771218072	9.35474	-0.36041892	-2.644069
1663771218085	9.3511505	-0.24646074	-2.62373
1663771218094	9.4432745	-0.18424734	-2.737389
1663771218104	9.595518	-0.24646074	-2.6751757
1663771218110	9.777372	-0.37238303	-2.544767
1663771218122	9.800104	-0.5697909	-2.5339992
1663771218134	9.562916	-0.77796644	-2.6416762
1663771218145	9.30808	-0.8569296	-2.7640092
1663771218153	9.122637	-0.7468598	-2.748456
1663771218242	8.993125	-0.5697909	-2.6608188
1663771218257	8.981161	-0.35443684	-2.626123
1663771218265	9.132208	-0.25962126	-2.6452653
1663771218270	9.415757	-0.31345975	-2.6871397
1663771218282	9.700802	-0.39870408	-2.7014968
1663771218293	9.816854	-0.5195416	-2.7110682
1663771218316	9.650553	-0.6367899	-2.7652056
1663771218326	9.455238	-0.57816577	-2.774777
1663771218335	9.287741	-0.5662017	-2.7903304
1663771218346	9.172886	-0.52193445	-2.8381867
1663771218381	9.105886	-0.40588254	-2.8573294
1663771218394	9.211171	-0.24765715	-2.8465617
1663771218404	9.401401	-0.101694964	-2.862115
1663771218444	9.476774	-0.06699903	-2.984149
1663771218458	9.485149	-0.08733802	-3.0523443
1663771218470	9.499506	-0.1363909	-2.972185
1663771218482	9.378669	-0.23808585	-2.827419
1663771218528	9.389436	-0.3364907	-2.6883361
1663771218540	9.438489	-0.43100718	-2.748456
1663771218632	9.407382	-0.47886363	-2.8202405
1663771218646	9.314062	-0.33409786	-2.8465617
1663771218656	9.227921	-0.09092726	-2.7843482
1663771218670	9.015857	-0.14356937	-2.76042
1663771218681	9.012267	-0.317049	-3.1767712
1663771218689	9.489935	-0.31106696	-2.8860433
1663771218702	9.74148	-0.52552366	-2.6991038
1663771218712	9.812068	-0.811466	-2.644069
1663771218738	9.607482	-1.0857433	-2.4382863
1663771218749	9.434899	-1.0773684	-2.2791636
1663771218840	9.2590275	-0.8665009	-1.9929222
1663771218856	8.902198	-0.9625129	-2.5746772
1663771218866	9.15135	-0.89431745	-2.7628129
1663771218873	9.567701	-0.69182485	-2.6464617
1663771218884	9.67807	-0.78035927	-2.6069803
1663771218894	9.839586	-0.8006983	-2.5782664
1663771218904	9.743873	-0.750449	-2.7266214
1663771218912	9.536594	-0.7516454	-2.8489544
1663771218925	9.29133	-0.79471624	-2.8728826
1663771218935	9.108279	-0.77318084	-2.894418
1663771218942	9.05803	-0.6559325	-2.9781668
1663771219046	9.110672	-0.4657031	-3.0786655
1663771219057	9.225528	-0.30987054	-3.152843
1663771219067	9.365508	-0.21655045	-3.1540394
1663771219078	9.4432745	-0.23090738	-3.1432717
1663771219087	9.454042	-0.3711866	-3.0607193
1663771219097	9.413364	-0.5662017	-2.9183464
1663771219111	9.303294	-0.7289136	-2.8142586
1663771219121	9.245867	-0.7719844	-2.841776
1663771219131	9.269794	-0.69541407	-2.8860433
1663771219144	9.353543	-0.5709873	-2.8334012
1663771219156	9.482756	-0.4884349	-2.7278178
1663771219166	9.519845	-0.42981076	-2.6404798
1663771219242	9.475577	-0.40468612	-2.6476583
1663771219257	9.399008	-0.45852464	-2.6859434
1663771219266	9.357133	-0.57457656	-2.7218359
1663771219272	9.3308115	-0.67028946	-2.740081
1663771219281	9.346365	-0.67387867	-2.7520452
1663771219294	9.381062	-0.6332007	-2.6715865
1663771219316	9.4432745	-0.60687965	-2.6105695
1663771219329	9.471989	-0.6056832	-2.5591238
1663771219338	9.530613	-0.58534425	-2.5698915
1663771219380	9.5557375	-0.5602196	-2.603391
1663771219392	9.565309	-0.59970117	-2.6309085
1663771219401	9.52822	-0.65952176	-2.62373
1663771219409	9.458828	-0.7001997	-2.6285157
1663771219444	9.377472	-0.70977104	-2.6009982
1663771219456	9.32124	-0.70977104	-2.597409
1663771219469	9.347562	-0.6798607	-2.5639095
1663771219477	9.395418	-0.63798636	-2.5375884
1663771219529	9.462418	-0.5985048	-2.5208387
1663771219541	9.52822	-0.5769694	-2.5543382
1663771219551	9.525827	-0.6667002	-2.5615165
1663771219631	9.55813	-0.7935198	-2.4885356
1663771219644	9.546165	-0.8880363	-2.4263222
1663771219654	9.518648	-1.0091729	-2.3425734
1663771219662	9.534202	-1.1180464	-2.1628125
1663771219671	9.5353985	-1.1670992	-2.117349
1663771219682	9.506684	-1.1276177	-2.28036
1663771219694	9.407382	-0.9768698	-2.5172493
1663771219728	9.237492	-0.7612167	-2.6715865
1663771219737	9.105886	-0.44656053	-2.7278178
1663771219854	9.136993	-0.17467605	-2.76042
1663771219864	9.296116	0.02871387	-2.7556343
1663771219875	9.509077	0.07058827	-2.6608188
1663771219887	9.646963	-0.019142581	-2.5842485
1663771219896	9.590433	-0.15672988	-2.6404798
1663771219904	9.564112	-0.3484548	-2.6416762
1663771219914	9.553345	-0.5243273	-2.565106
1663771219924	9.561719	-0.62482584	-2.4035904
1663771219937	9.546165	-0.750449	-2.2671995
1663771219946	9.461221	-0.79950184	-2.2576282
1663771219956	9.361918	-0.7576275	-2.2348964
1663771220045	9.315259	-0.6583253	-2.2217357
1663771220058	9.353543	-0.6044868	-2.1918256
1663771220067	9.48156	-0.56141603	-2.181058
1663771220076	9.627821	-0.59611195	-2.2061825
1663771220087	9.716355	-0.63559353	-2.2612174
1663771220097	9.686445	-0.7743772	-2.3222344
1663771220106	9.589237	-0.86889374	-2.3844478
1663771220115	9.473185	-0.90388876	-2.3940191
1663771220127	9.408579	-0.81984085	-2.3928227
1663771220137	9.369097	-0.7516454	-2.347359
1663771220146	9.333204	-0.7085746	-2.3365912
1663771220154	9.370294	-0.7049854	-2.3054845
1663771220243	9.438489	-0.74207413	-2.2528424
1663771220261	9.531809	-0.78753775	-2.254039
1663771220274	9.609875	-0.8210373	-2.2983062
1663771220287	9.646963	-0.76241314	-2.309074
1663771220296	9.606286	-0.6643074	-2.3377876
1663771220306	9.54138	-0.6116653	-2.3629124
1663771220325	9.504292	-0.5626124	-2.3832514
1663771220336	9.449257	-0.53629136	-2.4047868
1663771220349	9.408579	-0.5937191	-2.3952155
1663771220380	9.406186	-0.64875406	-2.382055
1663771220393	9.449257	-0.7049854	-2.4227328
1663771220405	9.510274	-0.71694946	-2.4239295
1663771220416	9.517452	-0.68225354	-2.4119651
1663771220444	9.529416	-0.6511469	-2.379662
1663771220459	9.513863	-0.6619146	-2.3712873
1663771220471	9.450453	-0.6547361	-2.3569303
1663771220481	9.4432745	-0.6008976	-2.3832514
1663771220529	9.515059	-0.56141603	-2.3784657
1663771220538	9.590433	-0.55782676	-2.3892334
1663771220547	9.6122675	-0.57457656	-2.4023938
1663771220633	9.603892	-0.5925227	-2.428715
1663771220644	9.553345	-0.6475576	-2.4538395
1663771220654	9.460024	-0.7360921	-2.4059832
1663771220665	9.377472	-0.7265208	-2.4059832
1663771220675	9.30808	-0.71216387	-2.3904297
1663771220684	9.286545	-0.73489565	-2.2468605
1663771220692	9.373882	-0.7935198	-2.1281166
1663771220724	9.471989	-0.80189466	-2.1723838
1663771220735	9.536594	-0.8234301	-2.2899313
1663771220746	9.572487	-0.8449655	-2.3712873
1663771220756	9.510274	-0.81984085	-2.2612174
1663771220838	9.425328	-0.7468598	-2.120938
1663771220856	9.381062	-0.68105716	-2.1017957
1663771220865	9.413364	-0.65952176	-2.1652055
1663771220872	9.467203	-0.74207413	-2.2384856
1663771220880	9.486345	-0.8425727	-2.2612174
1663771220891	9.492328	-0.96849495	-2.2552354
1663771220902	9.452846	-1.0426725	-2.2420747
1663771220915	9.450453	-1.0187442	-2.2492533
1663771220944	9.4229355	-0.9314062	-2.2612174
1663771220955	9.425328	-0.8449655	-2.239682
1663771221042	9.400204	-0.7181459	-2.248057
1663771221053	9.413364	-0.63559353	-2.2959132
1663771221062	9.470792	-0.6260222	-2.3162522
1663771221071	9.52822	-0.7468598	-2.268396
1663771221084	9.593125	-0.91346	-2.2025933
1663771221095	9.629018	-1.0342976	-2.213361
1663771221102	9.611072	-1.1264212	-2.2875385
1663771221131	9.470792	-1.1551352	-2.4598217
1663771221142	9.275777	-1.0654043	-2.5292134
1663771221151	9.217153	-0.8665009	-2.5507488
1663771221161	9.312865	-0.5267201	-2.6548367
1663771221249	9.5760765	-0.1268196	-2.8250263
1663771221261	9.973584	0.15074782	-3.0762727
1663771221270	10.141082	0.31016964	-3.502494
1663771221280	9.895817	0.4142574	-3.926323
1663771221290	9.35474	0.41545382	-3.9681973
1663771221300	8.604291	0.34606197	-3.559922
1663771221361	7.913663	0.31974092	-3.0332017
1663771221376	7.4216385	0.28863424	-2.3581266
1663771221384	7.9794655	0.2117648	-1.16351
1663771221391	8.674879	-0.13519448	-0.9610174
1663771221400	10.080065	-0.42981076	-1.1204392
1663771221411	11.358729	-0.5602196	-2.3784657
1663771221421	12.31855	-0.43818563	-3.0702906
1663771221444	11.777473	-0.20817557	-2.672783
1663771221460	10.176077	0.014356935	-2.1197417
1663771221473	8.922537	0.30418757	-1.8541385
1663771221485	8.186444	0.53270215	-1.8613169
1663771221532	7.7004023	0.5027919	-1.9965113
1663771221545	7.693224	0.47048876	-1.6950158
1663771221554	8.479864	0.40468612	-1.1228321
1663771221614	9.646963	0.086141616	-0.48454657
1663771221626	10.756635	-0.2835495	-0.44626144
1663771221636	10.787742	-0.4645067	-0.8353942
1663771221647	11.723635	-1.0342976	-1.1216356
1663771221657	12.203694	-0.93619186	-2.184647
1663771221665	10.450055	-0.23090738	-5.2692947
1663771221672	10.045368	0.050249275	-6.0891356
1663771221723	10.451251	0.38315073	-4.256532
1663771221734	10.307682	0.35682967	-3.1540394
1663771221743	9.835997	-0.0741775	-3.6807594
1663771221752	10.226326	0.041874398	-4.028018
1663771221764	9.88146	0.08015956	-3.671188
1663771221775	7.9651084	-0.7109674	-3.7645082
1663771221838	6.3741803	-1.7476579	-4.226622
1663771221855	6.1393847	-1.8206389	-3.9454653
1663771221867	5.9383874	-1.611267	-3.6161532
1663771221876	6.148956	-1.3633107	-3.321836
1663771221887	7.263413	-0.8641081	-3.0212376
1663771221956	8.622237	-0.62123656	-2.7338
1663771221971	9.778569	-0.98644114	-2.748456
1663771221983	11.440085	-0.6786643	-2.4358935
1663771221991	11.46162	-0.4226323	-2.1771696
1663771222002	10.634302	-0.8569296	-2.309074
1663771222044	9.802497	-1.2723835	-2.9004002
1663771222056	9.24826	-1.4374882	-2.3832514
1663771222065	8.622237	-1.8756739	-1.0749756
1663771222076	8.976375	-1.4988043	-0.38763726
1663771222085	9.835997	-0.42502514	-0.58893347
1663771222154	10.515858	-0.2883351	-0.96819586
1663771222165	10.971989	-0.5099703	-1.0977074
1663771222177	11.380264	-0.7899306	-2.2767708
1663771222189	11.084452	-1.4641083	-4.975875
1663771222245	9.865907	-2.8334012	-5.4499526
1663771222253	11.0557375	-3.441477	-4.49731
1663771222259	13.1231365	-2.4179473	-2.841776
1663771222265	12.20848	-0.88683987	-3.1959138
1663771222271	10.31486	0.05623133	-4.9471607
1663771222276	8.488239	0.8428718	-4.692325
1663771222358	6.3574305	0.86081797	-4.01725
1663771222365	5.0799623	0.6942177	-3.7238302
1663771222371	5.035695	0.72053874	-4.0830526
1663771222378	6.3801622	0.92183495	-4.1440697
1663771222385	8.449655	0.9804591	-3.7704902
1663771222392	10.089636	0.19262223	-2.8728826
1663771222398	10.635498	-0.9936196	-3.3732817
1663771222443	10.336395	-0.93738824	-4.1428733
1663771222455	9.415757	-0.46331027	-2.8537402
1663771222470	8.604291	0.32333016	-1.9091734
1663771222482	8.479864	1.1335998	-1.7548363
1663771222505	8.477471	1.1539388	-2.1556342
1663771222515	8.823235	0.6475576	-1.9510478
1663771222572	9.208778	0.05623133	-1.311865
1663771222586	9.458828	-0.80189466	-0.7073782
1663771222612	9.326026	-1.8912272	-0.31226337
1663771222624	9.160921	-2.28036	-0.31465617
1663771222636	9.005089	-1.8206389	-0.9490533
1663771222645	8.839984	-0.8748758	-2.3605196
1663771222657	9.41815	0.3173481	-2.6321049
1663771222754	11.359925	1.7081763	-2.1628125
1663771222768	12.75195	1.6196418	-4.1105704
1663771222778	12.58206	0.7683952	-7.0695944
1663771222789	12.600006	0.23838496	-5.0084767
1663771222803	12.347264	0.25034907	-2.705086
1663771222815	10.741082	-0.31345975	-3.268895
1663771222845	8.168498	-0.7827521	-3.170789
1663771222857	6.1525455	-1.102493	-2.8956144
1663771222867	5.142475	-1.2424731	-3.3170505
1663771222873	5.4355955	-1.3034902	-4.0220356
1663771222881	6.4005013	-1.5346966	-3.8868413
1663771222892	7.750652	-1.6423737	-2.9135606
1663771222905	9.365508	-1.2783655	-1.785943
1663771222977	10.272985	-0.8808578	-2.635694
1663771222988	10.434502	-0.5315057	-3.7716868
1663771222998	9.639785	-0.8461619	-3.39721
1663771223046	9.171689	-1.3357933	-2.4430718
1663771223063	8.945269	-1.4653047	-2.6452653
1663771223072	8.787342	-1.5179468	-2.7098715
1663771223085	8.89502	-1.5071791	-2.184647
1663771223096	8.978767	-1.4856437	-1.5463617
1663771223129	9.353543	-0.8676973	-1.5463617
1663771223141	9.786943	-0.0741775	-1.8421743
1663771223152	9.782158	0.13399807	-1.9630119
1663771223162	9.905389	-0.15433706	-1.3968102
1663771223172	10.139885	-0.49800622	-0.5422734
1663771223181	10.179666	-0.770788	-0.24646074
1663771223242	10.180862	-1.0402796	-0.33738798
1663771223257	9.728319	-1.1611172	-1.218545
1663771223266	9.274581	-1.623231	-1.0725827
1663771223278	10.362717	-2.0231316	-1.867299
1663771223288	11.289337	-1.8948164	-3.6137605
1663771223362	12.032608	-1.7632111	-5.4260244
1663771223375	12.983156	-1.8960128	-5.280062
1663771223386	11.364711	-1.6603198	-4.3761735
1663771223393	8.926126	-1.3776677	-3.9000018
1663771223405	8.196015	-0.4657031	-3.2557342
1663771223415	7.9363947	0.0035892338	-3.0499516
1663771223444	8.308478	-0.24646074	-2.9004002
1663771223459	9.035298	-1.0522437	-3.1971102
1663771223471	9.828818	-1.439881	-3.2700913
1663771223483	10.232307	-1.4183456	-3.2832518
1663771223564	9.29492	-1.4772689	-2.8345976
1663771223577	8.032107	-1.631606	-2.4598217
1663771223587	7.57119	-1.3166506	-2.8633113
1663771223599	8.056036	-0.22731815	-2.7412775
1663771223612	8.595916	0.5315057	-1.7919251
1663771223630	9.113065	0.9457632	-1.0833504
1663771223639	9.180064	0.90149593	-1.265205
1663771223651	9.09153	0.2862414	-1.317847
1663771223661	9.06162	-0.91346	-0.66071814
1663771223674	9.30808	-2.1834507	-0.18424734
1663771223723	9.625428	-2.8034909	-0.1698904
1663771223738	9.797711	-2.7305098	-0.076570325
1663771223748	9.123833	-2.3437698	-0.22253251
1663771223760	8.012965	-1.907977	-1.4015958
1663771223792	8.206783	-0.79830545	-2.864508
1663771223805	9.986745	0.28145576	-4.2589254
1663771223835	12.403794	1.9067806	-5.9300127
1663771223848	15.585351	2.4705894	-7.772187
1663771223858	15.228821	1.4377873	-4.05075
1663771223871	13.237992	0.46809593	-1.8026928
1663771223884	9.710373	-0.56500524	-3.2270205
1663771223895	6.316753	-1.2053844	-2.6799614
1663771223905	4.5305104	-1.4338989	-3.0690942
1663771223944	3.9128633	-1.5538392	-3.1097722
1663771223957	5.0883374	-1.5466608	-3.8207395
1663771223994	6.6314087	-1.4916258	-4.234997
1663771224007	8.691629	-1.1874382	-3.4007993
1663771224033	10.830812	-0.57577294	-2.6069803
1663771224047	12.483953	0.33170503	-2.382055
1663771224058	11.0042925	-0.26081768	-2.2660031
1663771224068	9.426525	-1.0067801	-2.2229323
1663771224129	8.525328	-1.41356	-2.5938199
1663771224144	8.223534	-1.9438694	-2.9039893
1663771224153	8.335996	-2.42034	-2.015654
1663771224164	8.467601	-2.103291	-1.3692927
1663771224196	8.627023	-1.2029916	-1.3310076
1663771224208	8.939286	-0.4322036	-1.3226327
1663771224245	9.389436	-0.039481573	-1.2436695
1663771224257	9.960423	0.086141616	-0.78873414
1663771224267	10.367502	-0.689432	-0.2656033
1663771224280	10.5900345	-1.5526428	-0.9179466
1663771224291	10.129117	-1.9618155	-1.7703897
1663771224381	9.573684	-2.510071	-1.9067806
1663771224395	10.793724	-2.3150558	-1.9331015
1663771224409	10.989935	-1.9127626	-3.3000016
1663771224420	11.134701	-2.1272194	-4.3211384
1663771224430	11.857932	-2.4933212	-4.5272202
1663771224440	12.505489	-1.6208383	-2.7915268
1663771224452	12.11516	-0.02871387	-4.2948174
1663771224468	10.808081	0.7962117	-5.300401
1663771224479	8.48465	0.20219351	-4.2505503
1663771224489	6.9451675	-0.669093	-3.2389846
1663771224602	6.5129642	-0.933799	-3.3792639
1663771224616	7.6645103	-0.23569304	-4.473382
1663771224626	8.436495	0.45134616	-5.232206
1663771224634	8.638987	0.7516454	-4.5284166
1663771224648	8.023732	0.6906284	-3.2473595
1663771224659	8.283354	0.7480562	-1.9199411
1663771224670	8.672486	0.7743772	-1.4362918
1663771224684	9.085547	0.5709873	-1.4973087
1663771224695	9.366704	-0.023928227	-1.5176477
1663771224705	9.2590275	-0.7217351	-1.4063815
1663771224795	8.908179	-1.2089736	-1.4303098
1663771224806	8.868698	-1.8194425	-1.1539388
1663771224815	8.410173	-2.4502504	-0.70977104
1663771224827	8.65454	-2.5220351	-0.38404804
1663771224839	9.367901	-2.2217357	-0.12083755
1663771224850	10.020244	-1.0594223	-0.8665009
1663771224863	9.9293165	0.058624156	-1.9761724
1663771224875	10.511071	0.9613165	-2.9482565
1663771224885	12.101999	1.8517456	-3.7896328
1663771224897	13.042977	2.0721843	-6.669993
1663771224907	11.781062	0.41784665	-6.9224358
1663771224917	11.193325	-0.88325065	-3.095415
1663771224927	12.234801	-0.9768698	-1.6962122
1663771224957	10.977971	-1.3513466	-3.0798619
1663771224971	8.697611	-1.2771691	-3.999304
1663771224995	6.799206	-1.0474582	-4.3378882
1663771225008	5.4427743	-0.80787677	-4.62413
1663771225045	5.2106705	-0.4764708	-4.6875396
1663771225057	5.427221	-0.61046886	-4.051946
1663771225065	6.8685975	-0.5243273	-3.3122647
1663771225077	8.850752	-0.33050862	-1.4087744
1663771225128	10.011869	-0.47048876	-1.2795619
1663771225140	10.809278	-0.9696914	-2.6249263
1663771225150	10.482358	-1.7069799	-2.6943183
1663771225165	9.942477	-2.0120647	-2.1604197
1663771225197	9.523434	-2.091327	-2.5519454
1663771225209	9.247063	-2.0662024	-2.5938199
1663771225219	9.148957	-1.7703897	-2.2061825
1663771225239	8.714361	-1.3489537	-1.7380866
1663771225252	8.599505	-0.57936215	-1.466202
1663771225264	9.048459	0.28384858	-1.4231312
1663771225382	9.688838	0.9098708	-1.0953146
1663771225406	9.808479	0.39870408	-1.1335998
1663771225416	9.900602	-0.4776672	-1.7823538
1663771225428	9.785748	-1.1431711	-2.457429
1663771225441	9.654142	-1.9677975	-1.9701903
1663771225457	10.201201	-2.0901306	-0.5626124
1663771225473	11.381461	-1.6962122	-1.1850454
1663771225487	12.197713	-1.4374882	-3.4558342
1663771225500	11.345569	-2.4023938	-4.3534417
1663771225511	11.473584	-3.8473597	-4.517649
1663771225524	12.541382	-3.1423743	-1.9163518
1663771225602	11.456835	-1.2675978	-3.5635111
1663771225614	9.475577	-0.25004998	-4.816752
1663771225623	7.8128653	0.3711866	-4.1021953
1663771225632	6.535696	0.7827521	-3.6281173
1663771225641	6.0484576	1.2005987	-3.6089747
1663771225655	6.428019	1.5251254	-3.950251
1663771225666	6.896115	1.4820545	-3.9418762
1663771225674	7.693224	1.0007981	-3.0726833
1663771225687	9.01466	-0.10289137	-2.9685955
1663771225699	10.404591	-0.80787677	-3.5084763
1663771225797	11.747562	-1.0689936	-2.0240288
1663771225815	10.59841	-1.6459628	-1.2113664
1663771225824	9.824033	-1.1862419	-0.9837492
1663771225834	9.382257	-0.2739782	-1.2424731
1663771225847	8.93809	0.45613182	-1.3334004
1663771225857	8.780164	0.6774679	-1.7021942
1663771225866	8.636594	0.41306102	-1.4829519
1663771225873	8.469994	-0.3376871	-0.48215377
1663771225886	8.758628	-1.1958131	0.092422776
1663771225900	9.131011	-1.7620147	0.16061822
1663771225914	9.512667	-1.7991035	0.2324029
1663771225924	9.419347	-1.6471593	-0.42711884
1663771225999	8.694022	-1.625624	-1.7321045
1663771226017	9.182457	-1.0127622	-3.2581272
1663771226027	11.016256	0.2635096	-3.5790644
1663771226039	13.933406	2.1355941	-7.4623165
1663771226051	15.199807	2.4912274	-8.380562
1663771226061	13.271492	1.1599208	-1.3034902
1663771226070	11.901003	0.23120649	-1.5116657
1663771226081	9.285348	-0.30867413	-3.2461631
1663771226089	6.903293	-0.46929234	-3.7764723
1663771226126	5.7816577	-0.5075775	-4.072285
1663771226134	5.427221	-0.49202415	-4.5966125
1663771226145	5.543273	-0.78753775	-5.2740803
1663771226154	5.756533	-1.358525	-4.57747
1663771226167	7.6250286	-1.0187442	-2.8800611
1663771226178	9.835997	-0.37238303	-0.9526425
1663771226199	11.041381	-0.10049855	-1.7356937
1663771226247	10.772188	-0.63918275	-2.4969103
1663771226259	9.809675	-1.468894	-2.2743778
1663771226268	9.48156	-1.5574285	-2.2552354
1663771226382	9.052048	-1.6184454	-2.8513472
1663771226397	8.823235	-1.7536399	-2.5040889
1663771226406	9.174082	-1.4593227	-1.1934203
1663771226414	9.128618	-1.0438689	-0.50039905
1663771226427	9.479167	0.031106694	-0.45224348
1663771226436	9.475577	0.41545382	-0.45224348
1663771226445	10.165309	0.3819543	-0.33738798
1663771226455	10.995917	0.35563326	-1.2269198
1663771226468	10.634302	-0.4429713	-1.8002999
1663771226482	10.439287	-1.50359	-1.3393825
1663771226493	11.413764	-1.867299	-2.4275186
1663771226604	11.053345	-1.8661026	-4.4518466
1663771226614	10.664212	-2.4765713	-5.050351
1663771226622	11.642279	-3.1025937	-4.2744784
1663771226631	12.116357	-2.2061825	-2.1472592
1663771226645	10.247861	-0.7396813	-3.8988054
1663771226655	8.072785	-0.05742774	-5.178367
1663771226664	7.2287173	0.29820552	-5.3590255
1663771226672	6.920043	0.5482555	-3.775276
1663771226682	7.5460653	1.1742777	-3.5383866
1663771226693	8.661719	2.0494525	-4.6528435
1663771226725	8.837591	2.0195422	-4.604987
1663771226735	8.489435	0.8859426	-3.6161532
1663771226744	8.094321	-0.67148584	-2.8286154
1663771226751	8.550452	-1.4327025	-1.7787645
1663771226796	9.24826	-1.250848	-0.7253244
1663771226814	9.013464	-1.2233306	-1.1084751
1663771226823	9.747462	-0.51475596	-1.346561
1663771226849	10.3136635	0.33290145	-0.9729815
1663771226865	10.050154	0.59730834	-0.5733801
1663771226876	9.326026	-0.020338992	-0.28953153
1663771226881	8.650951	-1.1467602	0.025124637
1663771226893	8.513364	-2.2552354	0.65982085
1663771226899	8.914162	-2.4263222	0.59970117
1663771226999	9.006286	-1.3824533	-1.50688
1663771227012	9.431311	-0.32183465	-2.676372
1663771227023	10.379466	0.8285148	-1.6399808
1663771227032	10.502697	1.2699906	-0.86889374
1663771227040	10.601999	0.5243273	-2.428715
1663771227050	10.995917	0.2742773	-3.4486556
1663771227060	12.297014	-0.30149564	-7.0863442
1663771227070	13.121941	-0.85214394	-7.0169525
1663771227129	12.680165	0.15194423	-2.0192432
1663771227138	11.608779	-0.6942177	-2.6811578
1663771227146	9.530613	-0.22372891	-2.6416762
1663771227154	7.9351983	0.5087739	-2.408376
1663771227165	6.896115	0.23718855	-3.0032916
1663771227177	5.8127646	-0.6966105	-4.534399
1663771227199	5.595915	-1.183849	-5.9060845
1663771227237	5.5337014	-1.6591234	-5.7517476
1663771227249	6.927222	-1.4482559	-3.5300117
1663771227257	8.958429	-1.0187442	-1.2855439
1663771227383	10.969596	-0.77677006	-1.9642082
1663771227397	11.963216	-0.7253244	-3.1372895
1663771227406	11.046166	-1.1814562	-2.672783
1663771227413	9.969995	-1.6603198	-2.5339992
1663771227425	9.4636135	-1.8098712	-2.461018
1663771227434	8.918947	-1.852942	-2.1340988
1663771227443	8.727522	-1.21017	-1.4434702
1663771227451	9.000303	-0.33529428	-0.6008976
1663771227464	9.501899	0.46929234	-0.6762715
1663771227477	10.059726	1.611267	-0.7480562
1663771227488	10.177273	2.2121646	-0.52552366
1663771227606	9.894621	1.8110676	-0.67387867
1663771227619	9.669696	1.317847	-1.7608184
1663771227629	9.241081	0.19980069	-3.4247274
1663771227638	10.168898	-1.5801603	-6.296414
1663771227650	9.768997	-2.9338996	-7.04447
1663771227662	10.155738	-3.0846474	-6.954739
1663771227672	10.890634	-2.5148566	-4.465007
1663771227685	8.832806	-1.9845473	-2.9039893
1663771227695	8.16132	-0.43938205	-4.619344
1663771227704	10.7279215	0.81894356	-4.8861437
1663771227735	16.818253	-2.225325	1.0737791
1663771227743	17.604893	-6.3681984	0.1271187
1663771227752	10.239487	-8.099107	0.041874398
1663771227762	6.5237317	-6.4160547	-0.21655045
1663771227837	4.4671006	-2.9398818	-1.5858432
1663771227852	1.7739788	-1.1180464	-2.0001006
1663771227865	-0.28384858	-0.2117648	-1.7979071
1663771227875	1.067498	1.1826526	-4.6372905
1663771227884	3.8135612	1.7763717	-10.186844
1663771227892	7.015756	3.950251	-14.012669
1663771227906	10.176077	4.4602213	-8.772985
1663771227916	15.18904	3.1591241	-2.8178477
1663771227945	18.550358	2.1750758	1.0055838
1663771227958	16.19582	-0.9170493	4.479364
1663771227969	11.602797	-3.3672996	4.8996034
1663771228040	9.114262	-3.9909291	3.629613
1663771228059	7.879864	-4.148855	0.85842514
1663771228072	8.528917	-3.7971103	-2.3916261
1663771228083	8.836395	-3.7217364	-5.543273
1663771228091	8.284551	-4.727021	-6.9128647
1663771228100	8.365906	-5.1735816	-4.9340005
1663771228128	11.219646	-1.393221	-0.9059825
1663771228140	15.100506	1.9453648	0.014356935
1663771228151	14.344074	3.0382864	-6.788438
1663771228160	12.358031	3.222534	-7.353443
1663771228240	8.473883	1.6543378	-7.294819
1663771228250	4.733003	0.68464637	-6.518946
1663771228261	2.91715	0.42861435	-7.0815587
1663771228270	2.8558338	0.750449	-8.793324
1663771228280	4.9316072	1.3779668	-8.49781
1663771228290	7.8978105	1.6603198	-4.1500516
1663771228380	12.311372	1.6926229	1.3301103
1663771228388	12.420544	0.2862414	-4.159623
1663771228397	10.809278	-1.0031909	-5.998208
1663771228405	10.069297	-1.0666007	-4.81077
1663771228414	8.978767	-0.5051847	-3.8111682
1663771228422	7.7829547	0.038285162	-3.3433714
1663771228431	7.001399	-0.083748795	-2.8202405
1663771228440	6.8279195	-0.6786643	-2.7436702
1663771228448	7.641778	-0.25603202	-2.1771696
1663771228464	8.914162	0.62123656	-3.8578284
1663771228475	8.386245	0.32452658	-6.5105715
1663771228631	9.387043	0.23479572	-6.856633
1663771228645	10.721939	0.48125646	-6.255736
1663771228658	10.460822	0.78035927	-7.1617184
1663771228667	8.771789	0.8751749	-6.826723
1663771228677	8.520542	0.60687965	-5.1604214
1663771228685	8.665308	0.10887343	-4.595416
1663771228692	8.176873	-0.106480606	-4.6755753
1663771228701	7.47787	0.28145576	-4.537988
1663771228712	7.4252276	0.7432705	-4.1931224
1663771228722	8.222337	1.061815	-3.7920256
1663771228840	9.602696	0.8919246	-3.6652062
1663771228859	11.012667	0.32213375	-3.1683962
1663771228870	11.832508	-0.023928227	-2.6069803
1663771228880	10.810473	-0.37597227	-3.05713
1663771228905	9.602696	-0.6260222	-3.917948
1663771228910	8.727522	-1.0713863	-4.226622
1663771228915	7.871489	-1.8074784	-4.59063
1663771228921	7.766205	-2.251646	-4.558327
1663771228926	7.6011004	-2.687439	-4.324728
1663771228932	7.2418776	-3.309872	-3.7980077
1663771228936	7.173682	-2.9662027	-3.0643084
1663771228940	6.9595246	-1.495215	-2.5794628
1663771228944	7.1952176	0.36520454	-2.4789643
1663771228948	8.006983	1.4916258	-3.7776687
1663771228952	8.406584	1.1395818	-4.996513
1663771229037	9.260223	0.927817	-4.130909
1663771229043	10.468	0.4764708	-2.664408
1663771229049	11.052149	-0.5709873	-1.6507485
1663771229054	10.890634	-1.0857433	-1.0040882
1663771229065	10.723136	-1.8565313	-0.7923234
1663771229122	11.243574	-2.8405795	-1.7811574
1663771229133	11.216057	-3.9909291	-3.2090743
1663771229142	10.537393	-4.6971107	-4.095017
1663771229151	9.807282	-3.4893336	-3.144468
1663771229160	9.710373	-2.1762722	-2.4514468
1663771229239	10.551749	-0.74207413	-3.7980077
1663771229248	11.2603245	1.0917253	-5.831907
1663771229253	11.594422	2.51037	-6.7034926
1663771229259	10.263414	2.2851455	-5.9958153
1663771229267	8.166105	1.6615162	-4.3462634
1663771229321	6.626623	1.1814562	-2.929114
1663771229330	6.0508504	0.8452646	-2.1245275
1663771229339	6.0197434	0.21415763	-2.0252252
1663771229348	6.302396	-0.70259255	-2.6679974
1663771229358	7.0468626	-1.0809577	-3.9897327
1663771229381	7.984251	-1.1479566	-4.7712884
1663771229391	9.626625	-0.79950184	-4.2684965
1663771229399	11.059327	0.029910283	-3.4259238
1663771229451	11.119147	0.7938189	-2.2348964
1663771229461	10.405787	1.590928	-0.98973125
1663771229470	9.171689	1.5514464	-1.2317054
1663771229478	8.410173	0.9720842	-1.5128621
1663771229503	8.069196	0.26111677	-1.7213368
1663771229514	8.221141	-0.541077	-1.9570298
1663771229527	9.12144	-1.0271192	-1.6734804
1663771229537	10.070493	-0.974477	-1.5631114
1663771229633	10.543375	-0.5769694	-1.5284154
1663771229646	10.6307125	-0.39511484	-1.1180464
1663771229655	10.879866	-0.1591227	-0.89401835
1663771229665	10.96481	0.21894327	-1.867299
1663771229673	10.367502	0.08733802	-3.3338
1663771229684	9.287741	-0.85214394	-5.4224353
1663771229694	9.850353	-0.95413804	-6.3622165
1663771229720	11.042578	-0.53988063	-5.6153564
1663771229734	12.189338	-0.41545382	-2.8034909
1663771229745	11.66501	-0.878465	-3.5958142
1663771229838	10.195219	-0.87966144	-4.5894337
1663771229853	7.8846498	-0.32662028	-3.0619156
1663771229863	5.5612187	0.08015956	-2.0946171
1663771229870	3.949952	0.09930214	-2.746063
1663771229881	3.5048869	-0.1268196	-3.956233
1663771229892	5.1759744	-0.12921242	-4.162016
1663771229905	6.812366	-0.3819543	-3.0822546
1663771229915	9.510274	-0.52193445	-2.82383
1663771229924	12.570096	-0.023928227	-1.8014964
1663771229932	13.218849	-0.5171488	-0.9179466
1663771230029	11.666206	-1.1072787	-1.4051851
1663771230042	10.5685	-1.0941181	-1.5690935
1663771230050	9.972387	-0.86889374	-1.2843475
1663771230061	10.17488	-0.6750751	-0.025124637
1663771230072	10.402198	-0.8353942	0.51475596
1663771230084	10.217951	-1.724926	-0.33140594
1663771230095	10.569695	-2.4945176	-1.5631114
1663771230103	11.32164	-2.428715	-3.9741793
1663771230135	10.572088	-2.1487548	-5.560322
1663771230146	9.426525	-2.469393	-5.8833528
1663771230157	11.410174	-2.2181466	-4.6875396
1663771230242	12.868002	-0.8991031	-2.2289143
1663771230255	11.559726	1.0797613	-4.5044885
1663771230268	9.342776	2.1942184	-5.2740803
1663771230279	7.2263246	2.0793629	-5.046762
1663771230287	5.924031	2.0315065	-3.972983
1663771230295	5.913263	1.3369896	-3.0200412
1663771230325	6.7462645	0.43100718	-2.210968
1663771230332	7.689635	0.2335993	-1.6639091
1663771230340	8.918947	-0.22731815	-2.3856442
1663771230347	9.764212	-0.8030911	-3.5012977
1663771230382	9.617053	-1.4171492	-3.9945183
1663771230394	9.251849	-0.9062816	-3.0056844
1663771230403	8.665308	-0.18783657	-1.8421743
1663771230453	8.573184	0.5075775	-1.1156535
1663771230472	9.378669	0.9493524	-0.6678966
1663771230482	10.095618	0.8668	-0.8892327
1663771230489	10.423734	0.4549354	-1.631606
1663771230519	10.318449	-0.061016977	-1.4003994
1663771230529	9.852746	-0.7755736	-0.7516454
1663771230542	9.160921	-1.7117655	-0.22971097
1663771230552	8.746664	-2.1690936	-0.2656033
1663771230630	9.235099	-1.2568301	-0.6978069
1663771230644	9.536594	-0.26679972	-1.4494523
1663771230653	9.65175	0.29820552	-2.3186452
1663771230663	9.721141	0.6451648	-2.8262227
1663771230674	10.132707	0.9804591	-2.5842485
1663771230685	10.7279215	1.1192428	-2.349752
1663771230695	11.767901	0.9290134	-2.57707
1663771230725	11.861521	0.33888352	-2.6129622
1663771230735	10.255039	-0.8967103	-2.5902305
1663771230747	9.145369	-1.5933207	-3.4342988
1663771230838	9.9293165	-1.311865	-2.841776
1663771230855	10.584053	-1.0570294	-2.516053
1663771230866	10.688141	-0.7480562	-3.4749768
1663771230873	10.015458	-0.33290145	-4.2481575
1663771230885	8.444869	-0.22253251	-3.7357943
1663771230896	6.645766	-0.24765715	-3.170789
1663771230905	5.7062836	-0.21655045	-2.6775684
1663771230912	5.860621	-0.26679972	-2.5603201
1663771230921	6.8195443	-0.12323037	-2.6165516
1663771230934	8.257032	0.02871387	-2.6823542
1663771231069	9.894621	-0.10767702	-2.678765
1663771231083	10.883454	-0.64277196	-2.079064
1663771231091	11.052149	-1.0941181	-2.102992
1663771231103	10.436894	-1.2843475	-2.6428726
1663771231115	9.525827	-1.6220347	-2.9781668
1663771231124	9.103494	-1.6914265	-2.4394827
1663771231135	9.249456	-1.5418751	-0.9825528
1663771231146	9.365508	-1.2939188	-0.111266255
1663771231155	9.742677	-0.7743772	0.52313083
1663771231163	10.304092	-0.2656033	0.7160522
1663771231173	10.857134	-0.29790643	-0.0741775
1663771231266	11.0246315	-0.11844472	-2.2827528
1663771231276	11.053345	-0.46331027	-3.885645
1663771231284	9.966406	-2.3581266	-4.6145587
1663771231292	10.090832	-4.0974097	-5.022834
1663771231302	12.203694	-3.309872	-3.5766716
1663771231311	12.96521	-1.1264212	-4.060321
1663771231323	11.649457	0.57457656	-5.6117673
1663771231333	9.504292	1.9992033	-5.0192447
1663771231343	6.7187467	2.1248264	-4.5894337
1663771231357	5.4128637	1.9932213	-3.5766716
1663771231382	5.2609196	1.489233	-2.42034
1663771231395	6.096314	0.91226363	-1.7703897
1663771231404	7.338787	0.3807579	-1.7967107
1663771231454	9.148957	-0.48364928	-2.3222344
1663771231470	10.624731	-1.3489537	-3.2772696
1663771231478	11.485549	-1.6304095	-3.6029928
1663771231486	10.337592	-1.3561323	-3.054737
1663771231517	9.506684	-0.5159524	-1.6459628
1663771231526	9.145369	0.6942177	-1.0232308
1663771231537	8.826823	1.3827524	-1.1802598
1663771231545	8.668898	1.2568301	-1.4554343
1663771231632	8.689237	0.61046886	-1.9295124
1663771231646	8.7682	-0.0741775	-1.9630119
1663771231655	9.059227	-0.74566334	-1.3908281
1663771231665	9.531809	-1.338186	-0.5482555
1663771231674	10.119546	-1.6076777	-0.29072794
1663771231686	10.574481	-1.5203397	-0.6367899
1663771231697	11.0019	-0.7899306	-1.5894325
1663771231725	11.145469	-0.08973085	-2.6165516
1663771231738	10.971989	0.56141603	-3.659224
1663771231749	10.427323	1.0534402	-4.743771
1663771231835	10.960025	1.2089736	-3.9825542
1663771231846	11.297712	0.5913263	-3.1313076
1663771231857	11.432906	0.08255238	-3.1109686
1663771231868	10.860723	-0.5494519	-3.7812579
1663771231878	9.828818	-0.9696914	-4.2373896
1663771231889	8.0715885	-1.1874382	-3.53719
1663771231900	6.193223	-1.3190435	-3.551547
1663771231909	5.29083	-1.2005987	-3.8952162
1663771231945	5.329115	-1.0953146	-4.0100718
1663771231958	6.0676003	-1.0031909	-3.618546
1663771232071	7.4826555	-0.8880363	-2.638087
1663771232086	9.006286	-0.7851449	-2.1771696
1663771232098	10.442876	-0.81266236	-2.786741
1663771232110	10.995917	-0.8569296	-3.0942187
1663771232124	10.308878	-1.3764713	-2.4430718
1663771232137	9.814461	-1.4470595	-2.359323
1663771232148	9.174082	-1.198206	-2.8704898
1663771232157	9.006286	-0.78873414	-2.5375884
1663771232166	9.126225	-0.6415756	-1.338186
1663771232176	9.387043	-0.4657031	-0.58654064
1663771232184	9.867104	-0.13280165	-0.5267201
1663771232242	10.053743	0.021535404	-0.6619146
1663771232254	10.214361	-0.2620141	-0.8330014
1663771232263	10.926525	-0.36759737	-1.0845468
1663771232272	12.082857	-0.31465617	-2.8992038
1663771232284	12.040982	-0.54346985	-4.989334
1663771232295	10.536197	-2.1762722	-5.1616178
1663771232324	11.15504	-3.0296125	-4.9881377
1663771232332	12.469597	-2.001297	-2.4430718
1663771232342	11.887842	-0.602094	-3.9526439
1663771232354	9.9807625	0.25992036	-4.752146
1663771232380	7.969894	0.43100718	-3.9346976
1663771232397	6.5428743	0.44775695	-3.0738797
1663771232405	6.22433	0.6200402	-2.6679974
1663771232452	6.8506513	0.72053874	-2.4239295
1663771232466	7.598707	0.8380861	-2.6955147
1663771232474	8.434102	0.46929234	-3.4761732
1663771232501	9.003893	-0.38913277	-3.9000018
1663771232511	9.287741	-0.91465646	-3.78724
1663771232521	9.393025	-0.71694946	-2.827419
1663771232531	9.359526	-0.16271193	-1.625624
1663771232541	9.462418	0.44057846	-0.9562318
1663771232613	9.666106	0.846461	-1.2269198
1663771232624	9.777372	0.846461	-1.5128621
1663771232635	9.855139	0.36041892	-1.6244274
1663771232646	9.88505	-0.1794617	-1.2855439
1663771232654	9.710373	-0.60807604	-0.9071789
1663771232665	9.211171	-1.1790633	-0.9981061
1663771232722	9.192028	-1.3417753	-1.0088738
1663771232734	9.359526	-0.7636095	-0.91435736
1663771232744	8.9775715	-0.2739782	-1.2340983
1663771232753	8.610273	0.14596218	-1.4315062
1663771232849	8.544471	0.43818563	-1.387239
1663771232860	9.375079	0.6786643	-2.5316064
1663771232868	9.9293165	1.1958131	-3.225824
1663771232880	11.009078	1.6208383	-3.2581272
1663771232892	13.01187	1.1072787	-2.396412
1663771232906	12.555738	0.0023928226	-1.6842481
1663771232918	10.185648	-0.58654064	-2.7302105
1663771232929	8.512167	-0.8979067	-3.758526
1663771232938	8.229515	-0.9613165	-3.498905
1663771232947	9.907782	-0.71216387	-2.4155545
1663771233058	10.188041	-0.69182485	-2.3808584
1663771233074	9.826426	-0.4764708	-3.9921255
1663771233084	8.892626	-0.5075775	-4.130909
1663771233092	7.908578	-0.76600236	-3.3900316
1663771233104	7.1389866	-1.1455638	-2.4526432
1663771233113	6.8171515	-1.3704891	-2.213361
1663771233121	7.1138616	-1.1599208	-2.6943183
1663771233132	7.707581	-0.974477	-2.5387847
1663771233144	8.769396	-0.76719874	-1.873281
1663771233155	10.094421	-0.54705906	-1.8912272
1663771233164	11.297712	0.13040884	-2.5758736
1663771233173	11.824133	0.86201435	-1.7955143
1663771233184	10.575678	0.35443684	-1.7979071
1663771233274	9.372686	-0.56141603	-2.400001
1663771233285	8.709576	-1.1216356	-2.5208387
1663771233294	8.946465	-1.317847	-1.8026928
1663771233305	9.389436	-1.5335002	-0.7935198
1663771233315	9.88146	-1.3800604	-0.2644069
1663771233324	10.040583	-0.98524475	0.014356935
1663771233331	10.253843	-0.770788	-0.1160519
1663771233340	10.261022	-0.7360921	-0.541077
1663771233380	10.335199	-0.8222337	-1.9390837
1663771233393	10.497911	-1.1096715	-3.7166517
1663771233403	10.700105	-1.9474585	-3.5503507
1663771233455	11.721242	-2.2265215	-3.2066815
1663771233467	13.289438	-1.570589	-3.5503507
1663771233480	12.851253	-0.40468612	-3.484548
1663771233501	10.603195	-0.09810573	-4.7569313
1663771233522	7.3064837	0.051445685	-3.8952162
1663771233534	5.597111	-0.1363909	-3.3278182
1663771233543	5.2082777	-0.13280165	-3.2413774
1663771233554	6.399305	0.16271193	-3.2150564
1663771233630	8.308478	0.34366915	-2.6249263
1663771233641	10.283753	0.013160525	-1.8804595
1663771233650	11.394622	-0.4334	-2.1798615
1663771233662	10.925329	-0.73489565	-3.6376886
1663771233674	9.675677	-0.7827521	-3.5838501
1663771233683	8.337193	-0.7360921	-2.6548367
1663771233709	7.937591	-0.13399807	-1.9570298
1663771233720	8.219944	0.5841478	-1.5571294
1663771233732	8.552845	0.64875406	-1.4757733
1663771233840	8.9057865	0.40468612	-1.7739788
1663771233856	9.377472	0.069391854	-1.6339988
1663771233865	9.932906	-0.29910284	-0.82941216
1663771233871	10.113564	-0.7576275	-0.19142582
1663771233884	9.773783	-1.5610176	0.103190474
1663771233898	9.5557375	-1.8864416	0.09960124
1663771233909	9.70798	-1.4712868	-0.87966144
1663771233922	9.91137	-0.72293156	-2.3629124
1663771233931	10.470394	0.41306102	-3.6221352
1663771233941	11.453245	1.8110676	-3.799204
1663771233954	11.830115	1.8649062	-3.7776687
1663771234074	11.572886	0.72771716	-2.5064816
1663771234086	11.205289	-0.24765715	-2.0982063
1663771234094	10.9349	-0.48125646	-2.626123
1663771234104	10.58166	-1.0773684	-3.5694933
1663771234114	10.108778	-1.0522437	-3.964608
1663771234124	8.539685	-1.0103694	-3.92393
1663771234132	7.301698	-0.8461619	-4.2110686
1663771234142	6.4794645	-0.7923234	-4.3761735
1663771234154	5.870192	-1.0677971	-4.2661037
1663771234164	5.8008003	-1.2484552	-3.5946178
1663771234274	6.5835524	-1.4027922	-2.6404798
1663771234286	8.113463	-1.5107684	-1.7548363
1663771234296	9.475577	-1.7404794	-1.5643078
1663771234306	10.551749	-2.009672	-2.1532412
1663771234316	11.326426	-1.9677975	-2.6943183
1663771234324	11.272288	-1.4003994	-2.2911277
1663771234332	10.605588	-0.85812604	-1.9426728
1663771234343	9.795319	-0.46091747	-2.2983062
1663771234355	9.049655	-0.2548356	-2.2468605
1663771234363	8.462815	-0.2955136	-1.2987045
1663771234373	8.514561	-0.27038896	-0.88325065
1663771234384	8.941679	0.022731815	-1.006481
1663771234395	9.221938	0.062213387	-1.238884
1663771234447	9.433703	-0.21655045	-1.3669
1663771234458	9.649357	-0.5315057	-1.4937196
1663771234472	9.807282	-0.7289136	-1.204188
1663771234484	10.053743	-0.9445667	-0.8389834
1663771234495	10.696515	-1.0295119	-1.3010973
1663771234525	11.137094	-1.1766706	-2.9063823
1663771234536	10.751849	-1.8912272	-3.2497523
1663771234544	11.523834	-2.7771697	-3.6317065
1663771234614	12.47199	-2.9207392	-2.847758
1663771234626	12.237194	-1.5717853	-3.5671003
1663771234633	11.103595	-0.28115666	-4.3319063
1663771234648	9.360723	0.09930214	-3.6173496
1663771234659	7.4623165	-0.23330021	-2.6823542
1663771234667	6.3335023	-0.2536392	-2.5603201
1663771234678	5.8127646	-0.2416751	-2.7349963
1663771234698	6.17767	-0.48006004	-2.684747
1663771234723	7.4623165	-0.63200426	-2.62373
1663771234735	8.933304	-0.82941216	-2.4478576
1663771234837	10.107582	-1.2017952	-2.7999015
1663771234852	10.976775	-1.2831511	-3.4283166
1663771234862	10.919347	-1.0510473	-3.3960135
1663771234870	10.345967	-0.5841478	-2.3605196
1663771234881	9.801301	0.1363909	-1.4279169
1663771234892	9.782158	0.6870392	-1.4769697
1663771234904	10.065707	0.8703892	-1.7321045
1663771234915	9.786943	0.5195416	-1.7129619
1663771234922	9.367901	-0.011964113	-1.5930216
1663771234932	8.875876	-0.6056832	-1.5487545
1663771234938	8.385049	-1.250848	-1.5439688
1663771235074	8.307282	-1.5382859	-1.3022938
1663771235086	8.503793	-1.2915261	-1.2723835
1663771235095	8.7012005	-0.91585284	-1.4027922
1663771235105	9.15135	-0.56500524	-1.2664014
1663771235116	9.798908	-0.18783657	-1.0411769
1663771235126	10.103992	0.18783657	-1.4673985
1663771235136	10.51825	0.4968098	-1.6169499
1663771235146	11.546566	0.6236294	-1.3369896
1663771235156	12.54856	0.9493524	-2.8310082
1663771235166	11.478371	0.37597227	-5.265705
1663771235177	10.250254	-0.79830545	-4.941179
1663771235188	9.99153	-0.8919246	-3.1277182
1663771235277	10.17129	-0.8557332	-3.0320053
1663771235291	10.281361	-1.1874382	-3.6496527
1663771235301	9.950852	-0.93260264	-3.815954
1663771235308	8.939286	-0.47886363	-3.3254254
1663771235318	7.583154	-0.45254257	-2.5806592
1663771235328	6.728318	-0.7372885	-2.7891338
1663771235339	6.3825555	-1.0486546	-3.051148
1663771235348	6.8662047	-1.0809577	-3.3864422
1663771235356	7.5436726	-0.95413804	-3.2533414
1663771235390	8.455637	-0.7157531	-2.4215364
1663771235401	9.656535	-0.87966144	-2.2588246
1663771235449	10.383056	-1.3812568	-2.6907291
1663771235465	10.530214	-1.4374882	-2.2301106
1663771235475	10.371092	-1.2675978	-2.0814567
1663771235485	10.275378	-1.0486546	-2.0407786
1663771235521	10.058529	-0.8955139	-2.2025933
1663771235538	9.507881	-0.9708878	-2.1041884
1663771235551	8.944072	-0.9828519	-1.8218354
1663771235563	8.735896	-0.78873414	-1.7285153
1663771235631	8.904591	-0.45254257	-1.7715861
1663771235643	9.0747795	-0.23928227	-1.6974086
1663771235651	9.3104725	-0.11724831	-1.5260227
1663771235660	9.595518	0.0526421	-1.238884
1663771235669	9.675677	0.0634098	-1.0594223
1663771235679	9.667302	-0.5267201	-1.1754742
1663771235704	9.761819	-0.948156	-1.2831511
1663771235715	9.469596	-1.3202399	-1.46022
1663771235725	9.663713	-1.751247	-0.99690974
1663771235733	10.718349	-1.4087744	-1.5894325
1663771235837	11.26511	-0.49322057	-3.191128
1663771235854	11.129915	-0.26081768	-4.4458647
1663771235864	11.333605	-0.6044868	-4.084249
1663771235871	11.812169	-0.8569296	-1.7261224
1663771235882	12.190534	-0.79710907	-0.88325065
1663771235892	11.0019	-1.1012967	-2.5316064
1663771235905	9.986745	-1.5861423	-3.3397822
1663771235914	9.103494	-1.8661026	-3.289234
1663771235925	8.021339	-1.5514464	-3.2006993
1663771235936	7.0205417	-0.7540382	-3.39721
1663771235945	6.7259254	-0.20937198	-3.6556349
1663771236075	7.064809	0.09810573	-3.1097722
1663771236086	7.4479594	-0.07058827	-2.5495524
1663771236097	7.9447694	-0.39391842	-2.9542387
1663771236109	8.647362	-0.73489565	-3.9753757
1663771236120	9.637392	-0.8533404	-4.2505503
1663771236131	10.165309	-0.6726823	-3.8303108
1663771236140	10.2107725	-0.13998012	-3.1301112
1663771236151	10.222736	0.3819543	-2.3581266
1663771236164	10.202397	0.5590232	-2.102992
1663771236175	9.776176	0.40707895	-2.5615165
1663771236187	9.402596	0.30418757	-2.9219356
1663771236196	9.035298	0.15194423	-2.9422746
1663771236236	8.947661	0.0023928226	-2.5040889
1663771236244	8.976375	-0.24646074	-2.0946171
1663771236253	9.359526	-0.28953153	-1.7775681
1663771236314	9.339187	-0.2632105	-2.193022
1663771236328	9.390633	-0.17467605	-2.2839491
1663771236342	9.3511505	-0.18903299	-2.1484556
1663771236354	9.361918	-0.2727818	-1.9175483
1663771236364	9.474381	-0.31944183	-1.8900307
1663771236380	9.466006	-0.26799613	-2.268396
1663771236390	9.397811	-0.05503492	-2.795116
1663771236400	9.333204	0.25872394	-2.9937203
1663771236465	9.162118	0.42622152	-2.9123642
1663771236476	9.069994	0.5027919	-2.4514468
1663771236485	9.172886	0.45972106	-1.899602
1663771236497	9.561719	0.31974092	-1.6854445
1663771236506	10.019048	0.106480606	-2.821437
1663771236517	9.900602	-0.0526421	-3.638885
1663771236528	10.561321	-0.08853444	-3.8880377
1663771236538	11.196915	-0.12921242	-4.074678
1663771236632	10.766207	-0.22372891	-3.6317065
1663771236644	9.862318	-0.49441698	-3.4977086
1663771236655	8.737093	-0.84735835	-3.3110683
1663771236668	7.9256268	-0.9637093	-2.8094728
1663771236680	7.763812	-1.0594223	-2.635694
1663771236693	8.196015	-1.2412767	-2.8381867
1663771236719	8.615059	-1.6064813	-3.2748768
1663771236735	9.120243	-1.9833509	-3.6137605
1663771236746	9.432507	-2.2025933	-3.6293137
1663771236757	9.223135	-2.111666	-3.484548
1663771236838	8.957232	-1.84696	-3.2784662
1663771236856	8.727522	-1.4231312	-3.3529427
1663771236866	8.476275	-1.1072787	-3.399603
1663771236878	8.352746	-1.076172	-3.2676985
1663771236888	8.544471	-0.92542416	-2.9386854
1663771236897	9.208778	-0.56859446	-2.4969103
1663771236907	9.886246	-0.20817557	-2.0455642
1663771236917	10.445269	0.0059820567	-2.1041884
1663771236927	10.723136	-0.23688944	-2.768795
1663771236941	10.536197	-0.6942177	-3.4342988
1663771236950	10.265807	-1.0223335	-3.354139
1663771237057	10.052547	-1.4593227	-2.8453653
1663771237076	9.882657	-1.7644076	-2.676372
1663771237090	9.673285	-1.6196418	-3.1157541
1663771237102	9.132208	-1.4051851	-3.78724
1663771237116	8.78136	-1.0378869	-3.8350966
1663771237127	8.414959	-1.1108679	-3.191128
1663771237137	8.630612	-1.189831	-2.4299114
1663771237146	9.18485	-0.5590232	-2.4849463
1663771237155	9.000303	-0.6128617	-3.362514
1663771237168	8.661719	-1.16351	-4.236193
1663771237239	8.407781	-1.4183456	-4.685147
1663771237255	8.570791	-0.44536412	-3.9203408
1663771237265	9.092726	1.0247263	-2.4658036
1663771237271	9.661321	1.9621146	-1.5487545
1663771237282	10.345967	2.0291135	-1.338186
1663771237294	11.047363	1.3791631	-1.3692927
1663771237315	10.766207	0.38315073	-1.090529
1663771237325	9.979566	-0.6655038	-1.250848
1663771237333	9.174082	-1.4410775	-1.9965113
1663771237344	8.431708	-2.1272194	-2.5842485
1663771237381	8.52772	-1.5885352	-3.0403802
1663771237394	8.481061	-0.6451648	-2.5698915
1663771237407	8.25464	0.047856454	-2.1245275
1663771237449	8.5576315	0.85244304	-2.5710878
1663771237465	9.37149	1.9704895	-3.7525442
1663771237478	10.533804	3.1698918	-4.755735
1663771237487	11.034203	3.2907293	-5.457131
1663771237521	10.64507	2.3688943	-4.281657
1663771237534	10.124331	1.0594223	-2.4311078
1663771237543	9.471989	-0.4668995	-1.3022938
1663771237550	9.069994	-1.5634105	-0.94307125
1663771237631	9.006286	-1.6663018	-1.7943178
1663771237645	8.935697	-1.4099708	-2.835794
1663771237654	8.947661	-0.9720842	-3.728616
1663771237666	8.9979105	-0.38554356	-3.9335012
1663771237675	9.3104725	0.104087785	-3.152843
1663771237688	9.864711	0.19142582	-1.4087744
1663771237723	9.953245	0.20937198	-1.0100702
1663771237735	9.607482	0.09212367	-2.2851455
1663771237744	9.485149	-0.12801601	-3.2533414
1663771237754	9.247063	-0.4441677	-3.3924243
1663771237838	9.065208	-0.97926265	-2.7831519
1663771237853	8.971589	-1.625624	-2.3952155
1663771237864	8.621041	-2.3054845	-2.0862422
1663771237871	8.550452	-2.8166513	-2.009672
1663771237882	9.186047	-2.5064816	-2.3054845
1663771237892	10.022636	-1.3980067	-2.638087
1663771237903	10.417751	-0.39032918	-2.7412775
1663771237912	10.3543415	0.21894327	-2.5435705
1663771237924	10.177273	0.50159544	-2.2576282
1663771237935	9.74148	0.24197419	-1.9534405
1663771237944	9.303294	-0.30029923	-1.9055841
1663771238038	9.084352	-0.84017986	-1.9869401
1663771238055	9.18485	-1.1276177	-1.6686947
1663771238065	9.642178	-0.9098708	-1.4793626
1663771238071	10.463215	-0.4226323	-2.088635
1663771238083	10.655837	-0.5829514	-3.1360931
1663771238121	9.827621	-1.4856437	-3.5120654
1663771238132	9.699606	-1.954637	-1.7488543
1663771238143	9.760623	-1.6950158	-0.2727818
1663771238152	9.625428	-1.1790633	-1.3154542
1663771238164	9.120243	-1.015155	-2.868097
1663771238239	8.56122	-1.5957136	-3.0332017
1663771238252	8.67129	-1.9845473	-2.28036
1663771238264	9.225528	-1.2412767	-1.974976
1663771238272	9.361918	-0.36520454	-2.440679
1663771238282	9.77139	0.047856454	-2.225325
1663771238291	10.319646	0.076570325	-1.2795619
1663771238321	10.192826	-0.20937198	-1.1623136
1663771238333	9.904192	0.93619186	-2.8345976
1663771238346	8.661719	-1.8720846	-2.4681966
1663771238353	9.41815	-1.4327025	-1.2125629
