Timestamp 	 X 	 Y 	 Z 
1664443959455	-33.300003	-21.50625	5.9812503
1664443959643	-33.393753	-21.243752	6.1312504
1664443959816	-33.28125	-21.225	6.2812505
1664443960045	-33.24375	-21.1875	6.39375
1664443960220	-33.35625	-21.243752	6.4500003
1664443960392	-33.393753	-21.1875	6.39375
1664443960602	-33.3375	-21.112501	6.39375
1664443960785	-33.3375	-21.056252	6.4500003
1664443961008	-33.3375	-20.98125	6.5062504
1664443961180	-33.412502	-21.018751	6.58125
1664443961392	-33.487503	-20.962502	6.61875
1664443961603	-33.506252	-20.98125	6.7312503
1664443961787	-33.43125	-20.8875	6.8625
1664443961969	-33.412502	-20.85	7.05
1664443962146	-33.45	-20.925001	7.2000003
1664443962313	-33.525	-20.962502	7.3500004
1664443962537	-33.600002	-21.0375	7.4625
1664443962719	-33.600002	-21.16875	7.425
1664443962931	-33.600002	-21.337502	7.3875003
1664443963109	-33.7125	-21.375	7.33125
1664443963316	-33.75	-21.54375	7.18125
1664443963509	-33.75	-21.69375	6.8625
1664443963681	-33.693752	-21.69375	6.58125
1664443963854	-33.5625	-21.75	6.525
1664443964067	-33.393753	-21.806252	6.58125
1664443964261	-33.206253	-21.862501	6.80625
1664443964431	-33.037502	-21.825	7.05
1664443964643	-32.79375	-21.9375	7.2187505
1664443964816	-32.5875	-21.993752	7.4437504
1664443965009	-32.41875	-22.143751	7.5937505
1664443965222	-32.287502	-22.368752	7.8
1664443965396	-32.193752	-22.5	7.7812505
1664443965605	-32.100002	-22.5375	7.9500003
1664443965785	-32.006252	-22.5	8.025001
1664443965971	-31.931252	-22.63125	8.15625
1664443966184	-31.85625	-22.725	8.26875
1664443966357	-31.7625	-22.725	8.26875
1664443966538	-31.800001	-22.725	8.34375
1664443966766	-31.81875	-22.706251	8.325001
1664443966937	-31.837502	-22.706251	8.26875
1664443967108	-31.893751	-22.725	8.0625
1664443967321	-31.95	-22.725	7.8562503
1664443967517	-31.968752	-22.66875	7.70625
1664443967726	-31.968752	-22.63125	7.51875
1664443967903	-32.081253	-22.556252	7.3125005
1664443968073	-32.100002	-22.5	7.1625004
1664443968295	-32.11875	-22.462502	7.1625004
1664443968479	-32.11875	-22.462502	7.2000003
1664443968688	-32.100002	-22.3875	7.2187505
1664443968862	-32.0625	-22.25625	7.2187505
1664443969040	-32.081253	-22.050001	7.1250005
1664443969267	-32.2125	-21.975	6.9750004
1664443969439	-32.325	-21.900002	6.7312503
1664443969613	-32.381252	-21.7875	6.5625005
1664443969814	-32.41875	-21.69375	6.3375
1664443970007	-32.4375	-21.6375	6.20625
1664443970217	-32.5125	-21.618752	6.1875005
1664443970396	-32.568752	-21.65625	6.1875005
1664443970606	-32.625	-21.69375	6.2625003
1664443970792	-32.5875	-21.69375	6.3750005
1664443971011	-32.49375	-21.73125	6.61875
1664443971183	-32.381252	-21.768751	6.76875
1664443971352	-32.4	-21.84375	6.9
1664443971542	-32.34375	-21.975	6.9187503
1664443971761	-32.25	-21.956251	6.9750004
1664443971929	-32.175003	-22.06875	7.0875
1664443972109	-32.04375	-22.143751	7.2562504
1664443972315	-31.931252	-22.06875	7.4812503
1664443972539	-31.931252	-22.050001	7.5750003
1664443972719	-32.081253	-21.862501	7.6875005
1664443972892	-32.006252	-21.675001	7.8
1664443973105	-32.193752	-21.45	7.89375
1664443973287	-32.268753	-21.243752	7.8375
1664443973471	-32.41875	-21.0	7.8
1664443973682	-32.49375	-20.75625	7.70625
1664443973856	-32.625	-20.53125	7.4625
1664443974039	-32.79375	-20.306252	7.2375
1664443974266	-32.831253	-20.19375	7.1625004
1664443974436	-32.98125	-20.118752	7.0687504
1664443974647	-32.98125	-19.95	6.8812504
1664443974822	-32.98125	-19.85625	6.8437505
1664443975013	-32.90625	-19.78125	6.9187503
1664443975224	-32.925003	-19.706251	6.9187503
1664443975394	-32.79375	-19.78125	7.05
1664443975609	-32.68125	-19.78125	7.2187505
1664443975788	-32.60625	-19.7625	7.2187505
1664443975973	-32.550003	-19.743752	7.2375
1664443976187	-32.4	-19.706251	7.3125005
1664443976357	-32.362503	-19.743752	7.4062505
1664443976537	-32.362503	-19.743752	7.3125005
1664443976762	-32.4	-19.6875	7.2375
1664443976935	-32.4375	-19.59375	7.2937503
1664443977120	-32.41875	-19.575	7.33125
1664443977324	-32.362503	-19.612501	7.425
1664443977512	-32.362503	-19.6875	7.4625
1664443977724	-32.41875	-19.837502	7.51875
1664443977900	-32.550003	-19.85625	7.6875005
1664443978077	-32.60625	-20.0625	7.8375
1664443978288	-32.662502	-20.2875	7.9125004
1664443978475	-32.756252	-20.456251	7.9125004
1664443978687	-32.925003	-20.550001	8.00625
1664443978863	-33.09375	-20.56875	7.9687505
1664443979039	-33.225002	-20.5125	7.9687505
1664443979268	-33.412502	-20.493752	7.89375
1664443979442	-33.581253	-20.5125	7.6875005
1664443979628	-33.862503	-20.400002	7.4437504
1664443979823	-34.125	-20.25	7.275
1664443980041	-34.275	-20.19375	7.1625004
1664443980232	-34.3125	-20.1375	6.9
1664443980435	-34.4625	-20.0625	6.7875004
1664443980612	-34.443752	-20.268751	6.6000004
1664443980819	-34.48125	-20.38125	6.525
1664443981030	-34.36875	-20.456251	6.3
1664443981225	-34.162502	-20.456251	6.24375
1664443981436	-33.862503	-20.6625	6.3
1664443981609	-33.7125	-20.8125	6.2625003
1664443981820	-33.506252	-20.831251	6.2812505
1664443982031	-33.375	-21.056252	6.1875005
1664443982226	-33.28125	-20.8875	6.20625
1664443982436	-32.98125	-20.7	6.1875005
1664443982611	-32.8125	-20.775002	6.3187504
1664443982822	-32.7	-20.775002	6.15
1664443983032	-32.831253	-20.90625	5.9812503
1664443983226	-32.775	-20.79375	5.45625
1664443983437	-32.8125	-20.8125	5.2125
1664443983612	-32.550003	-20.831251	4.9500003
1664443983822	-32.41875	-20.8875	4.78125
1664443984035	-32.41875	-20.962502	4.78125
1664443984227	-32.25	-20.98125	4.6875
1664443984438	-32.1375	-21.0375	4.9500003
1664443984614	-31.931252	-20.8875	5.15625
1664443984825	-31.650002	-20.79375	5.4750004
1664443985037	-31.48125	-20.90625	5.6062503
1664443985230	-31.25625	-20.94375	6.0
1664443985442	-31.125002	-20.98125	6.20625
1664443985618	-31.087502	-21.075	6.3187504
1664443985825	-31.087502	-21.0375	6.2625003
1664443986036	-30.975	-21.112501	6.01875
1664443986230	-31.0125	-21.225	5.55
1664443986442	-31.25625	-21.150002	5.2125
1664443986617	-31.1625	-21.09375	4.8
1664443986833	-31.368752	-21.0375	4.425
1664443987039	-31.500002	-20.925001	4.21875
1664443987230	-31.63125	-20.85	3.9
1664443987442	-31.725	-20.71875	3.6750002
1664443987621	-31.837502	-20.400002	3.4125001
1664443987832	-31.706251	-20.118752	3.15
1664443988039	-31.5375	-20.0625	2.8875
1664443988234	-31.612501	-20.00625	2.8125
1664443988449	-31.500002	-19.743752	2.86875
1664443988621	-31.406252	-19.706251	2.9250002
1664443988830	-31.2	-19.66875	2.9250002
1664443989042	-30.937502	-19.706251	3.0
1664443989231	-30.843752	-19.893751	2.9437501
1664443989448	-30.956251	-20.0625	2.9437501
1664443989621	-30.956251	-20.15625	3.16875
1664443989833	-30.7875	-20.23125	3.5625002
1664443990039	-30.69375	-20.587502	3.7125
1664443990238	-30.656252	-20.737501	3.9750001
1664443990449	-30.50625	-20.737501	3.99375
1664443990623	-30.618752	-20.98125	4.275
1664443990830	-30.54375	-21.206251	4.74375
1664443991039	-30.337502	-21.375	5.26875
1664443991238	-30.300001	-21.581251	5.6625004
1664443991443	-30.468752	-21.768751	5.83125
1664443991613	-30.54375	-21.73125	6.0
1664443991834	-30.581251	-21.825	5.90625
1664443992030	-30.73125	-22.10625	6.3
1664443992229	-30.768751	-22.03125	6.4687505
1664443992441	-30.675001	-21.91875	6.8437505
1664443992616	-30.712502	-21.91875	7.14375
1664443992826	-30.487501	-22.237501	7.65
1664443993030	-30.31875	-22.29375	8.043751
1664443993230	-30.187502	-22.5375	8.34375
