Timestamp 	 X 	 Y 	 Z 
1662977612637	-0.0077119465	0.05955761	-0.015958386
1662977612800	0.046500746	0.26816195	-0.014125843
1662977613004	0.042606596	0.29435202	-0.015271181
1662977613199	0.02985516	0.15003936	0.0030542363
1662977613414	0.015042114	0.07490514	0.0020616094
1662977613624	-0.018249061	0.056961507	-0.013820419
1662977613823	-0.04550812	0.028709821	-0.039094225
1662977614008	-0.04550812	-0.012751437	-0.036803547
1662977614214	-0.04756973	-0.03863609	-0.034436513
1662977614428	-0.092543356	-0.057266932	-0.04573719
1662977614626	0.008170082	-0.1809635	0.04833329
1662977614823	0.0045813546	-0.055739813	0.04665346
1662977615028	-0.022830416	-0.02367033	-0.0092390645
1662977615233	0.0026724567	-0.01901262	0.0092390645
1662977615413	0.017943637	0.024281178	0.014965758
1662977615639	-0.008704574	0.013362284	-0.0025961008
1662977615842	-0.014278554	-7.635591E-4	-0.009009997
1662977616028	0.0031305922	-0.05375456	-7.635591E-5
1662977616231	0.0029015245	-0.027564483	0.0092390645
1662977616447	-0.00167983	-0.025731942	0.0045049987
1662977616632	-0.03978143	0.0077119465	-0.03283304
1662977616824	-0.057190575	-0.029397024	-0.008933641
1662977617032	0.022677705	-0.11384666	0.047646087
1662977617256	0.033825666	-0.056045234	0.0017561859
1662977617448	-0.0086282175	-0.035200074	-5.344914E-4
1662977617652	-0.0027488125	0.08429692	0.01007898
1662977617861	-0.048944138	0.034818295	-0.014278554
1662977618065	-0.0028251687	-0.010689827	-0.007253811
1662977618253	0.012140589	0.014889402	0.004963134
1662977618468	0.0086282175	0.015271181	0.0019852535
1662977618667	7.635591E-4	0.010155336	0.006566608
1662977618866	-0.004963134	-0.010766183	1.5271181E-4
1662977619077	-0.011071607	0.004352287	0.0018325418
1662977619260	-0.002519745	-0.018019995	-4.5813544E-4
1662977619466	0.019623468	-0.045431767	-0.019852536
1662977619687	0.0060321167	0.023975754	-0.011453386
1662977619873	-0.03229855	0.042988375	-0.0018325418
1662977620092	-0.013514996	0.059404895	-0.0053449133
1662977620272	-0.008780929	0.014125843	-0.012827792
1662977620472	0.012522369	0.003283304	0.0077883024
1662977620700	0.011682454	2.2906772E-4	0.008933641
1662977620892	0.0028251687	0.025808297	0.0041995747
1662977621098	0.004963134	0.0015271181	0.006795676
1662977621295	-0.0022906773	-0.0052685575	0.0092390645
1662977621499	0.0022906773	-0.023364907	0.0062611843
1662977621693	-5.344914E-4	-0.008322794	0.0031305922
1662977621889	-0.0061084726	-0.008322794	-0.0045813546
1662977622095	-0.008857286	3.8177954E-4	-0.006413896
1662977622311	-0.009544488	0.01305686	-0.01007898
1662977622504	-0.003206948	0.028251685	-0.0018325418
1662977622695	-0.00167983	0.028404398	-0.0041995747
1662977622915	0.0045049987	0.001603474	5.344914E-4
1662977623108	8.39915E-4	9.926268E-4	0.003283304
1662977623307	-0.045966256	0.007482879	-0.037338037
1662977623507	-0.11629005	-0.071698196	0.03229855
1662977623717	0.25502872	-0.24563695	0.110334285
1662977623898	0.23166382	-0.24456798	0.1291942
1662977624133	-0.11919157	0.047264308	-0.060168456
1662977624314	-0.29419932	0.06864396	-0.0846787
1662977624507	-0.11667182	-0.090558104	-0.08238802
1662977624718	0.2851893	0.0020616094	0.043064732
1662977624909	0.019852536	-0.05276193	-0.03993414
1662977625142	0.04902049	0.0387888	-0.04214846
1662977625315	-0.22189027	-0.02893889	0.15164283
1662977625527	-0.03939965	0.00671932	-0.0051922016
1662977625720	0.20478654	-0.080860905	-0.03115321
1662977625950	-0.18126893	0.0052685575	-0.12766708
1662977626123	-0.12682717	-0.008246438	0.018249061
1662977626352	0.011224318	-0.04795151	0.17790927
1662977626527	0.07872294	0.18936265	0.042453885
1662977626738	0.15095563	-0.2696127	-0.048562355
1662977626945	-0.23494713	0.19486028	-0.16187452
1662977627159	-0.24724042	-0.014431266	-0.036116343
1662977627343	0.1783674	0.17829104	-0.0052685575
1662977627557	0.11384666	-0.039094225	-0.11491564
1662977627746	0.15362808	-0.1776802	0.0012216945
1662977627961	-0.033672955	0.14263284	-0.07941014
1662977628143	-0.15011571	-0.031458635	0.24609509
1662977628369	0.17516045	0.22608984	0.06963659
1662977628559	0.15439165	-0.019928891	0.03413109
1662977628764	-0.20707722	-0.17096087	-0.13079767
1662977628972	0.060702946	0.03436016	-0.036956258
1662977629176	-0.07146913	-0.19318044	0.26571855
1662977629360	-0.012980504	0.026419144	-0.030466007
1662977629577	0.22013408	-0.03787253	-0.03787253
1662977629768	-0.17073181	-0.020616096	-0.08162446
1662977629975	-0.11354123	0.30458373	-0.10048437
1662977630162	-0.03451287	0.0026724567	0.2441862
1662977630394	0.014965758	0.10659285	0.035429142
1662977630575	0.14637427	0.055739813	-0.023059484
1662977630782	-0.41415444	0.017103724	-0.19470756
1662977630971	-0.51211905	0.20967332	-0.28465483
1662977631194	-0.40812233	0.01885991	-0.0086282175
1662977631391	-0.8559497	0.015729317	-0.32947573
1662977631605	-1.1674055	0.033749312	-0.6580352
1662977631794	-2.2238657	-0.08567133	-1.1617551
1662977632004	-2.5365431	-0.007330167	-1.1655729
1662977632206	-1.9247034	0.1227803	-0.8306759
1662977632395	-1.217724	0.22250111	-0.5095993
1662977632603	-0.92131037	0.08078455	-0.2502183
1662977632792	-0.16080554	0.015194826	-0.0290916
1662977632993	-0.37887803	0.2159345	-0.09208523
1662977633218	-0.48615807	0.17936003	-0.32390177
1662977633407	-0.80608934	-0.14049487	-0.41720867
1662977633622	-0.1738624	0.27839363	-0.014125843
1662977633811	-0.16363071	0.123162076	-0.22700611
