Timestamp 	 X 	 Y 	 Z 
1663771790711	9.668499	0.021535404	1.1048858
1663771790719	9.692428	0.12203395	0.85842514
1663771790765	9.733106	0.24675983	0.59730834
1663771790771	9.790533	0.3065804	0.6044868
1663771790776	9.88146	0.325723	0.78664047
1663771790780	9.934102	0.32093734	0.92542416
1663771790825	9.867104	0.25633112	0.9302098
1663771790830	9.721141	0.16749759	0.76989067
1663771790848	9.721141	0.16749759	0.76989067
1663771790853	9.54138	0.09092726	0.54466623
1663771790982	9.589237	0.39511484	0.6008976
1663771790989	9.729516	0.48245287	0.54705906
1663771791004	9.846765	0.47168517	0.6562316
1663771791009	9.956834	0.4657031	0.77587277
1663771791093	9.949656	0.5374878	0.6873383
1663771791099	9.887443	0.52552366	0.5602196
1663771791114	9.77498	0.5099703	0.4968098
1663771791120	9.565309	0.43698925	0.5829514
1663771791133	9.410972	0.38434714	0.7220342
1663771791138	9.48156	0.4441677	0.698106
1663771791157	9.675677	0.47886363	0.6236294
1663771791161	9.768997	0.44177487	0.6693921
1663771791166	9.80489	0.3592225	0.7938189
1663771791170	9.812068	0.29222345	0.8668
1663771791284	9.80489	0.27068806	0.93738824
1663771791294	9.844372	0.29461628	0.9302098
1663771791303	9.891031	0.2862414	1.0079765
1663771791314	9.876675	0.106480606	1.2164512
1663771791336	9.84796	-0.04546363	1.2284154
1663771791344	9.858728	-0.011964113	1.0402796
1663771791356	9.952048	0.14955142	0.9912268
1663771791367	9.962816	0.2551347	0.91106725
1663771791378	9.809675	0.26829523	0.80817586
1663771791388	9.593125	0.18783657	0.95653087
1663771791398	9.471989	0.07178468	1.1012967
1663771791487	9.462418	-0.022731815	1.0893325
1663771791498	9.593125	0.008374879	1.0594223
1663771791509	9.791729	0.043070808	1.0654043
1663771791518	9.900602	0.10887343	1.0175478
1663771791550	9.954441	0.21296121	0.96849495
1663771791560	9.895817	0.27068806	0.92303133
1663771791571	9.785748	0.20338993	0.948156
1663771791580	9.706784	0.10767702	1.0055838
1663771791591	9.670892	0.08135597	1.0426725
1663771791601	9.609875	0.010767702	1.1407782
1663771791610	9.666106	-0.049052864	1.1973087
1663771791673	9.705587	-0.025124637	1.1563315
1663771791686	9.742677	0.08015956	1.0594223
1663771791695	9.784551	0.15433706	1.0677971
1663771791758	9.827621	0.13998012	1.1515459
1663771791768	9.856336	0.12083755	1.198505
1663771791778	9.8348	0.10289137	1.096511
1663771791790	9.753445	0.06699903	1.0450653
1663771791800	9.713963	-0.034695927	1.1084751
1663771791808	9.715159	-0.14476576	1.0462617
1663771791835	9.71157	-0.15433706	0.9912268
1663771791844	9.718748	-0.09092726	1.0187442
1663771791852	9.690035	-0.041874398	1.1455638
1663771791859	9.662517	-0.008374879	1.1790633
1663771791871	9.6326065	0.02751746	1.1659029
1663771791958	9.609875	0.09930214	1.0869397
1663771791969	9.634999	0.13040884	1.096511
1663771791978	9.660124	0.18185452	1.1503495
1663771791990	9.717552	0.1902294	1.1347961
1663771791999	9.731909	0.17347965	1.0941181
1663771792008	9.759426	0.20458634	1.0235299
1663771792071	9.743873	0.1902294	1.0474582
1663771792084	9.687641	0.15792629	1.1120644
1663771792094	9.673285	0.14356937	1.1084751
1663771792106	9.698409	0.29341987	0.9409775
1663771792116	9.690035	0.32093734	1.0199406
1663771792125	9.663713	0.34247273	1.0486546
1663771792168	9.636196	0.2742773	1.0187442
1663771792176	9.593125	0.16271193	0.96849495
1663771792185	9.589237	0.1268196	0.8991031
1663771792192	9.519845	0.10767702	0.90388876
1663771792274	9.497113	0.12323037	1.0043873
1663771792290	9.568898	0.12203395	1.1108679
1663771792305	9.638589	0.07058827	1.1383854
1663771792319	9.777372	0.07058827	1.1108679
1663771792346	9.88505	0.09810573	1.076172
1663771792354	9.952048	0.12083755	1.1766706
1663771792365	9.949656	0.14955142	1.2882359
1663771792377	9.920941	0.16510476	1.2930216
1663771792387	9.77498	0.16271193	1.1889337
1663771792395	9.634999	0.17587246	1.1443675
1663771792407	9.620643	0.19740787	1.0654043
1663771792487	9.645767	0.1902294	1.0019945
1663771792499	9.6529455	0.17587246	1.0187442
1663771792512	9.634999	0.11724831	1.0594223
1663771792522	9.650553	0.106480606	1.0366904
1663771792532	9.735498	0.15553348	1.0773684
1663771792542	9.841979	0.16749759	1.11685
1663771792551	9.8682995	0.11964113	1.1443675
1663771792560	9.807282	0.032303106	1.1419746
1663771792570	9.757033	-0.049052864	1.1072787
1663771792581	9.760623	-0.08255238	1.1060823
1663771792591	9.80489	-0.032303106	1.0941181
1663771792605	9.827621	0.038285162	1.0869397
1663771792677	9.882657	0.039481573	1.0247263
1663771792687	9.940084	0.031106694	0.96490574
1663771792707	9.907782	0.0011964113	0.9553344
1663771792717	9.780962	-0.04546363	0.9445667
1663771792755	9.6122675	-0.12323037	0.90029955
1663771792766	9.461221	-0.14117654	0.91226363
1663771792776	9.436096	-0.1052842	1.0043873
1663771792783	9.510274	-0.086141616	1.1108679
1663771792835	9.623035	-0.11006984	1.2320045
1663771792849	9.801301	-0.16630118	1.3037893
1663771792861	9.946067	-0.2656033	1.3384851
1663771792871	9.956834	-0.30508488	1.2906287
1663771792881	9.861121	-0.26799613	1.1682956
1663771792890	9.739087	-0.23808585	1.0845468
1663771792939	9.64816	-0.2428715	1.0486546
1663771792951	9.611072	-0.276371	1.0689936
1663771792962	9.656535	-0.27517462	1.1647065
1663771792972	9.742677	-0.20937198	1.2164512
1663771792983	9.777372	-0.14476576	1.1623136
1663771793052	9.7450695	-0.1160519	1.0378869
1663771793065	9.661321	-0.17706887	0.9589237
1663771793074	9.540184	-0.27038896	0.92303133
1663771793085	9.499506	-0.31944183	0.83090764
1663771793095	9.530613	-0.30508488	0.7399804
1663771793103	9.542577	-0.35324043	0.8225328
1663771793175	9.523434	-0.43938205	1.0666007
1663771793184	9.4229355	-0.50398827	1.0929217
1663771793193	9.316455	-0.5267201	1.035494
1663771793204	9.337991	-0.54346985	1.1889337
1663771793287	9.595518	-0.38434714	1.4006985
1663771793299	9.835997	-0.09571291	1.6136597
1663771793311	9.924531	0.08015956	1.8640088
1663771793321	10.1016	0.10887343	1.9704895
1663771793336	10.34477	0.0023928226	1.6507485
1663771793345	10.459626	-0.13040884	1.1359925
1663771793352	10.135099	-0.27158538	1.3432708
1663771793361	9.700802	-0.16151553	1.7910278
1663771793374	9.512667	0.22253251	1.4712868
1663771793384	9.482756	0.45134616	1.1276177
1663771793486	9.516255	0.392722	1.1670992
1663771793497	9.61466	0.17587246	1.3037893
1663771793507	9.698409	0.049052864	1.2044871
1663771793517	9.690035	-0.05623133	1.1060823
1663771793529	9.617053	-0.20338993	0.96490574
1663771793561	9.602696	-0.22971097	1.0031909
1663771793568	9.660124	-0.13998012	1.0283155
1663771793576	9.693624	-0.13878371	1.1491531
1663771793583	9.69482	-0.025124637	1.340878
1663771793593	9.740284	0.06580263	1.2774682
1663771793604	9.790533	0.19740787	1.0749756
1663771793615	9.81805	0.33888352	0.85244304
1663771793707	9.77498	0.4010969	0.6538388
1663771793718	9.682856	0.31974092	0.75553375
1663771793729	9.55813	0.20578274	0.91346
1663771793742	9.457631	0.16869399	0.90029955
1663771793752	9.47797	0.24675983	0.85244304
1663771793760	9.630214	0.29222345	0.8703892
1663771793769	9.687641	0.18065812	0.9170493
1663771793778	9.706784	0.041874398	0.9804591
1663771793787	9.727123	0.038285162	0.95054877
1663771793835	9.786943	0.10767702	0.95653087
1663771793846	9.935299	0.17108682	0.88354975
1663771793857	10.019048	0.23599213	0.76989067
1663771793868	9.983155	0.30897322	0.69571316
1663771793906	9.850353	0.32333016	0.6873383
1663771793918	9.650553	0.2754737	0.7292127
1663771793958	9.469596	0.23718855	0.68135625
1663771793969	9.35474	0.28025934	0.51236314
1663771793980	9.355937	0.41545382	0.38315073
1663771793990	9.485149	0.5075775	0.3376871
1663771794089	9.75823	0.59730834	0.30179477
1663771794102	10.052547	0.5662017	0.34606197
1663771794112	10.141082	0.4884349	0.36520454
1663771794122	10.00828	0.5051847	0.3472584
1663771794134	9.8886385	0.6332007	0.3269194
1663771794144	9.862318	0.7938189	0.2527419
1663771794164	9.869496	1.0031909	0.20368902
1663771794175	9.81805	1.1467602	0.17617157
1663771794183	9.697213	1.21017	0.12831512
1663771794193	9.611072	1.3540385	-0.0047856453
1663771794204	9.61466	1.6639091	-0.29910284
1663771794327	9.617053	1.9007984	-0.48095736
1663771794337	9.554541	2.0231316	-0.47258246
1663771794346	9.413364	1.942972	-0.38285163
1663771794357	9.361918	1.806282	-0.2955136
1663771794370	9.461221	1.8326031	-0.1160519
1663771794386	9.482756	1.7847466	0.21206391
1663771794400	9.696016	1.6052849	0.453739
1663771794421	9.979566	1.338186	0.6622137
1663771794431	10.112368	1.1060823	0.7830512
1663771794440	10.161719	0.9445667	0.779462
1663771794521	10.253843	0.87996054	0.8500503
1663771794530	10.263414	0.79112697	0.89072824
1663771794539	10.081261	0.6906284	0.8596215
1663771794549	9.662517	0.64636123	0.81655073
1663771794559	9.205189	0.6774679	0.8141579
1663771794572	9.056833	0.83688974	0.48006004
1663771794586	9.763016	1.198206	-0.26679972
1663771794596	11.444871	1.8050855	-1.0124631
1663771794604	12.168999	2.1308086	-0.8389834
1663771794611	11.181361	1.8637097	-0.010767702
1663771794622	9.731909	1.16351	0.07447661
1663771794709	9.215957	0.8069794	-0.08255238
1663771794721	9.302098	0.5171488	0.3711866
1663771794734	9.131011	0.2213361	0.85124665
1663771794747	8.958429	0.12083755	0.99720883
1663771794756	8.8447695	0.2335993	0.44536412
1663771794766	8.995518	0.42382872	0.009571291
1663771794776	9.241081	0.58534425	-0.0071784677
1663771794786	9.513863	0.64875406	0.092422776
1663771794795	9.674481	0.6092725	0.4010969
1663771794804	9.766604	0.63200426	0.6299106
1663771794834	9.815658	0.541077	0.7746763
1663771794845	9.837193	0.30418757	1.0187442
1663771794855	9.819247	0.13040884	1.1874382
1663771794865	9.672089	-0.015553347	1.1036894
1663771794920	9.516255	-0.09332009	0.8644072
1663771794928	9.406186	-0.0035892338	0.4872385
1663771794946	9.406186	0.27667013	0.36759737
1663771794957	9.5353985	0.53270215	0.53389853
1663771794965	9.825229	0.7360921	0.7399804
1663771794973	10.081261	0.7648059	0.8739785
1663771795087	10.139885	0.6200402	0.9912268
1663771795100	9.97478	0.33888352	1.0043873
1663771795110	9.690035	0.19860429	0.9409775
1663771795122	9.537791	0.22013968	0.99003035
1663771795134	9.568898	0.28384858	1.0103694
1663771795143	9.629018	0.28384858	0.90508515
1663771795152	9.675677	0.2335993	0.75194454
1663771795161	9.697213	0.16151553	0.631107
1663771795169	9.690035	0.12921242	0.5805586
1663771795178	9.629018	0.1698904	0.69930243
1663771795192	9.636196	0.25633112	0.8249256
1663771795325	9.667302	0.35443684	0.84167534
1663771795334	9.803694	0.4884349	0.846461
1663771795346	9.981958	0.59730834	0.8177471
1663771795356	9.932906	0.5566304	0.7890333
1663771795366	9.753445	0.39032918	0.7603194
1663771795376	9.6122675	0.27667013	0.7328019
1663771795384	9.578469	0.25752753	0.7399804
1663771795396	9.630214	0.29820552	0.8069794
1663771795403	9.657731	0.2970091	0.91465646
1663771795411	9.703195	0.2754737	1.061815
1663771795507	9.767801	0.28384858	1.0342976
1663771795521	9.784551	0.37836507	0.86919284
1663771795531	9.770194	0.37956148	0.8009974
1663771795543	9.770194	0.33290145	0.8141579
1663771795553	9.8348	0.25034907	0.92183495
1663771795564	9.813265	0.20578274	0.93738824
1663771795573	9.767801	0.20937198	0.8883354
1663771795585	9.736694	0.2551347	0.8380861
1663771795594	9.723534	0.32452658	0.84167534
1663771795603	9.789336	0.39870408	0.85842514
1663771795612	9.843175	0.48364928	0.89312106
1663771795710	9.84796	0.52313083	0.90149593
1663771795719	9.779765	0.51236314	0.8919246
1663771795733	9.7247305	0.51236314	0.86560357
1663771795748	9.727123	0.49322057	0.7543373
1663771795757	9.721141	0.44656053	0.7471589
1663771795764	9.740284	0.4118646	0.8153543
1663771795774	9.757033	0.3807579	0.86201435
1663771795782	9.757033	0.36400816	0.91106725
1663771795790	9.795319	0.38315073	0.9816555
1663771795796	9.801301	0.36041892	1.0211371
1663771795839	9.743873	0.3173481	0.99720883
1663771795846	9.666106	0.30897322	0.94337034
1663771795852	9.640982	0.30538398	0.91346
1663771795858	9.638589	0.36759737	0.93978107
1663771795907	9.640982	0.34247273	1.0785648
1663771795916	9.705587	0.325723	1.1312069
1663771795945	9.75823	0.37477586	1.0654043
1663771795952	9.755837	0.43938205	1.0450653
1663771795960	9.70798	0.43100718	1.0474582
1663771795972	9.684052	0.37238303	0.9936196
1663771796089	9.661321	0.32333016	0.9409775
1663771796104	9.607482	0.3065804	0.9086744
1663771796115	9.596714	0.32452658	0.9529416
1663771796124	9.668499	0.34965122	1.0342976
1663771796136	9.78814	0.38434714	1.1347961
1663771796142	9.8682995	0.4118646	1.1901301
1663771796153	9.913763	0.42981076	1.2020943
1663771796167	9.819247	0.43459642	1.1479566
1663771796179	9.670892	0.4549354	1.0438689
1663771796191	9.568898	0.41545382	0.92542416
1663771796206	9.521041	0.37477586	0.91226363
1663771796330	9.609875	0.36161533	1.061815
1663771796341	9.71157	0.37716866	1.1479566
1663771796352	9.826426	0.47168517	1.1264212
1663771796366	9.865907	0.54346985	1.1706885
1663771796377	9.85155	0.60807604	1.2367902
1663771796386	9.776176	0.5590232	1.2212368
1663771796399	9.696016	0.4034897	1.1850454
1663771796412	9.609875	0.26111677	1.1144571
1663771796424	9.560523	0.25034907	1.1659029
1663771796434	9.64816	0.27667013	1.2044871
1663771796495	9.802497	0.34366915	1.1479566
1663771796506	9.658928	0.32213375	1.0989038
1663771796517	9.262616	0.19621146	1.1790633
1663771796531	9.062816	0.1268196	1.183849
1663771796543	9.084352	0.39750767	0.9912268
1663771796552	9.305687	1.2843475	0.6693921
1663771796562	9.701999	2.0745773	0.8979067
1663771796574	10.147063	2.4131618	1.7503498
1663771796583	10.3746805	2.132005	2.7053852
1663771796594	10.166505	1.5335002	3.1543384
1663771796605	9.497113	0.84167534	2.716153
1663771796618	8.56122	0.285045	1.7958134
1663771796756	7.797312	-0.11246266	1.0307083
1663771796764	7.5867434	-0.54346985	0.67776704
1663771796774	8.102695	-1.1395818	0.37597227
1663771796782	9.035298	-1.4458631	0.050249275
1663771796793	10.3136635	-1.3298112	-0.08853444
1663771796803	11.436496	-0.91346	0.48364928
1663771796813	11.606386	-0.50398827	1.1347961
1663771796823	10.647463	-0.4668995	1.835295
1663771796834	9.394221	-0.3182454	2.2695923
1663771796845	8.416156	-0.08015956	1.9310079
1663771796855	8.090732	0.15792629	1.3313067
1663771796865	8.351549	0.2730809	0.64905316
1663771796877	9.142975	0.5518447	0.2958127
1663771796910	10.141082	0.62841505	0.30418757
1663771796922	10.653444	0.104087785	0.95413804
1663771796947	10.588839	-0.5458627	1.8364913
1663771796959	10.265807	-0.88325065	2.2468605
1663771796969	9.713963	-0.9637093	2.1367905
1663771796982	9.275777	-0.6619146	2.024328
1663771797088	9.223135	0.025124637	2.0207388
1663771797103	9.530613	0.5422734	2.012364
1663771797114	9.786943	0.72412795	2.0793629
1663771797126	9.97478	0.53270215	2.053042
1663771797136	10.005887	0.16630118	1.8329022
1663771797146	9.761819	-0.20578274	1.631606
1663771797154	9.615857	-0.44057846	1.4676976
1663771797163	9.9089775	-0.28713873	1.6124634
1663771797175	10.848759	0.1698904	2.0291135
1663771797185	11.845967	0.41665024	1.8903298
1663771797198	12.342479	-0.47048876	1.7464614
1663771797315	13.4354	-1.7548363	0.85842514
1663771797326	14.895919	-1.5945172	0.24915266
1663771797336	15.244374	-0.34606197	-0.10289137
1663771797345	13.771891	0.4322036	-1.4853446
1663771797353	10.873883	0.32093734	-1.8373886
1663771797364	8.554042	1.2293127	-2.1221347
1663771797376	7.0468626	2.6479573	-2.0240288
1663771797387	5.8749776	3.5623147	-1.3980067
1663771797396	5.4020963	3.5682967	-0.9023932
1663771797405	5.61745	2.7041886	0.16420746
1663771797547	7.280163	1.6926229	0.12352947
1663771797561	9.109476	0.75284183	-0.5841478
1663771797573	10.457233	0.20697916	-0.30508488
1663771797584	10.36152	-0.046660043	0.7112665
1663771797595	9.48156	0.034695927	1.3576277
1663771797605	9.007482	0.5566304	1.3229318
1663771797616	8.444869	1.0749756	1.0989038
1663771797627	8.014161	1.3190435	0.8883354
1663771797636	7.7793655	1.3214363	1.340878
1663771797646	7.9184484	1.3405789	1.4844474
1663771797657	8.848359	1.4198412	1.4102699
1663771797666	10.420144	1.8242282	1.5789639
1663771797766	11.402996	2.5546372	1.7237296
1663771797776	10.696515	2.6216364	1.5466608
1663771797787	10.287343	1.6734804	1.3301103
1663771797796	11.700903	1.21017	0.5458627
1663771797804	13.594822	2.0697916	0.05503492
1663771797810	15.088541	2.9135606	0.2742773
1663771797816	14.444573	1.0881361	-1.1060823
1663771797822	11.61835	-1.2580265	-3.063112
1663771797831	8.801699	-2.2947168	-3.4594233
1663771797840	6.8195443	-2.1750758	-2.477768
1663771797850	5.44756	-1.8457636	-2.3892334
1663771797859	5.603093	-0.45613182	-1.372882
1663771797875	6.6361947	0.5458627	-0.051445685
1663771797975	8.761021	1.6160526	1.1252248
1663771797985	10.072886	1.8014964	1.7551354
1663771797995	10.328021	1.8984057	2.0267208
1663771798005	9.932906	1.6698911	1.6328024
1663771798015	9.215957	1.076172	0.7926225
1663771798026	8.397013	0.34965122	0.44656053
1663771798088	7.581958	-0.37477586	0.91465646
1663771798101	7.510173	-0.7923234	1.3432708
1663771798112	8.695218	-0.37716866	1.2738789
1663771798123	10.442876	0.4668995	1.3002
1663771798135	12.613167	1.2580265	2.062613
1663771798144	14.571393	1.5179468	2.8022945
1663771798156	13.892728	1.0259227	3.6152558
1663771798168	11.85195	0.046660043	2.8034909
1663771798181	11.0557375	-1.6184454	1.5897316
1663771798194	10.877473	-3.5635111	-0.69302124
1663771798201	10.047761	-3.1363924	-1.8661026
1663771798273	9.596714	-1.1072787	-2.7062824
1663771798286	9.857532	0.8129615	-5.069494
1663771798297	10.2347	2.3138595	-5.9096737
1663771798307	10.776974	3.7707894	-3.9011981
1663771798349	10.653444	3.856931	-1.5116657
1663771798358	9.666106	3.0514472	0.14506488
1663771798367	9.056833	2.3784657	1.1826526
1663771798380	8.416156	1.4928222	1.5538392
1663771798391	8.332407	0.91346	1.4988043
1663771798402	8.012965	0.4884349	1.6399808
1663771798548	7.770991	-0.30029923	0.5913263
1663771798561	7.487441	-0.91465646	-0.13399807
1663771798572	7.332805	-0.9601201	0.325723
1663771798584	7.3678	-1.326222	1.2655041
1663771798595	8.003393	-1.3716856	1.3564314
1663771798604	9.436096	-0.2009971	2.0590239
1663771798614	10.661819	1.8314066	3.1890345
1663771798625	11.0760765	3.83061	3.013162
1663771798637	11.320444	4.5332026	1.5610176
1663771798647	13.464114	5.205885	-1.6363916
1663771798737	15.250356	4.243671	-3.7130625
1663771798748	14.33211	-0.15672988	-3.7573297
1663771798757	11.551352	-3.6891344	-5.32074
1663771798767	9.737891	-4.816752	-4.54397
1663771798779	8.450851	-4.866104	-2.5088747
1663771798791	8.142178	-3.063112	0.71365935
1663771798804	9.807282	0.2515455	2.8597221
1663771798814	10.513465	1.6770695	4.3740797
1663771798823	10.296914	2.5259235	4.4315076
1663771798833	9.64457	2.539084	3.4067812
1663771798846	8.747861	1.989632	1.0809577
1663771798857	7.1365933	0.9828519	-1.1575279
1663771798869	5.4236317	0.076570325	-2.6404798
1663771798879	4.6636114	-0.44177487	-2.740081
1663771798938	5.2633123	-0.28235307	-1.4985052
1663771798949	7.4682984	0.28265217	-0.051445685
1663771798959	11.508281	1.3214363	1.7826529
1663771798970	15.71576	2.2229323	4.2592244
1663771798982	15.9433775	2.1164517	6.698707
1663771798994	12.8010025	0.45134616	5.4311094
1663771799088	12.067304	-1.8050855	1.9944177
1663771799102	12.609577	-3.6891344	-2.4514468
1663771799111	12.594024	-2.5339992	-4.057928
1663771799122	12.281462	-0.34606197	-5.3015976
1663771799133	11.49871	0.9601201	-6.6074805
1663771799145	10.203594	1.9669002	-5.2082777
1663771799157	9.152547	2.4346972	-3.228217
1663771799166	8.849555	2.5438695	0.1055833
1663771799177	9.1669035	2.2695923	2.5235305
1663771799188	8.67129	1.9214365	2.6898317
1663771799198	7.8523464	0.63200426	1.8496519
1663771799338	7.314859	0.32093734	1.2822539
1663771799355	6.326324	-0.30987054	0.55782676
1663771799365	5.961119	-0.64037913	-0.29312077
1663771799373	5.92762	-0.7815557	-1.1072787
1663771799382	6.660123	-1.0175478	-0.56500524
1663771799395	9.114262	-0.6260222	1.623231
1663771799404	12.110374	-0.6308079	2.8657043
1663771799415	12.627523	-0.89312106	3.6690943
1663771799427	11.6339035	0.2009971	2.8585258
1663771799439	11.49512	2.2695923	1.6483557
1663771799548	12.891931	4.644469	0.22642085
1663771799560	15.567405	6.1384873	-0.770788
1663771799569	14.463716	2.6659036	-2.6632116
1663771799581	11.2352	-0.9098708	-4.587041
1663771799595	9.2997055	-2.856133	-4.49731
1663771799604	8.379066	-4.0244284	-3.687938
1663771799614	6.91765	-4.4805603	-2.0898316
1663771799626	6.890133	-2.9004002	-0.5626124
1663771799637	7.7685976	-0.5733801	0.49322057
1663771799649	9.80489	1.4712868	2.2420747
1663771799664	10.830812	2.4299114	3.0885358
1663771799677	10.216755	2.184647	3.2979078
1663771799715	9.194421	1.901995	2.0817556
1663771799727	7.9423766	1.3827524	0.15702899
1663771799741	6.684051	0.74446696	-1.5308083
1663771799754	6.018547	0.1471586	-1.9630119
1663771799766	6.6314087	-0.29671	-1.0594223
1663771799780	9.223135	0.27667013	0.71246296
1663771799790	12.495918	0.82731843	2.3787649
1663771799802	14.25554	1.1730813	4.0331025
1663771799811	12.86202	0.750449	5.7017975
1663771799840	10.93849	0.64995044	5.0192447
1663771799849	10.47159	0.25752753	2.1762722
1663771799858	11.60519	-1.11685	-1.4207385
1663771799868	12.159428	-1.5430715	-3.9670007
1663771799942	12.143874	-1.4494523	-2.7412775
1663771799956	12.883555	-1.3752748	-5.81755
1663771799965	11.95843	0.076570325	-7.949555
1663771799972	9.902996	2.1463618	-4.822734
1663771799983	8.313264	3.165106	-1.0363913
1663771799994	8.155337	3.4797623	1.6387844
1663771800050	9.212367	3.8700914	2.7975087
1663771800064	9.035298	3.3373895	2.5749762
1663771800074	8.151749	2.1954148	1.9441684
1663771800081	7.376175	1.2053844	0.30059835
1663771800089	6.745068	0.27906293	-0.8557332
1663771800099	6.326324	-0.13878371	-1.0809577
1663771800110	6.3825555	0.011964113	-0.6870392
1663771800165	6.8542404	-0.047856454	0.08644072
1663771800176	7.585547	0.2515455	1.2906287
1663771800185	8.953643	0.8344969	2.754438
1663771800195	11.040185	1.3369896	4.1144586
1663771800339	12.086446	1.3022938	4.331009
1663771800357	11.478371	1.0689936	3.6056845
1663771800367	10.629517	1.0115658	2.8381867
1663771800377	10.264611	0.3592225	2.2983062
1663771800388	10.490733	-0.8700901	0.68135625
1663771800399	12.039786	0.14955142	-0.71455663
1663771800409	14.816956	4.2556353	-1.5858432
1663771800420	17.33301	6.059524	-0.6008976
1663771800433	15.310177	3.539583	-0.7600203
1663771800445	12.32214	0.62123656	-2.7723842
1663771800495	10.117153	-1.3740784	-2.7098715
1663771800508	7.9160557	-2.972185	-2.6919255
1663771800518	5.6533427	-4.369294	-1.8182461
1663771800527	4.666004	-3.9071803	-0.30867413
1663771800538	5.434399	-2.1308086	0.74117684
1663771800549	6.963114	-0.4010969	0.7052845
1663771800559	8.7418785	0.73848486	1.7380866
1663771800569	9.785748	1.7632111	3.4103706
1663771800581	9.867104	2.5007987	3.4199417
1663771800593	9.262616	2.579762	2.7005994
1663771800603	8.265408	2.1020947	1.4461622
1663771800612	7.5197444	1.6363916	0.738784
1663771800757	6.6589265	0.88235337	0.5243273
1663771800772	6.660123	0.24556342	-0.076570325
1663771800786	7.94118	0.07178468	-0.22731815
1663771800798	9.470792	0.4322036	0.74835527
1663771800810	11.380264	1.442573	2.103291
1663771800822	13.186546	1.8122641	3.6320057
1663771800833	13.582858	1.198206	4.8038907
1663771800842	12.856038	0.2623132	4.712963
1663771800849	12.870395	-1.6555341	2.7053852
1663771800858	13.757534	-3.5491543	-0.56500524
1663771800869	14.22563	-2.7209384	-2.6249263
1663771800881	13.79223	-1.1431711	-2.5555346
1663771800892	12.838092	0.68345	-5.3614182
1663771800937	11.18495	1.6890336	-5.675177
1663771800951	8.455637	2.3976083	-3.409174
1663771800964	6.4758754	2.9566314	-1.1395818
1663771800977	6.1824555	3.0272198	0.19770697
1663771800989	7.318448	2.5402803	1.0115658
1663771801001	8.494222	1.8517456	0.97567344
1663771801087	8.758628	1.2472588	0.8380861
1663771801100	8.243873	0.88354975	1.07019
1663771801114	7.57119	0.5662017	0.99720883
1663771801126	6.8745794	0.2670988	0.4956134
1663771801137	6.757032	0.25034907	-0.10049855
1663771801148	6.800402	0.5590232	0.18215363
1663771801162	7.0337024	0.45972106	0.42502514
1663771801176	7.80449	0.60329044	0.96490574
1663771801188	9.349955	1.2843475	2.099702
1663771801198	11.333605	1.6734804	3.5446677
1663771801206	12.635899	1.8326031	4.074977
1663771801337	11.818151	1.9788643	3.6080775
1663771801354	10.673783	2.1176481	1.6555341
1663771801362	12.384353	3.7217364	0.047856454
1663771801372	16.781164	6.853044	-1.7620147
1663771801383	17.47927	4.619344	-3.7429729
1663771801395	13.689339	-0.10887343	-5.6596236
1663771801406	10.836795	-2.359323	-5.620142
1663771801416	8.5887375	-3.559922	-3.856632
1663771801428	7.21436	-4.0124645	-2.4059832
1663771801437	6.1920266	-3.8138602	-0.1160519
1663771801535	7.125826	-1.0378869	2.37039
1663771801542	8.417352	1.1778669	3.3720853
1663771801554	8.851949	1.5466608	3.7504504
1663771801563	8.506186	1.9103698	3.342175
1663771801570	8.028518	2.524727	2.4864419
1663771801577	7.3160553	2.7915268	0.5901299
1663771801587	6.728318	2.4514468	-1.4327025
1663771801592	6.4363937	1.7668004	-2.347359
1663771801600	6.903293	1.5023935	-1.9450657
1663771801607	9.486345	2.0841484	0.98883396
1663771801613	13.516756	2.239682	3.5350964
1663771801628	15.557834	1.3983058	4.4039903
1663771801637	13.621143	-0.16869399	5.3832526
1663771801647	12.020643	-1.4820545	4.5729833
1663771801652	12.694522	-2.9985058	1.4988043
1663771801657	11.926127	-3.5144582	-3.3469608
1663771801678	11.362318	-2.4729822	-4.426722
1663771801697	12.525828	0.013160525	-5.311169
1663771801715	14.354842	2.8800611	-6.54766
1663771801734	11.861521	3.6020954	-5.7948184
1663771801754	8.770593	3.0693932	-3.5072799
1663771801774	7.4192457	2.6371896	-0.96460664
1663771801788	7.135397	2.1379871	0.19172491
1663771801819	7.160522	1.7871394	0.6152545
1663771801835	7.2622166	1.5000007	1.1913266
1663771801853	6.99781	0.96490574	1.5514464
1663771801869	6.812366	0.95653087	1.0845468
1663771801887	6.463911	0.6978069	-0.09810573
1663771801906	6.745068	0.6008976	-0.69182485
1663771801924	7.598707	0.36041892	-0.24765715
1663771801950	8.901001	-0.2644069	0.9314062
1663771801967	10.192826	-0.5829514	2.1918256
1663771801998	10.973186	-0.74446696	3.4752758
1663771802017	11.195718	-0.45852464	3.938287
1663771802032	11.025827	0.6906284	3.8760736
1663771802050	10.603195	1.6339988	3.4393835
1663771802070	11.167005	2.80708	1.4569299
1663771802087	15.0634165	6.6855464	-1.000499
1663771802117	18.358932	7.365407	-3.225824
1663771802147	13.782659	1.8421743	-5.378168
1663771802155	10.417751	-2.349752	-6.1468625
1663771802176	9.205189	-3.9825542	-3.8063827
1663771802182	8.136195	-4.7306104	-1.2125629
1663771802203	7.510173	-4.802395	0.948156
1663771802220	7.518548	-3.673581	2.5618157
1663771802251	8.292925	-1.1754742	1.9357935
1663771802270	8.78136	0.29102704	2.3871398
1663771802282	8.71795	1.1347961	2.8310082
1663771802301	8.381459	1.617249	2.4254248
1663771802320	7.8164544	1.7835501	1.4856437
1663771802349	7.0337024	1.4246268	0.03708875
1663771802370	6.3287168	1.2556337	-0.6906284
1663771802397	6.062814	1.218545	-0.4031906
1663771802403	6.9475603	1.1611172	0.16181463
1663771802418	8.731111	1.0606186	0.77826554
1663771802435	10.51825	1.1515459	1.6196418
1663771802456	11.8950205	1.8577276	2.4062822
1663771802471	13.277473	2.8501508	3.5159538
1663771802502	13.653446	3.0092735	4.210171
1663771802519	13.005888	1.8254246	2.7759733
1663771802543	13.021441	-0.46331027	1.1407782
1663771802551	12.475579	-2.556731	-0.4103691
1663771802568	12.742379	-2.7771697	-1.0184451
1663771802601	13.464114	-1.8960128	-1.2137593
1663771802612	12.372389	-0.5985048	-4.028018
1663771802637	10.088439	0.2623132	-4.7605205
1663771802686	8.496614	1.6016957	-3.2246277
1663771802694	7.2263246	2.815455	-1.8661026
1663771802706	6.352645	3.1196425	-0.7755736
1663771802726	6.8458657	2.815455	-0.1471586
1663771802734	8.263015	2.461018	0.41545382
1663771802771	8.873484	1.5813566	1.2846466
1663771802779	8.793324	1.0582259	1.3983058
1663771802828	8.795717	0.65712893	1.1431711
1663771802837	8.771789	0.5303093	0.77826554
1663771802844	8.264212	0.09930214	0.9182457
1663771802873	7.72792	-0.16510476	0.61405814
1663771802882	8.03809	0.24795625	0.75912297
1663771802890	8.621041	0.70977104	1.4533406
1663771802921	9.38465	1.1108679	2.07697
1663771802936	9.747462	1.3576277	2.8875387
1663771802946	9.869496	1.3648062	3.2081769
1663771802979	9.968799	1.2317054	2.7065816
1663771802988	9.719945	1.0223335	2.3691936
1663771803031	9.221938	0.64277196	1.582553
1663771803039	9.862318	0.35563326	-0.6260222
1663771803046	12.985549	2.6802604	-2.117349
1663771803084	17.933907	6.789634	-0.8880363
1663771803093	17.493628	4.9283175	-0.0035892338
1663771803103	13.99562	0.8237292	-2.1400807
1663771803126	12.157035	-0.80189466	-2.1675982
1663771803136	10.295717	-2.2731814	-1.1766706
1663771803182	7.6609206	-3.8880377	-0.9311071
1663771803190	5.738587	-4.5152564	-0.22971097
1663771803213	4.979464	-3.650849	0.103190474
1663771803242	5.3219366	-1.556232	-0.38883367
1663771803255	6.5644097	0.09571291	-0.25004998
1663771803286	8.178069	1.1922239	0.68853474
1663771803297	9.196814	2.0410776	1.7488543
1663771803305	9.363115	2.5630121	1.9860427
1663771803322	9.0544405	2.3234308	2.0518453
1663771803334	8.532506	1.6471593	1.881955
1663771803382	8.079964	1.1407782	1.3827524
1663771803391	7.8894353	0.7962117	0.7543373
1663771803398	8.45803	0.6786643	0.39870408
1663771803427	9.391829	0.5829514	0.91106725
1663771803436	9.97837	0.8069794	1.7033906
1663771803471	10.506286	1.6914265	1.867598
1663771803481	11.279766	1.3250256	1.4006985
1663771803490	13.448561	-0.2428715	0.91106725
1663771803526	16.124035	-1.4195421	-0.45942193
1663771803537	17.12603	-1.3860425	-0.5937191
1663771803546	15.174683	-0.8641081	-2.3629124
1663771803583	12.155838	0.45972106	-4.196712
1663771803589	9.718748	2.4346972	-3.336193
1663771803619	7.4599237	4.034	-2.3150558
1663771803635	6.39093	4.5798626	-1.2329018
1663771803646	6.98106	3.769593	0.9589237
1663771803679	8.601898	2.3341985	1.1240284
1663771803691	9.620643	1.0127622	0.040677983
1663771803702	9.749855	0.20697916	0.42622152
1663771803735	8.818449	-0.24646074	0.907478
1663771803745	7.6836524	-0.28953153	0.48963133
1663771803774	6.736693	-0.09571291	0.0059820567
1663771803783	6.093921	0.37477586	-0.008374879
1663771803793	5.749355	0.77677006	0.43938205
1663771803839	5.745765	0.8380861	1.1264212
1663771803850	6.329913	0.8225328	1.6962122
1663771803861	7.6011004	0.75643104	1.896312
1663771803885	9.645767	1.0438689	2.3596222
1663771803894	11.394622	1.434198	3.0299118
1663771803924	12.354443	1.8302102	3.431906
1663771803936	11.7463665	1.6459628	3.185445
1663771803982	11.527423	1.0211371	1.3731811
1663771803990	13.854444	1.7237296	0.20847467
1663771803998	18.173489	4.8792644	-0.50159544
1663771804022	18.206987	3.8641095	-0.8605189
1663771804036	14.616857	0.71455663	-2.8812575
1663771804046	12.173784	-0.474078	-3.1049864
1663771804078	9.669696	-1.2951152	-1.7021942
1663771804090	7.5640116	-2.2755744	-0.3696911
1663771804129	6.2365932	-2.7125635	0.631107
1663771804141	5.2980084	-2.2707887	0.49441698
1663771804149	5.2453666	-1.5729818	0.023928227
1663771804187	6.0281186	-0.5315057	-0.25962126
1663771804201	6.8662047	0.75523466	0.44656053
1663771804211	7.3375907	1.6100706	0.92303133
1663771804244	7.8344007	2.1008983	1.0055838
1663771804252	8.422137	2.1870399	0.92542416
1663771804278	8.947661	2.0051854	0.9493524
1663771804292	9.190832	1.6040884	1.6818552
1663771804303	8.818449	0.8045866	1.4186447
1663771804328	8.879466	0.1160519	0.97806627
1663771804342	9.119047	0.023928227	0.74835527
1663771804383	9.838389	0.68225354	1.285843
1663771804393	11.0557375	1.7991035	2.439782
1663771804404	12.822538	2.8633113	3.6451662
1663771804437	13.622339	2.530709	5.2013984
1663771804447	12.341282	1.2005987	5.2695937
1663771804455	11.496316	-0.669093	2.585744
1663771804487	12.274282	-2.8992038	-1.4255241
1663771804496	12.613167	-2.8525436	-2.984149
1663771804503	13.683356	-0.48245287	-3.0475588
1663771804531	14.573786	1.9214365	-5.8079786
1663771804541	12.824931	2.4191437	-5.1006007
1663771804581	9.85155	2.329413	-2.8094728
1663771804591	7.8643107	2.2265215	-1.1300105
1663771804640	7.133004	1.5119648	0.44656053
1663771804650	7.530512	0.5841478	1.1120644
1663771804659	8.099107	-0.10289137	0.59730834
1663771804683	7.923234	-0.5303093	0.45014977
1663771804695	7.3713894	-0.57457656	0.63828546
1663771804704	6.799206	-0.30149564	0.65024954
1663771804729	6.5344996	-0.083748795	0.37597227
1663771804739	6.914061	0.24556342	-0.09212367
1663771804783	7.186843	0.71455663	-0.37328035
1663771804792	7.300502	1.2568301	0.0047856453
1663771804804	7.818847	1.5215361	1.1359925
1663771804816	8.845966	1.4772689	2.5366912
1663771804825	9.923335	0.9720842	3.2823544
1663771804860	10.946864	0.38673997	3.4956148
1663771804874	11.242378	0.16869399	3.2967114
1663771804919	10.985149	0.7648059	2.7388847
1663771804931	10.566107	1.5382859	1.7129619
1663771804945	11.0042925	2.268396	0.1271187
1663771804977	13.55534	3.9311085	-1.1096715
1663771804987	14.915062	4.6229334	-1.7823538
1663771805007	13.689339	2.5151558	-1.7033906
1663771805020	13.29542	0.535095	-1.3704891
1663771805026	12.664612	-0.42861435	-1.1276177
1663771805068	11.068898	-2.1284158	-1.1312069
1663771805082	9.306884	-3.9538403	-1.1862419
1663771805093	8.078768	-4.2652063	0.12233306
1663771805118	7.0025954	-3.7229328	0.7316055
1663771805127	6.7175503	-1.8230318	0.12592229
1663771805168	6.9116683	0.10289137	-0.37447673
1663771805179	7.530512	1.1754742	-0.65952176
1663771805196	8.438888	1.9417756	0.23120649
1663771805206	8.836395	2.2241287	1.4808581
1663771805217	8.600702	1.6483557	2.1176481
1663771805262	8.362317	1.0031909	1.9740787
1663771805273	8.125427	0.5303093	1.3420744
1663771805287	8.085946	0.20697916	1.035494
1663771805309	8.124231	-0.15194423	0.85124665
1663771805320	8.538488	-0.078963146	0.8213364
1663771805362	8.859127	0.4441677	0.9385847
1663771805373	9.353543	1.4916258	1.6674982
1663771805400	10.007083	2.4658036	2.390729
1663771805408	10.736296	2.7065816	2.4672992
1663771805416	11.82533	2.4215364	2.5546372
1663771805441	13.774283	1.2269198	2.5869403
1663771805458	16.32264	-1.0378869	1.5394822
1663771805468	16.027126	-3.0858438	-0.5267201
1663771805486	14.350057	-2.4179473	-1.9271195
1663771805531	12.413365	-0.19860429	-3.8796628
1663771805541	10.177273	0.87278205	-4.792824
1663771805549	8.363513	1.6782659	-3.3601213
1663771805588	7.3773713	2.481656	-1.602593
1663771805604	6.747461	2.7652056	-0.5303093
1663771805613	6.7390857	2.2145574	0.16779669
1663771805646	7.648957	1.5143577	0.5159524
1663771805655	8.397013	0.907478	0.2742773
1663771805685	9.172886	0.42502514	0.45014977
1663771805698	9.312865	0.14117654	0.84167534
1663771805708	8.528917	-0.0011964113	0.57816577
1663771805729	7.8870425	0.22372891	0.14147563
1663771805739	7.689635	0.4764708	0.33050862
1663771805774	8.033304	1.1036894	0.7615158
1663771805785	8.362317	1.5179468	1.5598212
1663771805828	8.745467	1.6567305	2.0721843
1663771805837	9.346365	1.7572291	2.754438
1663771805845	9.795319	1.3226327	3.3661032
1663771805852	10.057333	0.56380886	3.3493536
1663771805877	9.876675	0.0011964113	2.7293134
1663771805911	9.828818	-0.08255238	1.2176477
1663771805921	11.393425	0.7217351	-0.465404
1663771805930	15.011971	2.9817562	-2.4801607
1663771805969	15.719349	2.501995	-3.7513478
1663771805979	13.545769	0.13878371	-3.1049864
1663771805989	11.674582	-1.2029916	-2.28036
1663771806024	9.815658	-2.6048865	-1.4338989
1663771806035	8.279764	-2.9578278	-1.1910275
1663771806062	7.3268228	-2.3641088	-0.56141603
1663771806073	7.628618	-0.5626124	-0.4956134
1663771806082	9.165708	1.6758732	-0.7636095
1663771806094	10.931312	2.746063	-0.3290131
1663771806161	11.483156	2.5989046	0.35443684
1663771806172	10.283753	1.6411772	1.0187442
1663771806184	8.738289	0.7049854	0.92183495
1663771806196	7.6214395	0.104087785	0.21326032
1663771806208	7.0983086	-0.47168517	-0.0849452
1663771806219	7.210771	-0.8967103	-0.0047856453
1663771806262	7.520941	-1.1120644	0.075673014
1663771806268	8.310871	-0.87966144	0.034695927
1663771806296	9.61825	-0.21535404	0.25872394
1663771806305	10.986346	0.66071814	0.95413804
1663771806312	11.899806	1.4784653	2.158326
1663771806363	11.909377	1.8397815	3.3517463
1663771806374	10.979168	1.2281163	3.275176
1663771806406	10.250254	0.15553348	1.8053846
1663771806420	10.845169	-0.77318084	-0.023928227
1663771806437	11.839986	-1.59691	-2.1675982
1663771806447	12.28864	-1.6016957	-2.786741
1663771806479	12.106785	-0.5458627	-1.8194425
1663771806487	11.033006	0.3293122	-1.5092729
1663771806497	9.562916	1.0199406	-1.5631114
1663771806533	8.404191	1.5801603	-1.1264212
1663771806542	7.726723	1.7333009	-0.3182454
1663771806550	7.450352	1.5801603	-0.0071784677
1663771806582	7.745866	1.0689936	-0.26081768
1663771806591	8.664112	0.689432	-0.8856435
1663771806599	9.838389	0.45732823	-1.0642079
1663771806641	10.615159	0.58893347	-0.4881358
1663771806650	10.406984	0.64875406	0.033499517
1663771806681	9.874282	0.72053874	0.010767702
1663771806691	9.225528	0.6858428	0.29222345
1663771806699	8.554042	0.15194423	0.46331027
1663771806718	8.100303	-0.2321038	0.58534425
1663771806730	8.090732	-0.4860421	0.5901299
1663771806828	8.589934	-1.0797613	0.17736799
1663771806840	9.673285	-1.3345969	-1.0100702
1663771806851	11.034203	-0.5925227	-1.8577276
1663771806861	12.107982	1.041476	-3.1600213
1663771806924	12.163016	2.1308086	-2.821437
1663771806937	11.116755	1.9238294	-1.1790633
1663771806947	10.023833	1.4760724	-0.22013968
1663771806956	9.355937	0.9493524	0.4010969
1663771806966	9.138189	0.26829523	0.2754737
1663771806976	9.188439	-0.12203395	-0.54705906
1663771807046	9.102298	-0.15074782	-0.9311071
1663771807056	9.096315	-0.1268196	-1.1670992
1663771807067	9.385847	-0.13998012	-1.3190435
1663771807077	9.770194	-0.11246266	-1.2412767
1663771807086	9.952048	0.010767702	-0.9849456
1663771807097	9.88505	0.08135597	-0.5458627
1663771807107	9.737891	-0.18065812	-0.44985065
1663771807117	9.830014	-0.4334	-0.40558344
1663771807125	9.934102	-0.36281174	-0.485743
1663771807133	9.88146	-0.086141616	-0.78035927
1663771807238	9.556933	0.16749759	-1.1072787
1663771807253	9.113065	0.1591227	-1.230509
1663771807264	8.8447695	0.019142581	-1.0459626
1663771807274	9.040084	-0.09332009	-0.53389853
1663771807322	9.596714	-0.2440679	-0.06460621
1663771807335	10.294521	-0.18903299	0.010767702
1663771807345	10.721939	-0.07298109	-0.06460621
1663771807355	10.540982	-0.17467605	-0.25603202
1663771807366	10.232307	-0.29671	-0.47856453
1663771807376	10.195219	-0.30508488	-0.58654064
1663771807385	10.1904335	-0.26799613	-0.6439684
1663771807464	10.17847	-0.2321038	-0.5267201
1663771807475	10.191629	-0.20458634	-0.46660042
1663771807486	10.267004	-0.12562318	-0.57457656
1663771807497	10.209576	-0.13040884	-0.56500524
1663771807521	9.806087	-0.23808585	-0.7480562
1663771807533	9.469596	-0.317049	-0.80548394
1663771807542	9.378669	-0.34127632	-0.74207413
1663771807551	9.399008	-0.43938205	-0.5626124
1663771807563	9.438489	-0.5374878	-0.38644084
1663771807574	9.548559	-0.45014977	-0.13998012
1663771807593	9.782158	-0.32183465	0.0035892338
1663771807603	9.917353	-0.29790643	-0.1363909
1663771807661	9.907782	-0.27517462	-0.37806597
1663771807677	9.907782	-0.1591227	-0.78634137
1663771807686	9.920941	0.029910283	-0.98973125
1663771807723	9.8682995	0.0741775	-0.88205427
1663771807735	9.830014	-0.06460621	-0.6559325
1663771807744	9.845568	-0.1591227	-0.4761717
1663771807751	9.917353	-0.104087785	-0.43788654
1663771807763	9.997512	0.03708875	-0.43429732
1663771807837	9.969995	0.18544376	-0.43908295
1663771807853	9.85155	0.24915266	-0.5135596
1663771807863	9.761819	0.2213361	-0.76600236
1663771807870	9.746265	0.23838496	-0.9909277
1663771807880	9.713963	0.285045	-0.9622138
1663771807892	9.740284	0.3293122	-0.6667002
1663771807924	9.882657	0.35084763	-0.34217364
1663771807938	10.022636	0.34127632	-0.19501504
1663771807948	9.965209	0.2117648	-0.16151553
1663771807957	9.861121	0.5841478	0.44536412
1663771807968	8.926126	-0.041874398	-2.5088747
