Timestamp 	 X 	 Y 	 Z 
1663757560536	9.819247	0.3400799	-1.1647065
1663757560541	9.203992	-0.12801601	-1.1874382
1663757560545	9.808479	-0.24047868	-0.1160519
1663757560560	9.950852	-0.21296121	0.025124637
1663757560565	9.82164	-0.20817557	-0.30029923
1663757560571	9.761819	-0.2548356	-0.25842485
1663757560575	9.77139	-0.29192436	-0.19740787
1663757560581	9.80489	-0.2739782	-0.17826529
1663757560586	9.802497	-0.22612174	-0.2213361
1663757560590	9.778569	-0.2105684	-0.25244278
1663757560653	9.772587	-0.21296121	-0.2440679
1663757560659	9.802497	-0.18544376	-0.24526432
1663757560663	9.785748	-0.16869399	-0.23090738
1663757560667	9.754641	-0.21535404	-0.25842485
1663757560728	9.777372	-0.24646074	-0.22492532
1663757560738	9.796515	-0.2440679	-0.20338993
1663757560749	9.796515	-0.2009971	-0.19740787
1663757560757	9.789336	-0.1698904	-0.23928227
1663757560767	9.778569	-0.19501504	-0.2536392
1663757560774	9.77139	-0.20458634	-0.25722843
1663757560791	9.772587	-0.20219351	-0.25603202
1663757560802	9.789336	-0.2105684	-0.22851457
1663757560838	9.792926	-0.18903299	-0.18544376
1663757560861	9.772587	-0.19262223	-0.20219351
1663757560925	9.761819	-0.2009971	-0.20219351
1663757560935	9.80489	-0.20458634	-0.17347965
1663757560946	9.812068	-0.19980069	-0.14955142
1663757560957	9.784551	-0.20578274	-0.15314065
1663757560967	9.798908	-0.18783657	-0.17587246
1663757560978	9.78814	-0.20817557	-0.11724831
1663757561040	9.798908	-0.2117648	-0.13758731
1663757561058	9.782158	-0.22372891	-0.17587246
1663757561069	9.779765	-0.17587246	-0.18185452
1663757561083	9.809675	-0.11485548	-0.2117648
1663757561097	9.815658	-0.07298109	-0.22253251
1663757561106	9.776176	-0.09451649	-0.28115666
1663757561117	9.735498	-0.12323037	-0.30987054
1663757561159	9.712767	-0.11844472	-0.36490545
1663757561173	9.731909	-0.15792629	-0.33140594
1663757561185	9.784551	-0.20338993	-0.1698904
1663757561195	9.820443	-0.21894327	-0.06460621
1663757561294	9.827621	-0.17108682	-0.029910283
1663757561307	9.798908	-0.1268196	-0.10767702
1663757561317	9.801301	-0.08255238	-0.13280165
1663757561329	9.783355	-0.12203395	-0.18065812
1663757561344	9.78814	-0.14356937	-0.22372891
1663757561357	9.770194	-0.16151553	-0.21535404
1663757561369	9.782158	-0.148355	-0.2009971
1663757561384	9.807282	-0.15672988	-0.23090738
1663757561396	9.783355	-0.18903299	-0.24765715
1663757561405	9.752248	-0.19142582	-0.2955136
1663757561439	9.734302	-0.1902294	-0.30388847
1663757561449	9.757033	-0.16031912	-0.23330021
1663757561513	9.810872	-0.101694964	-0.15433706
1663757561521	9.828818	-0.09810573	-0.14237295
1663757561531	9.833604	-0.12801601	-0.17108682
1663757561546	9.797711	-0.1698904	-0.25244278
1663757561560	9.773783	-0.1902294	-0.28953153
1663757561576	9.752248	-0.21415763	-0.32063824
1663757561589	9.752248	-0.22013968	-0.3182454
1663757561601	9.751051	-0.2009971	-0.3469593
1663757561612	9.78814	-0.16630118	-0.32303107
1663757561737	9.784551	-0.17108682	-0.25244278
1663757561747	9.815658	-0.16031912	-0.26081768
1663757561759	9.820443	-0.1794617	-0.22492532
1663757561774	9.815658	-0.18903299	-0.2213361
1663757561788	9.768997	-0.19860429	-0.31944183
1663757561803	9.692428	-0.26081768	-0.38883367
1663757561818	9.67807	-0.32542387	-0.40677986
1663757561829	9.699606	-0.42981076	-0.39601216
1663757561842	9.742677	-0.62123656	-0.50039905
1663757561854	9.735498	-0.817448	-0.4235296
1663757561868	9.748658	-0.87367934	-0.47736812
1663757561884	9.737891	-0.8210373	-0.5518447
1663757561899	9.777372	-0.67028946	-0.35533416
1663757561913	9.806087	-0.54705906	-0.2416751
1663757561974	9.759426	-0.54346985	0.0071784677
1663757561987	9.757033	-0.5087739	0.1055833
1663757561996	9.740284	-0.5805586	0.11874382
1663757562005	9.959227	-0.52552366	0.21684955
1663757562014	9.968799	-0.5805586	0.3472584
1663757562026	10.0011015	-0.6559325	0.50039905
1663757562039	9.855139	-0.5769694	0.06610172
1663757562049	9.69482	-0.38554356	-0.0071784677
1663757562064	9.77498	-0.14596218	-0.023928227
1663757562077	9.889835	-0.11365908	-0.28115666
1663757562100	9.94487	-0.069391854	-0.24646074
1663757562114	9.841979	-0.25004998	-0.07058827
1663757562173	9.810872	-0.56380886	-0.3290131
1663757562186	9.838389	-0.67028946	-0.4642076
1663757562197	9.567701	-0.68105716	-0.5829514
1663757562206	9.446864	-0.80189466	-0.70259255
1663757562219	9.701999	-0.81864446	-0.47976094
1663757562297	9.904192	-0.7109674	-0.40558344
1663757562309	10.141082	-0.34486556	-0.33738798
1663757562321	10.058529	-0.083748795	-0.1902294
1663757562335	9.877871	-0.061016977	-0.19262223
1663757562348	9.796515	-0.1052842	-0.31585258
1663757562361	9.816854	-0.12562318	-0.4941179
1663757562377	9.792926	-0.21655045	-0.35294133
1663757562394	9.782158	-0.40947178	-0.32662028
1663757562405	10.020244	-0.4441677	-0.23330021
1663757562414	10.290932	-0.22971097	-0.24526432
1663757562547	10.07169	-0.015553347	-0.38883367
1663757562560	9.779765	0.26470602	-0.6056832
1663757562570	9.64816	0.40827537	-0.79710907
1663757562581	9.617053	0.41545382	-0.8772686
1663757562593	9.530613	0.40588254	-0.6583253
1663757562603	9.480363	0.45852464	-0.4319045
1663757562616	9.471989	0.43698925	-0.24047868
1663757562629	9.719945	0.33409786	0.031106694
1663757562641	9.897014	0.39032918	0.28145576
1663757562655	9.839586	0.3376871	0.17856438
1663757562758	10.0417795	0.24556342	-0.040677983
1663757562769	9.810872	0.16630118	-0.09451649
1663757562779	9.500702	0.38673997	-0.1794617
1663757562791	9.387043	0.56380886	-0.39840496
1663757562803	9.400204	0.5303093	-0.47377887
1663757562815	9.471989	0.5303093	-0.5458627
1663757562827	9.548559	0.56380886	-0.6762715
1663757562840	9.573684	0.5494519	-0.6451648
1663757562855	9.782158	0.44775695	-0.49920264
1663757562869	9.852746	0.26111677	-0.3505485
1663757562880	10.362717	0.44177487	-0.44147578
1663757562895	10.603195	0.63918275	-0.39361933
1663757562912	10.096814	0.29341987	1.1515459
1663757562926	9.664909	-0.27876383	1.2547364
1663757562936	9.780962	-0.20578274	-0.3493521
1663757562946	9.876675	0.09212367	-0.5422734
1663757562958	9.492328	0.05742774	-0.9095717
1663757562971	9.826426	0.13878371	-0.5709873
1663757562985	9.906585	-0.09930214	-0.0526421
1663757562997	9.728319	-0.25722843	0.019142581
1663757563005	9.813265	-0.02751746	-0.08135597
1663757563043	9.773783	0.050249275	-0.24526432
1663757563057	9.736694	-0.096909314	-0.21535404
1663757563070	9.825229	-0.22372891	-0.14356937
1663757563083	9.855139	-0.2416751	-0.2428715
1663757563167	9.731909	-0.18065812	-0.29312077
1663757563177	9.719945	-0.09092726	-0.3290131
1663757563187	9.785748	0.019142581	-0.47377887
1663757563201	9.8348	0.12921242	-0.5267201
1663757563216	9.81805	0.12083755	-0.485743
1663757563228	9.700802	0.034695927	-0.5267201
1663757563240	9.6326065	-0.08135597	-0.54466623
1663757563296	9.736694	-0.10289137	-0.46779683
1663757563310	9.78814	-0.13160525	-0.2847459
1663757563323	9.794122	-0.14596218	-0.24646074
1663757563334	9.773783	-0.1363909	-0.2632105
1663757563348	9.789336	-0.062213387	-0.317049
1663757563354	9.780962	-0.03708875	-0.33499518
1663757563364	9.797711	-0.038285162	-0.31585258
1663757563381	9.814461	-0.07298109	-0.31585258
1663757563394	9.78814	-0.086141616	-0.317049
1663757563408	9.751051	-0.12083755	-0.32542387
1663757563449	9.779765	-0.16271193	-0.31226337
1663757563460	9.825229	-0.20219351	-0.27756742
1663757563581	9.857532	-0.29312077	-0.22851457
1663757563594	9.833604	-0.3580261	-0.25603202
1663757563604	9.790533	-0.3580261	-0.2955136
1663757563615	9.780962	-0.34247273	-0.25004998
1663757563626	9.740284	-0.34965122	-0.26679972
1663757563636	9.753445	-0.31345975	-0.29072794
1663757563650	9.785748	-0.28235307	-0.30508488
1663757563663	9.807282	-0.26919255	-0.24765715
1663757563747	9.737891	-0.27517462	-0.2213361
1663757563762	9.731909	-0.2440679	-0.21894327
1663757563776	9.779765	-0.21415763	-0.17826529
1663757563789	9.790533	-0.148355	-0.13280165
1663757563799	9.810872	-0.16630118	-0.08973085
1663757563809	9.815658	-0.148355	-0.043070808
1663757563820	9.85155	-0.13519448	0.02871387
1663757563834	9.88146	-0.06819545	0.0023928226
1663757563845	9.841979	-0.04426722	-0.038285162
1663757563858	9.784551	-0.047856454	-0.17108682
1663757563870	9.77139	-0.06580263	-0.17706887
1663757563885	9.728319	-0.14117654	-0.11844472
1663757563897	9.731909	-0.20817557	-0.08255238
1663757563906	9.733106	-0.2835495	0.041874398
1663757563918	9.797711	-0.29192436	0.14386846
1663757563979	9.806087	-0.24765715	0.18693927
1663757563992	9.798908	-0.1794617	0.1797608
1663757564007	9.812068	-0.15672988	0.20368902
1663757564019	9.797711	-0.18544376	0.18454644
1663757564031	9.802497	-0.1471586	0.090029955
1663757564046	9.795319	-0.13878371	0.020338992
1663757564064	9.773783	-0.11964113	-0.040677983
1663757564080	9.742677	-0.111266255	-0.038285162
1663757564095	9.759426	-0.13040884	-0.0023928226
1663757564107	9.790533	-0.13040884	0.016749758
1663757564171	9.813265	-0.15433706	0.011964113
1663757564187	9.779765	-0.16390835	-0.04546363
1663757564196	9.753445	-0.1363909	-0.07776674
1663757564206	9.75823	-0.13280165	-0.0849452
1663757564221	9.782158	-0.1268196	-0.03708875
1663757564235	9.803694	-0.12083755	-0.0011964113
1663757564245	9.810872	-0.106480606	0.02751746
1663757564257	9.812068	-0.09571291	0.033499517
1663757564271	9.789336	-0.09332009	0.039481573
1663757564291	9.778569	-0.069391854	0.0011964113
1663757564307	9.760623	-0.05742774	-0.0071784677
1663757564319	9.763016	-0.1052842	0.008374879
1663757564330	9.794122	-0.09451649	-0.020338992
1663757564358	9.791729	-0.09930214	0.046660043
1663757564371	9.796515	-0.09212367	0.061016977
1663757564386	9.785748	-0.08135597	0.040677983
1663757564397	9.780962	-0.08255238	0.0023928226
1663757564546	9.789336	-0.051445685	-0.015553347
1663757564561	9.78814	-0.038285162	-0.022731815
1663757564574	9.784551	-0.034695927	0.021535404
1663757564587	9.779765	-0.03708875	-0.0011964113
1663757564597	9.792926	-0.011964113	-0.0011964113
1663757564606	9.790533	-0.021535404	-0.0047856453
1663757564620	9.798908	-0.029910283	0.022731815
1663757564632	9.800104	-0.06580263	0.023928227
1663757564647	9.767801	-0.09930214	-0.043070808
1663757564660	9.7654085	-0.0849452	-0.10289137
1663757564748	9.753445	-0.07537391	-0.078963146
1663757564765	9.786943	-0.09451649	-0.051445685
1663757564775	9.80489	-0.08015956	-0.015553347
1663757564789	9.800104	-0.051445685	-0.04546363
1663757564801	9.780962	-0.010767702	-0.08973085
1663757564810	9.782158	0.0	-0.07058827
1663757564822	9.796515	-0.031106694	-0.01794617
1663757564836	9.809675	-0.02751746	-0.051445685
1663757564845	9.812068	-0.033499517	-0.08135597
1663757564854	9.77498	-0.04426722	-0.058624156
1663757564868	9.768997	-0.021535404	-0.10049855
1663757564881	9.754641	-0.046660043	-0.046660043
1663757564892	9.778569	-0.05742774	-0.015553347
1663757564905	9.783355	-0.09451649	0.038285162
1663757564922	9.798908	-0.13160525	0.0071784677
1663757564999	9.792926	-0.12801601	-0.0035892338
1663757565014	9.791729	-0.13399807	-0.05383851
1663757565027	9.796515	-0.09810573	-0.013160525
1663757565041	9.795319	-0.09212367	-0.031106694
1663757565055	9.764212	-0.078963146	-0.03589234
1663757565069	9.790533	-0.08015956	-0.06699903
1663757565080	9.792926	-0.09212367	-0.04546363
1663757565092	9.797711	-0.09332009	-0.05383851
1663757565106	9.784551	-0.13040884	-0.04546363
1663757565116	9.794122	-0.11844472	-0.058624156
1663757565166	9.826426	-0.12562318	-0.078963146
1663757565175	9.813265	-0.13280165	-0.08733802
1663757565186	9.78814	-0.13399807	-0.1052842
1663757565200	9.752248	-0.13160525	-0.15194423
1663757565213	9.755837	-0.14117654	-0.13878371
1663757565224	9.780962	-0.14476576	-0.17108682
1663757565234	9.81805	-0.13280165	-0.1363909
1663757565294	9.795319	-0.12562318	-0.1698904
1663757565306	9.802497	-0.12801601	-0.19740787
1663757565316	9.792926	-0.111266255	-0.23928227
1663757565326	9.784551	-0.12562318	-0.25004998
1663757565337	9.776176	-0.1268196	-0.2835495
1663757565352	9.790533	-0.13040884	-0.24047868
1663757565364	9.792926	-0.15672988	-0.20817557
1663757565373	9.812068	-0.15553348	-0.18783657
1663757565385	9.807282	-0.1698904	-0.2117648
1663757565398	9.807282	-0.17826529	-0.21296121
1663757565542	9.814461	-0.16869399	-0.20458634
1663757565553	9.773783	-0.18185452	-0.2009971
1663757565562	9.772587	-0.19860429	-0.24526432
1663757565569	9.792926	-0.18424734	-0.22612174
1663757565579	9.797711	-0.19501504	-0.2213361
1663757565587	9.797711	-0.19740787	-0.19262223
1663757565591	9.803694	-0.1794617	-0.2117648
1663757565596	9.803694	-0.1794617	-0.22612174
1663757565600	9.794122	-0.17347965	-0.2321038
1663757565605	9.801301	-0.17467605	-0.22731815
1663757565746	9.766604	-0.15672988	-0.24646074
1663757565755	9.779765	-0.16151553	-0.25842485
1663757565761	9.780962	-0.14955142	-0.2428715
1663757565769	9.814461	-0.2117648	-0.19860429
1663757565780	9.840782	-0.2548356	-0.1794617
1663757565796	9.806087	-0.276371	-0.19621146
1663757565810	9.778569	-0.2620141	-0.2213361
1663757565824	9.806087	-0.25603202	-0.22492532
1663757565839	9.796515	-0.26919255	-0.2321038
1663757565856	9.792926	-0.27517462	-0.20219351
1663757565872	9.778569	-0.29790643	-0.21894327
1663757565885	9.790533	-0.2644069	-0.25004998
1663757565897	9.798908	-0.2727818	-0.23449662
1663757565909	9.77498	-0.25722843	-0.21655045
1663757565921	9.790533	-0.23688944	-0.21774685
1663757565988	9.801301	-0.27158538	-0.20817557
1663757566001	9.815658	-0.25722843	-0.19142582
1663757566012	9.82164	-0.23449662	-0.22253251
1663757566027	9.782158	-0.23449662	-0.23688944
1663757566044	9.763016	-0.24765715	-0.21655045
1663757566059	9.782158	-0.2620141	-0.19980069
1663757566074	9.784551	-0.25842485	-0.21774685
1663757566088	9.790533	-0.24526432	-0.2620141
1663757566098	9.796515	-0.25004998	-0.2213361
1663757566110	9.797711	-0.27038896	-0.17347965
1663757566153	9.778569	-0.29072794	-0.18065812
1663757566167	9.755837	-0.26679972	-0.27756742
1663757566176	9.725926	-0.23688944	-0.2955136
1663757566186	9.65175	-0.25962126	-0.2321038
1663757566199	9.697213	-0.2632105	-0.22492532
1663757566214	9.849157	-0.2536392	0.0
1663757566293	9.907782	-0.34606197	0.11156536
1663757566304	9.905389	-0.37238303	0.20129621
1663757566315	9.826426	-0.24526432	0.014356935
1663757566326	9.77139	-0.17826529	-0.021535404
1663757566336	9.70798	-0.1902294	-0.041874398
1663757566346	9.692428	-0.23330021	-0.1591227
1663757566356	9.717552	-0.30269206	-0.096909314
1663757566367	9.698409	-0.41665024	0.033499517
1663757566373	9.680463	-0.392722	-0.029910283
1663757566381	9.713963	-0.26919255	-0.09212367
1663757566391	9.778569	-0.21296121	-0.21296121
1663757566563	9.713963	-0.36640096	-0.32063824
1663757566578	9.631411	-0.4022933	-0.4139583
1663757566590	9.570094	-0.37238303	-0.38404804
1663757566600	9.482756	-0.4657031	-0.3924229
1663757566612	9.49472	-0.64875406	-0.5925227
1663757566624	9.64816	-0.9385847	-0.78035927
1663757566637	9.779765	-1.244866	-0.5195416
1663757566647	9.912567	-1.1970096	0.0035892338
1663757566659	10.044172	-0.7432705	0.50159544
1663757566669	9.959227	-0.3400799	0.474078
1663757566678	9.827621	-0.09332009	0.1486541
1663757566690	9.837193	-0.009571291	0.2216352
1663757566701	9.835997	-0.23090738	0.25752753
1663757566714	9.529416	-0.6583253	0.2216352
1663757566763	9.570094	-0.72412795	0.22522444
1663757566776	9.646963	-0.46929234	0.33050862
1663757566789	9.597911	-0.40947178	0.3149553
1663757566798	9.552148	-0.30149564	0.19770697
1663757566807	9.6122675	-0.19142582	0.4764708
1663757566820	9.607482	-0.17467605	0.9086744
1663757566834	9.522238	-0.40707895	0.9696914
1663757566847	9.646963	-0.7289136	1.183849
1663757566862	9.642178	-1.0223335	1.0977074
1663757566882	9.966406	-0.9625129	1.4461622
1663757566896	10.015458	-0.8425727	1.7333009
1663757566949	9.699606	-0.33529428	1.1503495
1663757566961	9.213564	-0.30867413	0.18454644
1663757566972	9.09153	-2.1559331	-0.87966144
1663757566984	10.944471	-2.8046873	-2.3461626
1663757566996	13.357634	-2.115255	-2.6021945
1663757567006	14.031512	0.14356937	-1.7668004
1663757567044	10.503893	0.24795625	-1.346561
1663757567053	8.286943	-0.1902294	-1.2843475
1663757567064	8.770593	-0.0849452	-0.5267201
1663757567076	10.883454	0.6858428	-1.4961123
1663757567166	11.938091	0.93619186	-1.198206
1663757567180	11.407782	0.49800622	-0.3912265
1663757567192	10.109975	-0.059820566	-0.02632105
1663757567200	9.142975	0.0741775	-0.041874398
1663757567212	8.134998	0.4884349	-0.36251262
1663757567220	8.731111	1.1551352	-0.050249275
1663757567226	8.587542	1.5382859	-0.5063811
1663757567240	7.52453	1.5155541	-0.67148584
1663757567293	7.6573315	0.8632108	-0.57816577
1663757567303	8.219944	0.21535404	0.12352947
1663757567313	8.56122	0.39750767	0.5769694
1663757567324	8.996714	1.0666007	0.41545382
1663757567335	8.908179	1.5538392	0.8225328
1663757567356	9.322437	1.0785648	1.3181462
1663757567366	9.808479	0.29102704	1.1491531
1663757567376	10.226326	-0.18305093	1.1718849
1663757567388	10.542178	-0.22731815	1.724926
1663757567562	11.100005	-0.07537391	1.9465612
1663757567578	10.79851	-0.26679972	1.3719847
1663757567590	9.549755	-0.30508488	0.78065836
1663757567602	9.845568	0.2431706	-0.37686956
1663757567610	12.24198	1.2843475	-3.4342988
1663757567621	13.96571	2.9374888	-4.057928
1663757567634	13.922639	3.1028929	-1.8385851
1663757567644	11.164612	2.565405	2.0578275
1663757567655	7.3582287	0.9637093	-0.2835495
1663757567668	4.900501	0.72771716	-3.5252259
1663757567679	8.495418	1.5837495	-1.8110676
1663757567766	11.412567	0.9445667	-0.3290131
1663757567781	10.251451	-0.5087739	-3.8736808
1663757567794	10.861919	-0.19501504	-2.7290142
1663757567806	11.417354	0.5051847	-0.53629136
1663757567817	10.142278	0.18065812	-0.009571291
1663757567829	8.605488	-0.3484548	-0.20817557
1663757567841	8.014161	-0.6439684	-0.11964113
1663757567856	8.015358	-1.1467602	-0.4761717
1663757567866	8.42812	-1.1491531	-0.2213361
1663757567878	8.017751	-0.45134616	0.55423754
1663757567891	8.0715885	-0.07776674	0.5662017
1663757567906	8.330014	-0.008374879	0.2754737
1663757567923	8.548059	-0.61405814	0.5303093
1663757567938	8.83161	-0.8150552	0.8967103
1663757567955	9.180064	-1.0091729	1.2379866
1663757567971	10.013065	-1.2735798	1.0797613
1663757567986	10.368699	-1.2999009	0.99720883
1663757567999	9.45165	-0.84137625	0.29341987
1663757568008	9.18485	-0.46091747	-1.0328021
1663757568023	9.188439	0.15314065	-2.1978076
1663757568087	10.96481	1.0845468	-2.2384856
1663757568103	12.762718	1.5382859	-0.30029923
1663757568115	13.111173	0.5913263	-0.05503492
1663757568127	14.68535	-2.646761	-0.28235307
1663757568153	15.126826	-2.4538395	-0.148355
1663757568166	12.201302	-2.8860433	0.020338992
1663757568177	6.228218	-2.184647	-2.626123
1663757568185	6.049654	-0.43100718	-5.1664033
1663757568198	8.720343	0.88235337	-6.45434
1663757568214	12.531811	1.3070793	-3.5347972
1663757568227	15.161523	0.18424734	2.1008983
1663757568291	13.830515	0.15194423	1.5729818
1663757568302	11.206486	0.91465646	0.6538388
1663757568312	8.3013	1.9908284	-0.2883351
1663757568325	6.632605	2.4394827	-1.311865
1663757568336	6.032904	1.9250258	-2.141277
1663757568343	5.971887	1.0115658	-1.4063815
1663757568356	5.689534	-0.049052864	-1.4697913
1663757568368	5.003392	0.5673981	0.16181463
1663757568379	5.306383	0.95653087	0.12113664
1663757568391	5.898906	1.061815	0.20129621
1663757568406	7.2646093	0.927817	0.9385847
1663757568546	10.17488	0.5279165	1.7623138
1663757568562	14.13231	0.40947178	1.2714862
1663757568579	17.297117	-0.7432705	0.5494519
1663757568594	12.535399	-0.19621146	2.1762722
1663757568606	11.623136	0.9768698	3.5362928
1663757568616	12.687344	-0.3699902	2.2145574
1663757568630	12.198909	-2.6778677	-3.3936207
1663757568642	12.930216	0.29102704	-4.6025944
1663757568655	9.664909	3.1495528	-5.3853464
1663757568667	4.7102714	4.3501515	-3.598207
1663757568752	8.309675	4.1021953	0.46809593
1663757568768	12.591631	2.6371896	2.6347969
1663757568777	11.180164	-0.041874398	-5.282455
1663757568786	9.160921	-1.6950158	-6.116952
1663757568802	9.18126	-1.9067806	-1.3298112
1663757568815	9.969995	-1.8158532	0.6128617
1663757568825	9.554541	-1.462912	1.6387844
1663757568837	7.635796	-1.0331012	0.9804591
1663757568849	7.1509504	-1.5430715	0.11156536
1663757568862	8.085946	-0.94695956	0.6406783
1663757568876	8.282157	-0.36041892	0.12951152
1663757568890	7.875078	0.15433706	0.010767702
1663757568903	7.98784	0.19262223	-0.051445685
1663757568911	8.170891	-0.2440679	-0.06699903
1663757568948	8.630612	-0.27996024	0.08165507
1663757568959	9.189635	-0.14356937	0.66699934
1663757568969	9.777372	-0.39032918	1.2379866
1663757568979	10.738688	-0.80548394	0.71246296
1663757568990	11.68176	-0.9804591	-0.9562318
1663757569004	11.129915	-1.7380866	-0.8461619
1663757569048	11.423335	-0.6475576	0.40707895
1663757569064	11.684153	0.98883396	-0.52552366
1663757569079	12.31855	-1.5323038	-0.9514461
1663757569093	12.756736	-1.3214363	-2.4646072
1663757569107	11.263913	-1.3082758	-1.500898
1663757569120	12.11516	0.45852464	-5.556732
1663757569168	9.621839	0.55304116	-7.838289
1663757569179	9.94487	0.18185452	-2.3844478
1663757569189	14.565411	-0.84735835	2.7855446
1663757569205	14.328521	-1.1790633	1.1359925
1663757569218	10.706087	0.26949164	-1.5607185
1663757569291	8.778967	3.6140594	-0.55423754
1663757569304	6.6481586	4.9905305	-1.8337995
1663757569315	6.5237317	4.039982	-0.27756742
1663757569326	6.3574305	0.8751749	-0.58893347
1663757569336	6.302396	-0.34965122	-1.3142579
1663757569344	5.4332027	-0.90508515	0.110368945
1663757569355	5.1293144	-0.069391854	0.08165507
1663757569364	5.72423	0.54346985	-0.1698904
1663757569370	6.669694	0.96490574	0.785444
1663757569375	7.947162	0.35563326	1.9573289
1663757569403	11.120344	-0.21774685	1.1431711
1663757569548	15.163916	0.27786654	0.72083783
1663757569565	16.083357	-1.1539388	1.3839488
1663757569577	12.791431	-0.8138588	3.67388
1663757569589	12.298211	0.15672988	4.066602
1663757569601	13.818551	-1.2616158	-0.79950184
1663757569615	12.0074835	-1.0378869	-6.235397
1663757569628	10.042975	2.2564318	-5.2836514
1663757569639	7.2622166	4.74407	-3.63051
1663757569649	6.1513486	4.5798626	-1.0630114
1663757569664	10.580463	3.539583	1.5203397
1663757569676	11.144273	0.9206385	-1.5080764
1663757569762	10.015458	-0.86171526	-7.346265
1663757569776	9.5557375	-1.7500507	-2.9937203
1663757569790	10.350753	-1.7069799	-0.08733802
1663757569802	10.016655	-1.5203397	0.47886363
1663757569819	8.901001	-1.3070793	0.9182457
1663757569833	7.6657066	-1.4159528	0.4657031
1663757569845	7.751848	-1.806282	0.0526421
1663757569855	8.513364	-1.1694921	0.34486556
1663757569867	8.996714	-0.16510476	0.520738
1663757569877	8.752646	0.22253251	0.3915256
1663757569886	8.209176	0.15074782	-0.0741775
1663757569895	8.221141	0.104087785	-0.4968098
1663757569904	8.45803	0.022731815	-0.02632105
1663757569963	9.119047	0.0071784677	0.69930243
1663757569976	9.740284	-0.31585258	1.407877
1663757569988	10.304092	-0.9661021	1.3863416
1663757569998	10.815259	-1.6663018	-0.4331009
1663757570007	10.851151	-2.2636101	-1.4374882
1663757570013	11.242378	0.0	-0.65952176
1663757570038	12.373585	-0.56380886	0.19890338
1663757570054	13.544573	-0.9086744	-2.2157538
1663757570069	10.976775	-0.7265208	-3.7800615
1663757570081	10.372288	1.0570294	-4.1979084
1663757570134	11.44846	2.1535404	-4.7772703
1663757570151	10.493126	1.5478572	-2.9099715
1663757570163	13.610375	0.38793638	1.4676976
1663757570173	15.166308	-0.84017986	1.5287145
1663757570179	11.814562	-0.581755	-1.5726827
1663757570191	9.642178	1.6148561	-3.2653055
1663757570200	6.983453	3.4079776	-2.1723838
1663757570212	6.572785	3.647559	-0.622433
1663757570220	6.774978	1.582553	0.30179477
1663757570229	6.2808604	0.18065812	-0.2548356
1663757570250	5.9694943	0.062213387	-0.6667002
1663757570265	5.689534	0.5877371	0.08045866
1663757570282	5.8450675	1.2484552	0.20368902
1663757570297	6.6828547	1.6830516	0.37477586
1663757570317	7.328019	1.2783655	1.5957136
1663757570353	9.343972	0.6511469	1.5442679
1663757570366	12.446865	0.24915266	0.75673014
1663757570387	14.309379	-0.039481573	0.33529428
1663757570398	12.398709	-1.2735798	1.1204392
1663757570416	10.695319	-0.44775695	4.3968115
1663757570432	12.231212	-1.7165512	5.944669
1663757570450	10.928918	-4.668397	0.36281174
1663757570476	10.551749	-2.0398812	-5.758926
1663757570491	14.014762	2.1750758	-6.4938216
1663757570512	11.842379	5.118547	-4.7449675
1663757570527	9.964012	6.046364	-1.7644076
1663757570545	5.9958153	3.667898	1.1407782
1663757570578	9.403793	2.8489544	0.33529428
1663757570589	10.143475	2.6946175	-0.831805
1663757570617	9.450453	0.78035927	-6.0568323
1663757570626	9.108279	-2.0072792	-3.5754752
1663757570645	10.895419	-2.801098	0.5626124
1663757570664	10.442876	-2.6826532	1.4605191
1663757570680	8.263015	-1.5681962	1.3743775
1663757570706	6.9451675	-1.1766706	-0.93349993
1663757570724	7.689635	-1.1228321	-0.09571291
1663757570754	8.964411	-0.45732823	1.259522
1663757570775	9.221938	-0.11246266	0.8668
1663757570792	8.914162	0.2117648	0.1905285
1663757570810	8.316854	-0.12562318	-0.44745782
1663757570826	8.1230345	-0.49082774	-0.40797627
1663757570847	8.856734	-0.3484548	0.19890338
1663757570865	9.722338	-0.7253244	1.4473586
1663757570883	10.627124	-1.2113664	1.5550356
1663757570908	11.027024	-0.90508515	-0.16151553
1663757570926	10.207183	-0.65353966	-1.0052847
1663757570949	10.686944	-0.18305093	-0.2883351
1663757570961	11.144273	1.3082758	-1.1407782
1663757570978	12.389138	-0.19740787	-1.8170497
1663757571009	14.241183	-1.2831511	-0.6619146
1663757571035	12.812967	-1.1874382	-0.32183465
1663757571043	10.818849	-0.69182485	-2.7074788
1663757571059	8.185248	0.19740787	-5.2274203
1663757571074	8.167302	0.8488538	-5.404489
1663757571094	11.475977	0.2009971	-0.9406784
1663757571116	15.129219	-0.7743772	2.5259235
1663757571136	13.180565	-1.0366904	1.2200404
1663757571159	10.948061	0.49800622	-1.718944
1663757571178	8.420941	3.3433714	-1.3621143
1663757571191	6.081957	4.7895336	-0.8030911
1663757571213	5.877371	3.4725838	-0.5877371
1663757571239	6.5129642	1.2711871	-0.811466
1663757571251	6.3454666	0.01794617	-1.4434702
1663757571277	6.1657057	-0.30269206	0.033499517
1663757571291	6.6074805	0.23120649	0.08644072
1663757571310	7.131808	0.7516454	0.0059820567
1663757571345	7.219146	0.9840483	0.28983065
1663757571360	8.044071	0.8045866	0.49920264
1663757571374	10.87508	0.63798636	0.9314062
1663757571395	14.606089	0.8536395	1.1347961
1663757571412	14.475679	-1.3154542	1.6328024
1663757571439	12.869199	-1.1347961	2.0183458
1663757571449	14.323735	0.40468612	2.9246275
1663757571468	14.90908	-0.62482584	1.1300105
1663757571482	11.300105	-1.4784653	-3.8590248
1663757571499	7.4599237	-0.14596218	-5.3721857
1663757571519	4.715057	2.9099715	-3.1420753
1663757571545	8.073982	3.3672996	-0.28953153
1663757571559	12.069696	2.6647072	-0.22851457
1663757571578	10.393824	1.1060823	-5.1664033
1663757571599	8.36112	0.45852464	-4.944768
1663757571619	9.802497	0.37238303	-0.30987054
1663757571647	11.157433	-0.22372891	0.62751776
1663757571660	9.667302	-1.6722839	0.5841478
1663757571681	8.600702	-2.5495524	0.6897311
1663757571697	8.377871	-3.0463624	-0.05623133
1663757571716	7.824829	-2.2851455	-0.7683952
1663757571737	7.900203	-0.82941216	-0.21415763
1663757571764	8.36471	0.22492532	0.2754737
1663757571770	8.920144	0.64636123	0.02871387
1663757571797	9.406186	0.453739	-0.0849452
1663757571813	8.7215395	-0.5662017	0.20608185
1663757571839	8.371888	-0.96490574	-0.046660043
1663757571850	8.960822	-0.7289136	0.17258233
1663757571866	9.830014	-0.6643074	1.2212368
1663757571886	10.362717	-0.88683987	1.5323038
1663757571913	10.773385	-0.7935198	-0.09332009
1663757571931	10.191629	-1.1718849	-1.1874382
1663757571950	10.462019	-0.51116675	-1.0689936
1663757571964	11.627922	0.4334	-1.3441681
1663757571980	12.681362	0.009571291	-3.2461631
1663757572002	15.210875	-0.45014977	-1.332204
1663757572019	12.979568	-0.66071814	2.5941188
1663757572054	9.026625	-0.023928227	-0.36131623
1663757572065	6.829116	-0.30149564	-3.2940195
1663757572080	7.4276204	-0.9290134	-5.309973
1663757572095	9.82164	-1.4243277	-4.5595236
1663757572115	13.574483	-1.867299	1.0307083
1663757572149	14.793028	-0.56500524	1.5897316
1663757572167	12.609577	0.6978069	-0.2847459
1663757572186	9.670892	2.4514468	-2.1400807
1663757572196	7.451549	3.8270206	-1.3657036
1663757572215	6.995417	3.9406798	-0.7193423
1663757572231	7.34118	1.6160526	-1.183849
1663757572252	7.1545396	0.41306102	-0.8605189
1663757572272	6.6505513	-0.25962126	-0.67387867
1663757572292	6.51775	-0.17108682	-0.276371
1663757572314	6.323931	0.5303093	-0.32183465
1663757572329	6.899704	1.0007981	-0.17706887
1663757572370	7.7219377	1.0450653	0.67178494
1663757572380	9.556933	0.8225328	1.5107684
1663757572395	12.386745	0.25034907	1.5526428
1663757572409	13.920246	-0.45134616	1.5993029
1663757572426	13.229617	-1.2831511	2.4948168
1663757572449	11.285748	0.015553347	1.6710875
1663757572465	13.192529	1.5239289	-0.46181476
1663757572487	15.458531	0.36640096	-2.1978076
1663757572506	11.220842	0.22372891	-2.4562325
1663757572517	7.0408807	1.3636098	0.651446
1663757572537	5.1640105	2.0231316	-3.1372895
1663757572566	7.4455667	2.0662024	-2.321038
1663757572582	11.906984	1.6615162	-0.5554339
1663757572601	10.147063	0.8739785	-4.4925246
1663757572616	8.695218	0.6643074	-3.956233
1663757572652	9.959227	0.5985048	-0.5243273
1663757572663	11.375479	0.4322036	-0.44865423
1663757572691	10.123136	-1.0402796	-0.44147578
1663757572702	8.722735	-2.3018954	-0.16031912
1663757572721	8.747861	-2.679064	-0.4438686
1663757572747	8.711968	-1.9642082	-0.669093
1663757572756	8.649755	-0.63798636	-0.3074777
1663757572775	8.499007	0.07776674	0.046660043
1663757572792	8.56481	0.45254257	-0.033499517
1663757572812	8.728718	0.4429713	-0.09810573
1663757572834	8.62463	-0.11246266	0.051445685
1663757572856	8.610273	-0.36161533	-0.18544376
1663757572870	8.725129	-0.62961143	0.2635096
1663757572889	9.687641	-0.76241314	1.082154
1663757572905	10.47159	-0.94337034	1.5119648
1663757572933	11.294123	-1.1443675	0.85842514
1663757572958	10.899008	-1.5287145	0.3472584
1663757572967	10.781759	-0.23569304	-0.08973085
1663757572993	10.401002	0.7791629	-1.4386846
1663757573001	12.474382	-0.18424734	-2.1798615
1663757573022	12.901502	-1.2616158	-0.750449
1663757573048	12.116357	-0.5554339	-1.486541
1663757573057	9.674481	0.111266255	-2.7508488
1663757573077	8.473883	0.45852464	-4.2912283
1663757573100	9.38824	-0.27876383	-3.2629128
1663757573117	11.855539	-1.2999009	-0.020338992
1663757573147	14.035101	-0.9098708	1.602892
1663757573161	12.730414	0.019142581	-0.03708875
1663757573174	10.403395	1.9250258	-2.4765713
1663757573201	7.800901	3.8246279	-1.3669
1663757573217	6.9092755	4.1982074	-1.0845468
1663757573242	7.3172517	1.5658033	-1.3070793
1663757573255	7.7386875	0.35443684	-1.1659029
1663757573271	7.4012995	-0.09810573	-0.8449655
1663757573290	7.021738	-0.09332009	-0.52313083
1663757573317	6.4411793	0.43100718	-0.5303093
1663757573340	6.305985	1.2269198	-0.56380886
1663757573350	6.6816583	1.189831	0.23479572
1663757573374	7.9363947	1.1324034	1.1826526
1663757573390	11.012667	0.19980069	1.8017955
1663757573403	14.42902	-0.16031912	1.9034904
1663757573432	14.59891	-1.3704891	1.617249
1663757573466	12.043375	-0.23090738	2.2169502
1663757573478	13.903496	1.9091734	-0.27756742
1663757573491	15.244374	1.0366904	-0.17467605
1663757573502	10.488339	-0.2416751	-3.5156546
1663757573521	7.0061846	-0.37477586	-0.65952176
1663757573545	6.0484576	1.1072787	-2.111367
1663757573566	7.723134	1.6088741	-2.4885356
1663757573585	11.347961	1.2329018	-2.0276182
1663757573603	9.935299	1.4246268	-4.1847477
1663757573619	8.566006	1.6363916	-2.992524
1663757573637	10.056136	1.5681962	0.2635096
1663757573655	10.860723	0.68225354	-0.058624156
1663757573680	9.716355	-1.4183456	-0.21655045
1663757573699	9.012267	-2.6946175	0.40827537
1663757573717	9.036494	-3.1375887	0.21684955
1663757573733	8.418549	-2.6347969	-1.1084751
1663757573763	8.09791	-0.8880363	-0.7827521
1663757573775	8.367103	-0.0047856453	-0.013160525
1663757573790	8.983554	0.59611195	-0.12562318
1663757573815	9.237492	0.7636095	-0.02751746
1663757573834	9.050852	0.1794617	-0.35294133
1663757573859	8.880662	-0.5494519	-0.43070808
1663757573870	8.739486	-0.6786643	-0.30987054
1663757573886	9.456435	-0.9098708	0.8775677
1663757573907	10.593624	-1.1455638	1.7213368
1663757573926	11.475977	-1.3393825	0.9445667
1663757573967	10.845169	-1.8182461	-0.25962126
1663757573979	10.126724	-1.41356	-0.41515473
1663757573987	10.567303	-0.058624156	-1.9223338
1663757574002	12.723236	-0.55064833	-4.0567317
1663757574021	15.207285	0.23958136	-1.8194425
1663757574045	13.04178	1.3094722	1.2738789
1663757574068	8.558827	0.7851449	0.21445672
1663757574085	7.2586274	0.0059820567	-3.1133614
1663757574100	7.9818583	-0.27756742	-5.703891
1663757574119	10.423734	-0.535095	-4.051946
1663757574140	12.966407	-1.1682956	1.428216
1663757574156	14.140684	0.0035892338	1.8089739
1663757574187	12.222837	1.2963116	0.16301104
1663757574210	8.897412	2.626422	-2.2025933
1663757574218	6.9332037	3.6667016	-0.95383894
1663757574238	6.6852474	3.0502508	-1.1072787
1663757574260	6.957132	0.8895318	-1.5200406
1663757574272	7.1808605	0.17347965	-0.73011
1663757574290	7.0636125	-0.0071784677	-0.6523433
1663757574319	6.9942207	0.06460621	-0.60807604
1663757574334	6.5811596	0.53389853	-0.2955136
1663757574361	6.8482585	0.8787641	-0.019142581
1663757574372	7.650153	0.67387867	0.57936215
1663757574387	9.383454	0.45732823	1.0378869
1663757574406	12.546167	0.18664017	1.3815559
1663757574424	13.942978	-0.97567344	1.753939
1663757574453	13.064512	-0.77796644	2.3452654
1663757574476	11.423335	-0.44057846	3.909573
1663757574488	10.42493	-1.9259231	3.828217
1663757574506	11.29532	-1.7608184	-1.8361923
1663757574527	14.16222	0.47048876	-6.181558
1663757574548	14.45534	2.9781668	-5.846264
1663757574560	6.5955167	4.6672006	-1.2640085
1663757574585	4.881358	3.5216367	-0.9765707
1663757574604	10.479965	3.1806595	0.4884349
1663757574620	11.946466	2.7927232	-1.5499508
1663757574638	8.945269	-0.19262223	-7.5843506
1663757574667	8.599505	-1.4195421	-2.951846
1663757574677	10.328021	-1.317847	0.6801598
1663757574696	10.280165	-1.6674982	0.6152545
1663757574719	8.70479	-1.9606191	0.94695956
1663757574747	7.794919	-1.928316	0.1594218
1663757574755	8.812467	-1.1814562	0.40707895
1663757574776	9.327223	-0.1902294	0.6334998
1663757574788	9.062816	0.6116653	0.26949164
1663757574810	8.802896	0.7253244	0.061016977
1663757574830	8.56122	0.10289137	-0.43788654
1663757574867	8.539685	-0.45852464	-0.34097722
1663757574876	8.856734	-0.55782676	-0.04546363
1663757574900	8.922537	-0.42741793	-0.4031906
1663757574908	9.221938	-0.6619146	0.022731815
1663757574949	10.089636	-0.9936196	1.4174483
1663757574960	10.717154	-1.5394822	1.5323038
1663757574971	10.99831	-2.0937197	0.39391842
1663757574989	11.272288	-0.7636095	0.0059820567
1663757575005	11.411371	0.6798607	-1.2675978
1663757575024	12.091232	0.9625129	-4.688736
1663757575040	14.445769	0.55782676	-2.6656044
1663757575071	12.683755	0.13758731	2.0171494
1663757575088	8.524132	0.32333016	-0.42951167
1663757575107	6.230611	-0.049052864	-3.024827
1663757575124	7.763812	-0.11006984	-5.1675997
1663757575148	10.306485	-0.5063811	-3.6664026
1663757575160	12.683755	-1.4940187	1.8424734
1663757575177	14.65544	-0.60807604	1.922633
1663757575201	12.846467	0.5315057	-0.28953153
1663757575222	9.667302	2.0350957	-1.6268203
1663757575241	7.3881392	3.165106	-1.2472588
1663757575257	7.376175	3.1316066	-0.92273223
1663757575276	7.559226	1.1204392	-1.11685
1663757575292	7.2442703	0.4872385	-0.7959126
1663757575310	7.1186476	0.43579283	-0.82701933
1663757575351	6.948757	0.25752753	-0.6260222
1663757575365	6.1513486	0.974477	-0.28115666
1663757575374	6.4663043	1.035494	0.16779669
1663757575388	7.4659057	1.0331012	1.0175478
1663757575406	9.150154	1.0713863	1.1718849
1663757575438	12.154642	0.50398827	1.4162519
1663757575455	13.193725	-1.2376875	2.070988
1663757575490	13.299009	-1.8074784	2.4936204
1663757575508	11.424532	-0.6559325	3.0897322
1663757575518	11.064113	-0.8569296	2.9306095
1663757575522	12.714861	-0.6655038	-1.541576
1663757575545	15.199807	-0.23808585	-4.4602213
1663757575562	13.074084	2.367698	-3.3960135
1663757575588	6.927222	3.5997026	-0.9299107
1663757575605	3.6975093	4.095017	-3.3338
1663757575620	9.542577	4.1440697	-0.8916255
1663757575641	12.54856	3.399603	-0.9239286
1663757575656	9.059227	0.85842514	-7.0348988
1663757575683	8.314461	-0.6762715	-3.158825
1663757575697	9.822836	-1.2532408	0.4106682
1663757575722	10.113564	-1.6220347	0.2228316
1663757575747	9.5557375	-2.1092732	1.061815
1663757575756	8.969196	-2.193022	1.4509479
1663757575774	8.5887375	-1.6208383	0.52193445
1663757575793	9.052048	-0.08973085	0.38913277
1663757575813	8.818449	0.7962117	0.52911294
1663757575838	8.382656	0.7325028	0.285045
1663757575857	8.3348	0.14117654	-0.8593224
1663757575884	8.513364	-0.52193445	-0.59611195
1663757575900	8.792128	-0.7719844	0.4226323
1663757575908	9.455238	-0.8282157	1.1802598
1663757575926	9.846765	-1.0486546	1.5227325
1663757575948	10.343575	-1.5251254	1.8592232
1663757575974	10.227522	-2.1487548	0.8859426
1663757575988	10.223933	-1.0295119	-1.0399805
1663757576006	11.411371	0.38913277	-2.7568307
1663757576027	13.819747	-0.47168517	-4.3151565
1663757576042	14.730814	1.3453646	-3.2150564
1663757576058	11.253146	1.8361923	0.44177487
1663757576091	7.9555373	0.7636095	-1.5810575
1663757576107	8.8651085	1.3695918	-4.240979
1663757576125	11.177772	1.4557334	-3.4067812
1663757576148	11.984752	-0.30149564	-0.4426722
1663757576157	13.931013	-1.2113664	0.8285148
1663757576174	12.173784	0.31615168	-0.86889374
1663757576196	10.495519	2.1750758	-1.9474585
1663757576224	7.097112	3.153142	-1.0737791
1663757576240	6.2087765	2.8716862	-0.5135596
1663757576259	6.5237317	1.3911272	-0.878465
1663757576291	6.7426753	0.76719874	-1.358525
1663757576301	6.847062	0.75643104	-1.0555339
1663757576385	6.4675007	0.8069794	-0.15194423
1663757576396	6.047261	0.7468598	-0.19740787
1663757576433	6.5261245	1.0546366	-0.36011982
1663757576445	7.8547397	1.3540385	0.9625129
1663757576455	9.373882	1.1515459	0.97806627
1663757576468	12.317353	0.35204405	0.7495517
1663757576496	13.8963175	-0.8365906	0.8536395
1663757576507	12.784253	-0.20578274	1.3217354
1663757576521	11.733206	0.2730809	4.753641
1663757576535	12.5138645	-0.9421739	4.7656054
1663757576549	13.117155	-2.0961127	-2.062314
1663757576567	15.628422	0.25992036	-7.076773
1663757576704	11.969198	1.5083755	-4.2589254
1663757576717	3.999304	2.9829526	-1.244866
1663757576730	4.861019	3.2165518	-2.629712
1663757576738	10.721939	3.4630125	-1.0423734
1663757576746	12.86202	2.7580273	-1.8972093
1663757576757	8.684451	0.49322057	-6.2605214
1663757576767	8.339585	-0.19740787	-2.0252252
1663757576775	10.165309	-0.5267201	1.2678969
1663757576788	10.119546	-1.7548363	0.4728816
1663757576801	8.851949	-3.1758738	0.18693927
1663757576815	8.248658	-3.251248	-0.6343971
1663757576825	8.481061	-1.4362918	-0.20937198
1663757576834	9.171689	0.025124637	0.57936215
1663757576845	9.079565	0.78634137	-0.086141616
1663757576856	8.959625	1.1970096	-0.69182485
1663757576893	8.896215	0.9924232	-0.64636123
1663757576907	8.302496	0.17228323	-0.9299107
1663757576916	8.340781	-0.16510476	-0.85094756
1663757576925	8.756235	-0.3592225	0.1594218
1663757577042	9.572487	-0.7073782	1.0941181
1663757577060	10.339985	-1.0666007	1.3983058
1663757577071	11.073684	-1.3429717	0.71365935
1663757577089	10.730314	-1.5729818	-0.16869399
1663757577105	10.58166	-0.20578274	-0.6308079
1663757577117	10.502697	1.3863416	-1.4985052
1663757577128	12.457633	0.01794617	-1.311865
1663757577141	14.55584	-0.71336025	-1.3058829
1663757577154	11.816955	-1.4665012	-0.5063811
1663757577164	9.55813	-1.3537394	-2.4071796
1663757577176	8.059625	-0.13160525	-4.7401814
1663757577184	9.355937	0.4106682	-4.429115
1663757577286	11.776277	-0.64037913	-1.1958131
1663757577299	13.6402855	-0.6008976	2.1942184
1663757577310	12.755539	0.047856454	0.40468612
1663757577324	11.238789	1.4210376	-1.1575279
1663757577336	8.1433735	3.4283166	-0.92273223
1663757577346	6.0771713	4.191029	-0.8222337
1663757577354	6.4148583	2.4586253	-1.494916
1663757577366	7.160522	1.1060823	-1.0570294
1663757577377	7.2095747	0.1268196	-1.3848461
1663757577387	6.916454	-0.3182454	0.01794617
1663757577395	6.7498536	0.43698925	-0.14596218
1663757577471	6.826723	0.8380861	-0.33140594
1663757577486	7.173682	1.1204392	0.09122636
1663757577497	7.9794655	1.0019945	1.2678969
1663757577506	10.823634	0.14117654	2.0877378
1663757577515	14.545072	0.096909314	1.975275
1663757577526	14.496018	-0.99601245	1.7922242
1663757577533	11.892628	-1.3190435	1.4605191
1663757577539	11.617154	0.3185445	1.3779668
1663757577547	13.418651	0.25633112	-0.010767702
1663757577559	12.050554	0.13040884	-2.1077776
1663757577569	10.690534	0.8895318	-6.305985
1663757577579	6.6517477	2.5283163	-3.502494
1663757577612	7.2059855	2.3054845	1.259522
1663757577625	11.129915	0.6451648	0.948156
1663757577629	10.760224	-0.2620141	-5.2573304
1663757577652	8.332407	0.19381863	-3.9311085
1663757577670	10.107582	1.198206	0.034695927
1663757577692	10.423734	0.013160525	0.0059820567
1663757577721	9.079565	-1.6890336	-0.48454657
1663757577739	8.729915	-2.481357	-0.1794617
1663757577751	9.407382	-2.4227328	0.075673014
1663757577783	9.300901	-1.3884354	-0.2009971
1663757577791	9.0182495	-0.106480606	0.07208378
1663757577803	9.024232	0.69900334	-0.0526421
1663757577824	9.199206	0.72053874	-0.5985048
1663757577840	8.990732	0.12921242	-0.66071814
1663757577859	8.836395	-0.3182454	-0.49052864
1663757577884	9.027821	-0.42741793	-0.3696911
1663757577918	9.42174	-0.5279165	0.44895336
1663757577932	9.638589	-0.76959157	1.2643076
1663757577949	9.869496	-1.1180464	0.6789634
1663757577984	9.701999	-1.8314066	-0.22971097
1663757577999	9.578469	-2.4442682	-0.77677006
1663757578007	9.802497	-1.0331012	-0.4127619
1663757578018	10.605588	1.0319048	-0.17706887
1663757578033	11.475977	2.3641088	-0.18065812
1663757578060	13.249956	0.97926265	-1.183849
1663757578077	13.192529	-1.0390832	-2.678765
1663757578096	10.634302	-2.1224337	-1.9354944
1663757578116	8.838788	-1.0139586	-2.6285157
1663757578132	7.18445	1.0331012	-2.888436
1663757578159	8.987143	1.5251254	-1.2903296
1663757578175	11.759527	0.19501504	-0.9023932
1663757578220	12.431312	-1.9881365	-0.3385844
1663757578241	12.700504	-1.3621143	1.5442679
1663757578252	13.103994	0.7926225	-1.480559
1663757578258	9.636196	2.7675984	-2.1149561
1663757578274	6.788438	4.2329035	-1.7177476
1663757578283	6.350252	3.5563326	-1.0280164
1663757578312	7.9794655	1.5789639	-1.1096715
1663757578329	8.375478	0.79860455	-0.68823564
1663757578356	8.018947	0.43698925	-0.2416751
1663757578365	7.953144	0.6236294	-0.4869394
1663757578380	7.562815	0.9720842	-0.68823564
1663757578411	7.49462	1.4413766	-0.2009971
1663757578426	7.7039914	1.4413766	1.1072787
1663757578445	8.532506	1.0989038	1.2487543
1663757578464	10.098011	0.67387867	1.0534402
1663757578494	11.0964155	-0.13878371	1.1264212
1663757578502	11.423335	-0.98883396	1.4377873
1663757578529	11.183754	-1.2675978	1.2284154
1663757578543	10.165309	-1.3501502	1.4006985
1663757578553	9.768997	-1.7979071	1.0666007
1663757578582	10.69173	-0.8748758	-0.27517462
1663757578596	13.489239	0.73489565	-2.5746772
1663757578611	15.553048	1.7739788	-2.926721
1663757578628	9.078369	2.3928227	-2.5950162
1663757578660	8.109874	2.5211377	-2.6811578
1663757578676	8.170891	2.4382863	-0.78873414
1663757578692	8.084749	2.120041	-1.1252248
1663757578716	9.446864	2.0135603	-1.7129619
1663757578727	9.761819	-0.60807604	-3.7441692
1663757578748	10.826027	-0.9840483	-1.4374882
1663757578776	11.373086	-0.52193445	1.2774682
1663757578786	9.660124	-0.55423754	-0.20697916
1663757578806	8.477471	0.043070808	-1.6950158
1663757578825	8.627023	0.047856454	-2.3222344
1663757578844	9.413364	-0.22851457	-1.2604194
1663757578860	9.800104	-0.45613182	-0.35413775
1663757578879	10.039387	-0.5374878	-0.046660043
1663757578908	10.150653	-0.43938205	-0.06580263
1663757578922	9.680463	-0.27038896	-0.770788
1663757578941	9.18126	-0.25962126	-1.466202
1663757578962	9.089137	-0.083748795	-1.4709877
1663757578977	9.559326	0.040677983	-0.74566334
1663757578997	9.880263	-0.43818563	-0.5626124
1663757579019	9.609875	-0.70618176	-1.0399805
1663757579040	9.387043	-0.5171488	-1.1682956
1663757579061	9.353543	-0.014356935	-1.1084751
1663757579082	9.639785	-0.13998012	-0.7923234
1663757579100	10.239487	-0.49800622	-0.7181459
1663757579117	10.143475	0.5374878	-1.527219
1663757579144	10.262218	0.8344969	-0.7719844
1663757579159	10.165309	0.73848486	-0.2943172
1663757579172	9.924531	0.69900334	-1.1503495
1663757579194	10.686944	0.52552366	-1.4362918
1663757579208	10.712069	0.36161533	-1.5798612
1663757579230	10.191629	0.8153543	-1.3764713
1663757579248	9.721141	1.6304095	-1.5080764
1663757579266	9.4839525	1.8625133	-1.2532408
1663757579285	9.293723	1.5550356	-0.9586246
1663757579303	9.373882	1.2329018	-1.1551352
1663757579330	9.468399	1.0474582	-1.1778669
1663757579348	9.372686	0.8751749	-1.0785648
1663757579363	9.080762	0.8105687	-0.9825528
1663757579382	9.1465645	0.38913277	-0.9490533
1663757579400	9.132208	0.34486556	-0.7959126
1663757579420	9.257831	0.4322036	-0.6870392
1663757579438	9.372686	0.39032918	-0.44027936
1663757579463	9.687641	0.4776672	-0.29671
1663757579487	9.899406	0.7265208	-0.1471586
1663757579500	10.322039	0.90388876	-0.08973085
1663757579537	10.724332	0.7181459	-0.0849452
1663757579547	10.44168	0.7432705	-0.39960137
1663757579559	10.1016	1.1324034	-0.5195416
1663757579578	9.49472	1.3238292	-0.6343971
1663757579593	9.393025	1.2460624	-0.16390835
1663757579614	9.900602	0.9768698	-0.4438686
1663757579634	9.831211	0.4106682	-0.84017986
1663757579648	9.819247	0.22612174	-0.78873414
1663757579669	9.863514	0.25393832	-0.38404804
1663757579695	9.746265	0.4034897	-0.4019942
1663757579717	9.661321	0.8644072	-0.6332007
1663757579733	9.549755	1.2005987	-0.7109674
1663757579764	9.337991	1.0689936	-1.1060823
1663757579772	9.0015	0.6367899	-1.0857433
1663757579787	9.498309	0.82612205	-0.8964112
1663757579814	9.619446	0.9613165	-0.74446696
1663757579830	9.64457	0.5829514	-0.8605189
1663757579845	9.780962	-0.041874398	-0.37686956
1663757579861	9.832407	-0.5829514	-0.4031906
1663757579883	9.912567	-0.663111	-0.42711884
1663757579910	9.97837	-0.46809593	-0.4534399
1663757579928	9.91496	-0.33409786	-0.2727818
1663757579939	9.810872	-0.05503492	-0.25124636
1663757579962	9.736694	0.13399807	-0.34576288
1663757579980	9.617053	-0.1363909	-0.60329044
1663757580000	9.81805	-0.50159544	-0.59970117
1663757580020	9.998709	-0.6367899	-0.2213361
1663757580040	9.865907	-0.29072794	-0.25004998
1663757580057	9.672089	0.38673997	-0.669093
1663757580080	9.543773	0.85244304	-0.6451648
1663757580096	9.476774	0.98644114	-0.8676973
1663757580112	9.522238	0.9098708	-1.0785648
1663757580139	9.871889	0.9062816	-0.97896355
1663757580157	10.117153	0.6116653	-0.60687965
1663757580178	10.258629	0.28145576	-0.19142582
1663757580200	10.143475	0.3065804	0.12951152
1663757580211	9.8682995	0.6667002	0.11874382
1663757580229	9.655338	1.1312069	0.14626129
1663757580249	9.554541	1.4246268	0.07806584
1663757580265	9.630214	1.1766706	0.06460621
1663757580282	9.916156	0.6343971	0.07447661
1663757580304	10.109975	0.4034897	0.13668999
1663757580339	10.007083	0.2623132	0.3580261
1663757580347	9.960423	0.24675983	0.5937191
1663757580365	9.932906	0.33170503	0.5315057
1663757580381	9.916156	0.6655038	0.21445672
1663757580401	9.548559	0.9421739	-0.14356937
1663757580421	9.194421	1.0175478	-0.30388847
1663757580450	9.072387	0.974477	-0.33379877
1663757580465	9.1669035	0.99720883	-0.3182454
1663757580481	9.337991	0.9924232	-0.10767702
1663757580508	9.419347	0.7408777	0.21206391
1663757580518	9.547362	0.44895336	0.4884349
1663757580546	9.123833	0.48006004	0.68494546
1663757580556	10.14826	0.37956148	-0.8700901
1663757580578	10.896615	1.2352947	-2.6656044
1663757580598	10.165309	2.1308086	-2.8669007
1663757580616	9.583255	1.9202402	-1.7943178
1663757580631	10.879866	1.3286148	-1.3250256
1663757580653	11.4353	0.663111	-1.6292131
1663757580682	9.747462	-0.33409786	0.5769694
1663757580697	9.114262	-1.0115658	1.4473586
1663757580716	9.312865	-1.3022938	0.62871414
1663757580744	9.727123	-1.5957136	-0.44147578
1663757580752	9.296116	-1.0211371	-1.3800604
1663757580767	9.509077	0.20578274	-1.2460624
1663757580786	9.663713	0.7926225	-1.0737791
1663757580817	9.507881	0.79501534	-1.1132607
1663757580830	9.615857	0.5554339	-0.9095717
1663757580848	9.964012	0.32452658	-0.62961143
1663757580869	10.233504	0.22253251	-0.1268196
1663757580885	10.136296	0.11365908	-0.11964113
1663757580906	9.971191	0.015553347	-0.40438703
1663757580921	9.666106	-0.24885355	-0.8748758
1663757580977	9.413364	-0.37357944	-1.0172487
1663757580984	9.527023	-0.34606197	-0.8593224
1663757580992	9.680463	-0.15553348	-0.6343971
1663757581002	10.397412	0.3484548	2.2337
1663757581023	9.977173	0.6906284	-4.1811585
1663757581036	7.6776705	-1.1180464	-3.1624143
