Timestamp 	 X 	 Y 	 Z 
1663767635313	9.65175	-0.6332007	2.2731814
1663767635318	9.979566	-0.04546363	0.04426722
1663767635321	9.097511	-0.77677006	0.44895336
1663767635325	9.84796	-0.9086744	4.287938
1663767635330	10.463215	-0.64636123	2.9736803
1663767635338	10.439287	-0.20817557	1.0486546
1663767635346	9.189635	-0.014356935	-0.2620141
1663767635349	8.617452	-0.80548394	0.6622137
1663767635353	8.912965	-1.198206	1.4389837
1663767635356	9.157332	-1.4243277	1.5418751
1663767635438	9.217153	-1.6220347	1.869991
1663767635443	9.492328	-1.7811574	2.2025933
1663767635449	9.802497	-1.7572291	2.4936204
1663767635454	9.901799	-1.3393825	2.7568307
1663767635488	9.634999	-0.8593224	2.693421
1663767635497	9.458828	-0.4010969	2.3679972
1663767635505	9.469596	-0.12801601	2.0434706
1663767635523	9.800104	0.111266255	1.6830516
1663767635533	10.098011	-0.07178468	1.8795621
1663767635542	10.112368	-0.58893347	2.5749762
1663767635555	10.166505	-0.7636095	2.7388847
1663767635563	10.172487	-0.5482555	2.4254248
1663767635673	10.183255	-0.2105684	2.14038
1663767635692	10.013065	0.019142581	1.8915263
1663767635705	9.837193	0.14237295	1.730908
1663767635719	9.577272	0.07537391	1.4988043
1663767635733	9.41815	-0.1591227	1.3779668
1663767635745	9.322437	-0.4226323	1.3516457
1663767635754	9.32124	-0.57936215	1.4724833
1663767635763	9.38465	-0.68823564	1.6184454
1663767635808	9.400204	-0.71336025	1.8711873
1663767635820	9.410972	-0.63200426	2.0350957
1663767635834	9.416953	-0.51475596	2.0781665
1663767635847	9.522238	-0.38913277	2.1367905
1663767635860	9.645767	-0.28713873	2.2205393
1663767635883	9.637392	-0.27158538	2.2145574
1663767635897	9.510274	-0.3364907	2.2073789
1663767635910	9.275777	-0.48364928	2.1966112
1663767635931	9.079565	-0.5913263	2.1774685
1663767635947	9.078369	-0.60687965	2.070988
1663767635958	9.209974	-0.53988063	1.9357935
1663767636063	9.32483	-0.4322036	2.0398812
1663767636081	9.432507	-0.35204405	2.2839491
1663767636092	9.442079	-0.35324043	2.3428724
1663767636099	9.396614	-0.36281174	2.2947168
1663767636112	9.316455	-0.43818563	2.3189442
1663767636124	9.226724	-0.57577294	2.429014
1663767636134	9.139386	-0.7576275	2.5319054
1663767636147	9.158528	-0.84137625	2.5235305
1663767636167	9.188439	-0.8030911	2.498406
1663767636181	9.223135	-0.78753775	2.5091736
1663767636193	9.452846	-0.6367899	2.3668008
1663767636250	9.636196	-0.4106682	2.024328
1663767636262	9.505488	-0.48006004	1.8053846
1663767636277	9.318848	-0.7791629	1.9118652
1663767636286	9.415757	-0.74446696	1.7826529
1663767636305	9.550952	-0.5422734	1.3899308
1663767636318	9.698409	-0.33888352	1.3301103
1663767636334	9.840782	-0.10887343	1.1563315
1663767636345	9.880263	-0.01794617	1.0749756
1663767636358	9.826426	-0.025124637	1.1120644
1663767636374	9.728319	-0.16151553	1.2559328
1663767636446	9.673285	-0.23688944	1.4353945
1663767636464	9.655338	-0.25603202	1.5263218
1663767636477	9.717552	-0.3074777	1.556232
1663767636492	9.813265	-0.3580261	1.7380866
1663767636503	10.00828	-0.31585258	1.9274186
1663767636515	10.270593	-0.3062813	2.0171494
1663767636532	10.453644	-0.31465617	2.0638096
1663767636546	10.406984	-0.26081768	2.0793629
1663767636556	10.111171	-0.2416751	1.9381863
1663767636571	9.759426	-0.25244278	1.7694924
1663767636584	9.446864	-0.31106696	1.617249
1663767636593	9.326026	-0.20937198	1.5801603
1663767636675	9.428918	0.0023928226	1.5382859
1663767636691	9.562916	-0.0526421	1.5514464
1663767636702	9.813265	-0.05742774	1.5729818
1663767636717	9.955638	0.14356937	1.602892
1663767636729	9.883853	0.16151553	1.7225332
1663767636743	9.728319	-0.069391854	1.8113668
1663767636757	9.5868435	-0.25244278	1.8520447
1663767636769	9.416953	-0.38554356	1.7982062
1663767636808	9.305687	-0.49800622	1.7333009
1663767636825	9.402596	-0.5458627	1.7874385
1663767636841	9.619446	-0.4872385	1.8711873
1663767636854	9.777372	-0.4226323	1.8460627
1663767636868	9.8348	-0.3592225	1.6603198
1663767636909	9.748658	-0.27996024	1.4306089
1663767636917	9.431311	-0.2883351	1.3085749
1663767636929	9.209974	-0.4142574	1.5538392
1663767636942	9.176475	-0.35204405	1.602892
1663767636953	9.341579	-0.22492532	1.5167505
1663767636966	9.679267	-0.049052864	1.5335002
1663767637037	9.901799	-0.10767702	1.7093726
1663767637050	9.862318	-0.1268196	1.7946169
1663767637064	9.751051	-0.22492532	1.8113668
1663767637077	9.684052	-0.3062813	1.8293129
1663767637088	9.684052	-0.4214359	1.7670995
1663767637098	9.770194	-0.5135596	1.6531414
1663767637109	9.798908	-0.52911294	1.5957136
1663767637124	9.754641	-0.4860421	1.5526428
1663767637134	9.636196	-0.3472584	1.6088741
1663767637144	9.548559	-0.17228323	1.637588
1663767637153	9.589237	-0.05503492	1.5981064
1663767637255	9.709177	-0.058624156	1.6471593
1663767637273	9.826426	-0.09810573	1.7428722
1663767637289	9.786943	-0.124426775	1.7994026
1663767637301	9.6122675	-0.08733802	1.7790636
1663767637311	9.347562	-0.09451649	1.6674982
1663767637319	9.247063	-0.25603202	1.6148561
1663767637331	9.467203	-0.47886363	1.5610176
1663767637343	9.815658	-0.689432	1.5741782
1663767637351	9.936495	-0.74207413	1.7503498
1663767637359	9.753445	-0.72412795	1.9477576
1663767637446	9.436096	-0.7612167	1.867598
1663767637469	9.221938	-0.78394854	1.6244274
1663767637486	9.23151	-0.78394854	1.5610176
1663767637496	9.404989	-0.6415756	1.6280167
1663767637520	9.61466	-0.4872385	1.7069799
1663767637532	9.778569	-0.37477586	1.7659031
1663767637545	9.767801	-0.4322036	1.7922242
1663767637556	9.670892	-0.52193445	1.8089739
1663767637568	9.567701	-0.54346985	1.8221345
1663767637578	9.491131	-0.4968098	1.7635103
1663767637591	9.393025	-0.56500524	1.7261224
1663767637604	9.318848	-0.74207413	1.6555341
1663767637674	9.311669	-0.7719844	1.5634105
1663767637686	9.38465	-0.7193423	1.4605191
1663767637695	9.717552	-0.49800622	1.2966107
1663767637709	10.113564	-0.39870408	1.2248261
1663767637723	10.17488	-0.39870408	1.3995022
1663767637732	9.967602	-0.3472584	1.7682959
1663767637739	9.721141	-0.31106696	1.9764715
1663767637750	9.449257	-0.3182454	1.8221345
1663767637809	9.221938	-0.30149564	1.5610176
1663767637824	9.267402	-0.22612174	1.5119648
1663767637833	9.503095	-0.39032918	1.5083755
1663767637845	9.89821	-0.5901299	1.637588
1663767637860	10.246665	-0.63918275	1.8221345
1663767637871	10.20838	-0.5195416	1.7105691
1663767637914	9.918549	-0.29790643	1.2882359
1663767637927	9.247063	-0.04426722	0.8596215
1663767637938	8.673683	0.13280165	0.6454639
1663767637954	8.65454	0.051445685	0.8488538
1663767637966	8.999106	-0.21535404	1.4617156
1663767638040	9.317652	-0.63559353	2.2289143
1663767638052	9.670892	-0.84735835	2.8465617
1663767638058	10.058529	-0.62482584	2.9820552
1663767638069	10.165309	-0.21296121	2.8393831
1663767638081	10.135099	0.41784665	2.5666013
1663767638093	9.802497	0.6870392	2.3847468
1663767638124	9.157332	0.4764708	2.4014966
1663767638138	8.685647	0.0035892338	2.41705
1663767638152	8.665308	-0.2727818	2.2707887
1663767638163	9.006286	-0.19860429	2.0075781
1663767638251	9.629018	-0.1471586	1.9034904
1663767638261	10.220344	-0.19740787	1.8807586
1663767638268	10.4871435	-0.27158538	2.2636101
1663767638274	10.396216	-0.54346985	2.6132615
1663767638310	10.133903	-0.69541407	2.7424738
1663767638321	9.82164	-0.6200402	2.9365916
1663767638335	9.4839525	-0.42981076	3.1220353
1663767638349	9.200403	-0.2644069	3.1842487
1663767638363	9.017053	-0.13280165	3.0083764
1663767638371	9.01466	0.07537391	2.7149563
1663767638444	9.036494	0.25872394	2.5091736
1663767638460	9.150154	0.48963133	2.3632114
1663767638476	9.565309	0.99601245	1.9800607
1663767638487	10.523036	0.6858428	1.3277174
1663767638520	11.564512	0.83688974	0.092422776
1663767638535	11.742777	0.99960166	0.23001008
1663767638550	11.400603	0.72412795	0.94695956
1663767638561	10.928918	0.34366915	1.7862421
1663767638573	10.385448	-0.5135596	2.7233312
1663767638584	9.893424	-1.1383854	3.281158
1663767638598	9.404989	-1.2795619	3.5386856
1663767638675	9.203992	-0.9708878	2.949752
1663767638691	9.399008	-0.6750751	1.7910278
1663767638700	9.668499	-0.7217351	0.5590232
1663767638713	9.548559	-1.07019	-0.12801601
1663767638725	8.922537	-1.7057835	-0.031106694
1663767638739	8.289336	-2.359323	0.24197419
1663767638754	7.939984	-2.819044	0.25393832
1663767638763	8.126624	-2.7412775	0.33409786
1663767638770	8.994321	-2.091327	0.69332033
1663767638776	9.735498	-1.4291133	1.2296118
1663767638811	10.322039	-1.1730813	1.8795621
1663767638819	10.7590275	-1.2640085	2.2779672
1663767638832	10.619946	-1.1694921	2.6359932
1663767638845	10.1904335	-1.1922239	2.978466
1663767638884	9.754641	-1.2017952	2.501995
1663767638895	9.413364	-0.9984053	1.8711873
1663767638907	9.209974	-0.6008976	1.7165512
1663767638918	9.0436735	-0.2883351	1.8831514
1663767638929	8.901001	-0.050249275	1.7778672
1663767638942	8.906983	-0.15553348	1.306182
1663767639054	9.91137	-0.811466	0.8177471
1663767639062	10.317253	-2.4251258	0.058624156
1663767639072	11.029417	-1.6244274	2.1427727
1663767639087	11.627922	-1.454537	2.4206393
1663767639098	10.867902	-1.346561	2.0949163
1663767639115	10.137492	-0.79710907	2.5893333
1663767639125	9.593125	0.1052842	2.0374885
1663767639134	9.006286	0.5662017	1.1252248
1663767639150	8.6090765	0.6726823	0.5697909
1663767639162	8.344371	0.30418757	0.6128617
1663767639170	8.397013	-0.10887343	1.1901301
1663767639243	9.042477	-0.1160519	1.4509479
1663767639261	9.82164	0.09451649	1.2415758
1663767639271	10.072886	0.05742774	1.076172
1663767639279	9.937692	-0.34247273	1.2056835
1663767639312	9.619446	-1.0893325	1.2750753
1663767639325	9.491131	-1.6459628	1.2439687
1663767639334	9.387043	-1.6531414	1.4700904
1663767639349	9.316455	-0.9708878	1.7730815
1663767639361	9.515059	0.02632105	1.9046868
1663767639371	9.667302	0.62123656	2.0315065
1663767639446	9.728319	0.5099703	2.1332014
1663767639462	9.894621	0.09571291	2.231307
1663767639478	9.822836	-0.6128617	2.2827528
1663767639494	9.7450695	-0.8892327	2.1260228
1663767639525	9.426525	-0.97806627	1.6950158
1663767639541	9.203992	-0.93738824	1.556232
1663767639553	9.226724	-0.79471624	1.483251
1663767639560	9.375079	-0.6236294	1.5083755
1663767639574	9.608679	-0.45014977	1.8089739
1663767639586	9.77498	-0.3592225	2.0386848
1663767639677	9.843175	-0.3074777	2.0901306
1663767639689	9.824033	-0.31944183	2.1427727
1663767639698	9.78814	-0.42861435	2.1894326
1663767639712	9.685248	-0.53988063	2.0889342
1663767639723	9.498309	-0.6128617	1.8640088
1663767639733	9.293723	-0.59611195	1.7129619
1663767639745	9.23151	-0.55782676	1.7464614
1663767639760	9.298509	-0.5518447	1.7958134
1663767639770	9.473185	-0.5243273	1.7177476
1663767639785	9.564112	-0.520738	1.6519449
1663767639823	9.61825	-0.4848457	1.8053846
1663767639838	9.623035	-0.45852464	1.9178474
1663767639856	9.638589	-0.4226323	1.8987048
1663767639871	9.615857	-0.38315073	1.8520447
1663767639923	9.595518	-0.42382872	1.7730815
1663767639939	9.595518	-0.5051847	1.753939
1663767639951	9.606286	-0.520738	1.8233309
1663767639960	9.630214	-0.5099703	1.9214365
1663767639973	9.668499	-0.5303093	1.9262222
1663767639984	9.673285	-0.5267201	1.835295
1663767639994	9.605089	-0.45972106	1.7922242
1663767640041	9.518648	-0.453739	1.7982062
1663767640053	9.507881	-0.4776672	1.8185452
1663767640063	9.567701	-0.46929234	1.7982062
1663767640073	9.65175	-0.4872385	1.7838492
1663767640086	9.691231	-0.45613182	1.82692
1663767640101	9.675677	-0.4645067	1.8628124
1663767640126	9.634999	-0.42981076	1.855634
1663767640135	9.573684	-0.42741793	1.8400806
1663767640143	9.519845	-0.41784665	1.8065811
1663767640152	9.513863	-0.41784665	1.7934206
1663767640245	9.52822	-0.4142574	1.7850457
1663767640266	9.559326	-0.47048876	1.7802601
1663767640283	9.57488	-0.5267201	1.7934206
1663767640298	9.6326065	-0.5063811	1.8436699
1663767640309	9.700802	-0.4848457	1.8975084
1663767640318	9.736694	-0.4668995	1.9010975
1663767640328	9.722338	-0.47527438	1.9010975
1663767640341	9.690035	-0.4884349	1.8807586
1663767640350	9.61825	-0.51116675	1.7886349
1663767640360	9.561719	-0.52552366	1.7922242
1663767640373	9.57488	-0.5243273	1.8053846
1663767640474	9.597911	-0.54346985	1.8041883
1663767640485	9.606286	-0.54466623	1.820938
1663767640494	9.61466	-0.5183452	1.835295
1663767640506	9.61825	-0.49920264	1.8329022
1663767640513	9.630214	-0.49322057	1.8077775
1663767640526	9.6326065	-0.5063811	1.7706888
1663767640533	9.637392	-0.49920264	1.753939
1663767640537	9.631411	-0.5051847	1.7754744
1663767640540	9.656535	-0.54466623	1.8424734
1663767640543	9.658928	-0.55064833	1.869991
1663767640560	9.675677	-0.57816577	1.847259
1663767640564	9.6529455	-0.581755	1.8221345
1663767640675	9.582058	-0.5554339	1.7766708
1663767640684	9.540184	-0.5518447	1.7778672
1663767640690	9.556933	-0.5733801	1.8293129
1663767640697	9.620643	-0.5829514	1.8592232
1663767640707	9.662517	-0.5829514	1.8173488
1663767640718	9.629018	-0.60687965	1.8125632
1663767640736	9.579665	-0.6164509	1.8221345
1663767640752	9.54138	-0.5733801	1.8161523
1663767640808	9.549755	-0.5494519	1.8281165
1663767640821	9.637392	-0.5458627	1.8903298
1663767640832	9.643374	-0.5721837	1.8951155
1663767640844	9.645767	-0.57577294	1.8628124
1663767640929	9.640982	-0.5721837	1.869991
1663767640949	9.613464	-0.5925227	1.9130617
1663767640965	9.599107	-0.5913263	1.9214365
1663767640981	9.590433	-0.6056832	1.8843478
1663767640992	9.589237	-0.5937191	1.841277
1663767641002	9.590433	-0.61405814	1.8424734
1663767641013	9.584451	-0.6044868	1.8831514
1663767641043	9.580862	-0.60807604	1.9154545
1663767641058	9.5665045	-0.63798636	1.8843478
1663767641071	9.554541	-0.6044868	1.8496519
1663767641080	9.51147	-0.5829514	1.8580267
1663767641092	9.509077	-0.56500524	1.8460627
1663767641105	9.51147	-0.72053874	1.9824536
1663767641136	9.249456	-1.0079765	1.9393828
1663767641149	8.88784	-1.2915261	1.9537396
1663767641162	8.922537	-1.5598212	2.1367905
1663767641176	9.114262	-1.8373886	2.199004
1663767641247	10.293324	-0.94695956	2.6826532
1663767641264	10.950454	-0.28594232	3.0693932
1663767641275	10.556536	-0.24885355	3.6379876
1663767641288	9.743873	-0.5386842	3.7133617
1663767641314	8.880662	-0.6308079	2.6551359
1663767641324	8.011768	-0.43818563	1.3492528
1663767641335	7.280163	0.36640096	0.4034897
1663767641349	7.2179494	1.3190435	-0.02632105
1663767641364	8.283354	1.3636098	0.31615168
1663767641378	9.654142	0.2862414	1.2762718
1663767641475	10.390234	-0.21296121	2.9102705
1663767641491	10.700105	-0.17587246	4.921139
1663767641506	10.603195	-0.14596218	4.9989057
1663767641518	10.0932255	0.022731815	3.3936207
1663767641530	9.471989	0.20458634	2.5235305
1663767641542	8.784949	0.4334	2.618047
1663767641554	8.054839	0.4764708	2.746063
1663767641566	7.5089765	0.24197419	2.8489544
1663767641580	7.5723863	-0.0059820567	2.9676983
1663767641594	8.261818	-0.11724831	3.1423743
1663767641614	9.236296	-0.14237295	3.222534
1663767641666	10.205987	0.0059820567	3.0693932
1663767641679	10.956436	0.39750767	3.1280174
1663767641695	10.96481	0.663111	3.5650067
1663767641703	10.526625	0.83688974	4.045067
1663767641726	10.121939	0.8213364	4.237689
1663767641742	9.902996	0.43938205	3.9885364
1663767641753	9.391829	-0.062213387	3.5949168
1663767641767	8.875876	-0.31585258	3.362514
1663767641784	9.1872425	-0.42382872	2.6144578
1663767641794	11.131112	-0.09810573	0.96490574
1663767641810	14.78585	1.0522437	0.18574286
1663767641821	16.523935	1.3636098	1.6914265
1663767641833	15.039489	-0.20458634	2.8959136
1663767641847	12.91227	-1.0486546	2.37039
1663767641928	10.609178	-1.6962122	0.42502514
1663767641945	8.79811	-2.2348964	-0.2656033
1663767641956	7.1210403	-3.187838	-1.1802598
1663767641970	6.113064	-3.6053855	-1.4913267
1663767641984	7.1007013	-2.2983062	0.08165507
1663767641994	8.456834	-1.7560327	1.1383854
1663767642008	9.44806	-1.1694921	1.434198
1663767642022	9.820443	-0.0047856453	2.251646
1663767642044	8.932108	-0.18783657	1.7623138
1663767642061	8.027322	-0.93619186	0.9876375
1663767642073	7.8296146	-1.0582259	0.8775677
1663767642081	7.9100733	-1.0438689	1.489233
1663767642089	8.035697	-1.0713863	2.2959132
1663767642125	8.203195	-0.9314062	2.7580273
1663767642141	8.285747	-0.7959126	2.9138598
1663767642152	8.200802	-0.7588239	2.8755746
1663767642165	7.990233	-0.69541407	2.6862426
1663767642180	8.155337	-0.36041892	2.7053852
1663767642193	8.739486	0.09332009	2.7855446
1663767642246	9.461221	-0.16271193	2.9545379
1663767642263	10.197612	-0.94695956	3.2476585
1663767642274	10.506286	-1.3657036	3.3816566
1663767642290	10.406984	-0.8138588	3.6164522
1663767642312	10.202397	0.7743772	4.3034916
1663767642325	10.377073	2.2959132	3.9753757
1663767642340	10.743475	1.9669002	1.7356937
1663767642352	11.764313	-1.6351951	-0.9849456
1663767642364	13.448561	-4.7676992	-1.4195421
1663767642379	14.358432	-4.067499	2.271985
1663767642474	13.193725	-1.8002999	2.4541388
1663767642487	11.574083	0.041874398	-0.20578274
1663767642496	9.718748	0.55782676	-1.0148559
1663767642507	7.9483585	0.31256247	-0.31345975
1663767642520	7.562815	-0.11964113	-0.04426722
1663767642529	8.867501	-0.6978069	0.26111677
1663767642537	9.590433	-1.4147564	0.5673981
1663767642548	9.053245	-1.8194425	2.120041
1663767642559	8.288139	-1.9354944	3.269194
1663767642569	7.6513495	-1.7775681	2.597708
1663767642654	7.007381	-1.3393825	1.963311
1663767642665	6.802795	-0.4549354	1.9118652
1663767642677	7.0348988	0.16510476	2.105684
1663767642727	7.233503	0.13160525	2.28036
1663767642744	7.487441	-0.25244278	2.5211377
1663767642756	7.980662	-0.7743772	2.5761726
1663767642767	8.691629	-1.2556337	3.1076784
1663767642785	9.792926	-0.8030911	3.293122
1663767642796	11.144273	0.3293122	2.9557343
1663767642810	11.82174	1.6782659	3.0263224
1663767642822	12.480365	2.6347969	3.3254254
1663767642836	12.113964	1.1312069	4.3633122
1663767642851	11.983555	-0.31345975	5.688637
1663767642924	12.6167555	-0.9026923	4.068995
1663767642942	13.2021	-1.326222	0.5937191
1663767642952	12.164213	-1.1084751	-1.2412767
1663767642964	11.230414	-0.95413804	-0.11006984
1663767642979	10.4871435	-2.0673988	1.5023935
1663767642992	8.985947	-4.215854	1.3791631
1663767643001	7.4790664	-5.6057854	0.61405814
1663767643010	7.222735	-4.1440697	0.5183452
1663767643062	8.093124	-2.5423741	0.68853474
1663767643081	8.68804	-2.0781665	0.3580261
1663767643093	9.6122675	-0.28953153	1.2296118
1663767643107	9.288938	0.8333005	2.691028
1663767643117	7.9854474	0.0741775	2.9066813
1663767643136	7.3689966	-0.2536392	2.032703
1663767643150	7.1712894	-0.2548356	1.2427722
1663767643156	6.963114	-0.68823564	1.2714862
1663767643166	6.8602223	-1.265205	2.2241287
1663767643175	7.01097	-1.454537	2.8995028
1663767643186	7.3582287	-1.4904294	3.5745778
1663767643246	8.09791	-1.1479566	3.889234
1663767643257	9.189635	-0.40707895	3.7193437
1663767643311	10.202397	0.2862414	3.374478
1663767643328	10.970793	0.62482584	3.202195
1663767643340	10.627124	0.13758731	3.0478578
1663767643353	10.220344	-0.022731815	3.2321053
1663767643364	10.229915	0.47886363	3.289533
1663767643378	11.364711	1.3540385	4.1204405
1663767643401	13.558929	1.0115658	2.7233312
1663767643415	13.455739	-3.5647075	0.2635096
1663767643445	13.594822	-5.4753766	0.112761766
1663767643460	13.243975	-3.7672002	1.739283
1663767643527	11.402996	-1.2735798	0.7088737
1663767643544	9.82164	0.22253251	-0.52313083
1663767643555	8.19123	0.29102704	-0.79830545
1663767643567	7.2418776	-0.12203395	0.09361918
1663767643581	8.344371	-0.5877371	0.86560357
1663767643592	9.9089775	-1.4593227	0.8811569
1663767643607	9.675677	-1.9845473	1.4928222
1663767643618	8.252247	-2.1475582	2.864508
1663767643626	7.4240313	-1.7608184	2.5438695
1663767643645	7.172486	-0.7959126	1.602892
1663767643656	7.2358956	0.22013968	1.3887345
1663767643724	7.2502527	0.7938189	1.5323038
1663767643738	7.1617184	0.7827521	1.5131612
1663767643750	7.4587274	0.68345	1.6184454
1663767643761	8.106285	0.62841505	1.8939191
1663767643768	9.102298	0.21296121	2.3584259
1663767643781	10.197612	-0.18664017	2.6371896
1663767643790	10.975578	-0.30269206	2.9748766
1663767643798	11.669796	0.55423754	3.2967114
1663767643810	12.311372	0.9314062	4.3944187
1663767643817	12.857234	0.22492532	4.912764
1663767643927	12.605988	-0.16271193	5.2480583
1663767643942	12.233604	-0.44177487	4.639982
1663767643959	12.826128	-0.30269206	2.056631
1663767643972	12.629916	-0.20219351	-0.2416751
1663767643984	11.38505	-0.3376871	-1.4685949
1663767643996	10.530214	-1.3405789	-1.1718849
1663767644011	9.005089	-3.4630125	-0.8246265
1663767644023	7.225128	-5.6261244	-0.3792624
1663767644060	6.940382	-4.8191447	0.39631125
1663767644075	7.8571324	-3.1061828	1.0689936
1663767644085	8.5014	-2.152344	0.93978107
1663767644099	9.420543	0.36400816	1.6830516
1663767644120	9.162118	1.7488543	2.5893333
1663767644130	8.12782	0.6774679	3.0143583
1663767644142	7.937591	0.24795625	2.6491537
1663767644151	7.8200436	-0.31585258	1.6651055
1663767644158	7.6633134	-1.0378869	1.5203397
1663767644205	7.6800632	-1.6746768	2.1367905
1663767644216	7.623832	-1.9654047	2.7041886
1663767644245	7.709974	-1.8924236	3.2333016
1663767644259	8.215158	-1.1694921	3.7325041
1663767644273	9.046066	-0.22253251	3.9801614
1663767644287	9.912567	0.1902294	3.472883
1663767644309	10.320843	-0.07178468	2.181058
1663767644321	10.387841	-0.4322036	2.4565315
1663767644333	10.477572	-0.3376871	3.5793636
1663767644346	10.682158	0.2324029	4.260421
1663767644400	12.359228	0.5949155	4.1108694
1663767644412	14.475679	-1.1335998	1.3301103
1663767644425	14.584553	-4.554738	0.6693921
1663767644437	13.976477	-4.3322053	2.0434706
1663767644526	12.0481615	-1.7033906	1.2966107
1663767644541	9.917353	-0.14117654	-1.0172487
1663767644553	8.109874	0.4668995	-1.9091734
1663767644563	7.0492554	0.4142574	-1.3094722
1663767644571	7.402496	-0.13160525	-0.24526432
1663767644582	9.250652	-1.0510473	0.6454639
1663767644589	10.215558	-1.934298	1.3995022
1663767644596	9.262616	-2.0219352	3.0346973
1663767644603	8.008179	-1.8445672	3.8796628
1663767644638	7.24786	-1.0031909	2.4601207
1663767644646	6.9702926	0.16510476	1.3444673
1663767644728	6.879365	1.055833	1.1300105
1663767644747	6.9020967	1.1766706	1.3420744
1663767644759	6.991828	0.7743772	1.4808581
1663767644770	7.379764	0.42023948	1.7814565
1663767644782	7.9615192	-0.014356935	2.2671995
1663767644792	9.037691	-0.50159544	2.6252255
1663767644806	10.34477	-0.75284183	2.0697916
1663767644821	11.175379	-0.32303107	1.8771694
1663767644830	12.086446	1.4976078	3.0011978
1663767644841	13.114761	1.2711871	4.784748
1663767644928	13.776676	-0.07776674	5.791528
1663767644944	13.224832	-0.40468612	6.2871413
1663767644954	12.4014015	-0.31585258	5.009673
1663767644968	12.420544	-0.08255238	1.9740787
1663767644983	11.704492	0.40588254	-1.1623136
1663767644993	10.404591	0.08135597	-2.856133
1663767645004	9.512667	-1.6208383	-2.2552354
1663767645016	7.82124	-4.3154554	-1.466202
1663767645033	6.8721867	-6.0020967	-0.3900301
1663767645061	8.096714	-3.8330028	1.2008978
1663767645072	9.41815	-2.8537402	1.4150555
1663767645085	10.910973	-0.41665024	1.8053846
1663767645098	10.168898	2.2097716	2.998805
1663767645125	7.8690963	1.1850454	3.0406795
1663767645137	7.18445	0.39391842	2.219343
1663767645150	7.070791	-0.12323037	1.4760724
1663767645163	6.806384	-0.7085746	1.0917253
1663767645210	6.6984076	-1.3669	1.6698911
1663767645225	6.8243303	-1.8182461	2.4924238
1663767645237	7.32443	-2.0195422	3.4283166
1663767645253	8.180463	-1.9594226	3.9670007
1663767645312	9.48156	-1.2520444	4.095316
1663767645328	10.697712	-0.6942177	4.2041893
1663767645343	11.132308	-0.95054877	3.9047875
1663767645355	11.072488	-1.0953146	3.6631124
1663767645373	11.23161	-0.70259255	3.6750765
1663767645389	10.763814	0.015553347	3.2009985
1663767645405	11.398211	1.6782659	4.3764725
1663767645418	13.290634	2.5666013	3.3661032
1663767645435	13.415061	-1.3130615	0.29461628
1663767645445	12.823734	-4.7007003	-0.5554339
1663767645524	11.438889	-5.280062	0.7004988
1663767645545	10.03819	-2.5471597	0.50159544
1663767645556	9.304491	-0.19501504	-0.54346985
1663767645566	8.218747	0.3364907	-1.1694921
1663767645576	7.548458	-0.0634098	0.022731815
1663767645587	8.603095	-0.8066803	1.4294125
1663767645599	10.428519	-1.3860425	1.1407782
1663767645615	10.044172	-1.759622	1.7946169
1663767645633	8.36112	-1.9594226	3.1986058
1663767645644	7.420442	-1.7524434	3.0430722
1663767645656	7.066005	-0.8700901	1.8855443
1663767645669	6.9990063	0.3376871	1.2954143
1663767645680	6.987042	1.1694921	1.4246268
1663767645727	6.8662047	1.1060823	1.4641083
1663767645744	7.0408807	0.5566304	1.6220347
1663767645756	7.95793	0.07058827	2.0937197
1663767645771	9.3104725	-0.44775695	2.539084
1663767645794	10.621141	-0.40947178	2.6515465
1663767645807	11.428121	-0.33170503	3.4307094
1663767645816	11.916555	0.52552366	4.28076
1663767645827	12.264711	1.2269198	5.0790653
1663767645927	12.325728	0.45972106	5.8214383
1663767645943	11.801401	-0.453739	5.593821
1663767645953	11.534601	-0.60807604	4.0091743
1663767645963	12.820146	-0.4776672	1.3983058
1663767645976	13.236795	-0.040677983	-2.0228324
1663767645988	10.829617	0.19740787	-2.9829526
1663767645997	9.824033	-0.8437691	-0.8210373
1663767646012	8.884252	-3.2476585	0.45134616
1663767646023	7.5963144	-6.066703	0.62482584
1663767646062	7.6130643	-6.1707907	1.2738789
1663767646074	9.12144	-3.5958142	1.5406786
1663767646082	9.667302	-2.2241287	1.3540385
1663767646090	9.902996	0.39631125	2.2384856
1663767646123	8.947661	1.6387844	3.521936
1663767646135	7.3881392	0.8452646	3.2703903
1663767646152	7.0169525	0.5841478	2.1750758
1663767646166	6.9990063	0.21415763	0.99720883
1663767646212	7.227521	-0.73369926	1.0271192
1663767646230	7.891828	-1.6603198	1.948954
1663767646240	8.491829	-1.8433708	2.4852455
1663767646252	8.478668	-1.8601205	3.144767
1663767646313	8.698808	-1.1156535	3.8258243
1663767646328	9.103494	-0.40947178	3.7660038
1663767646341	9.402596	-0.5051847	3.478865
1663767646355	9.406186	-1.0725827	2.986841
1663767646369	9.972387	-1.2077773	2.8585258
1663767646381	10.629517	-0.6475576	2.5342982
1663767646401	11.655439	0.84047896	3.484847
1663767646412	13.869996	2.3724837	5.0862436
1663767646419	14.539089	0.14237295	2.350051
1663767646444	13.49881	-4.432704	-0.88325065
1663767646530	12.215659	-5.3566327	-0.25603202
1663767646543	10.380663	-3.1591241	0.5733801
1663767646556	9.59163	-0.096909314	-0.4881358
1663767646570	8.09791	0.5159524	-1.317847
1663767646580	6.585945	-0.27756742	-0.8042875
1663767646592	7.01097	-0.974477	0.13908282
1663767646603	8.975179	-1.704587	0.5733801
1663767646613	10.103992	-1.8517456	1.5275182
1663767646623	9.529416	-1.9474585	3.382853
1663767646637	8.59113	-2.0398812	4.1575294
1663767646653	8.194819	-1.1144571	2.885146
1663767646730	8.136195	0.21655045	1.8939191
1663767646747	7.778169	0.9661021	1.6782659
1663767646758	7.5460653	1.2424731	1.7826529
1663767646771	7.29452	1.0067801	1.7587247
1663767646784	7.373782	0.5422734	2.012364
1663767646794	7.900203	0.0741775	2.2217357
1663767646808	8.904591	-0.2955136	1.7718852
1663767646821	10.186844	-0.6008976	1.8245273
1663767646835	11.644671	0.24436702	3.039483
1663767646847	12.806985	0.76959157	4.9977093
1663767646926	13.309777	0.15314065	6.100202
1663767646939	13.163815	-0.17826529	5.5926247
1663767646953	13.251153	-0.23330021	3.58056
1663767646962	13.745569	0.12801601	-0.076570325
1663767646972	11.807384	0.19262223	-1.3657036
1663767646979	10.305289	-0.06460621	-0.24646074
1663767646999	9.346365	-1.6208383	0.9098708
1663767647012	7.839186	-4.278367	0.5135596
1663767647036	6.48425	-6.329913	-0.11246266
1663767647050	7.0145597	-5.1388855	0.103190474
1663767647062	8.586345	-3.187838	1.5538392
1663767647074	9.5557375	-2.199004	1.3217354
1663767647086	10.503893	0.27906293	2.5115664
1663767647123	9.363115	1.3707882	3.775575
1663767647133	7.7422767	0.53270215	2.8022945
1663767647146	7.164111	0.14476576	1.8329022
1663767647158	7.0899334	-0.21296121	1.3564314
1663767647209	7.2909307	-0.9732806	1.8460627
1663767647219	7.4479594	-1.2975081	2.6288147
1663767647229	7.7566338	-1.2281163	3.2727833
1663767647255	7.882257	-1.1096715	3.8521454
1663767647311	8.611469	-0.57816577	4.109673
1663767647324	9.792926	-0.06819545	3.716951
1663767647334	10.275378	-0.5422734	2.6946175
1663767647347	9.975977	-1.4231312	1.861616
1663767647361	10.572088	-1.218545	2.5235305
1663767647371	11.391032	-0.45852464	3.222534
1663767647442	12.621541	1.7021942	5.044369
1663767647449	14.789438	2.7293134	4.901996
1663767647462	13.983656	-2.5893333	0.7052845
1663767647478	12.7292185	-5.6416774	-0.011964113
1663767647525	10.6307125	-5.037191	1.8723837
1663767647537	9.533006	-1.879263	0.52193445
1663767647550	8.576774	0.0849452	-1.0953146
1663767647561	7.194021	0.25872394	-1.7033906
1663767647571	6.3777695	-0.27158538	-0.6774679
1663767647582	7.6046896	-0.831805	0.67178494
1663767647594	10.009477	-1.5634105	1.1682956
1663767647605	10.960025	-1.8278174	2.0685952
1663767647634	9.640982	-1.5885352	4.269992
1663767647650	8.820842	-1.2568301	4.1431723
1663767647661	8.422137	-0.61764735	2.449353
1663767647670	8.227122	0.34366915	1.6722839
1663767647725	7.8284183	0.948156	2.0542383
1663767647741	7.237092	0.9816555	2.3775685
1663767647750	6.9128647	0.7755736	2.443371
1663767647765	6.9762745	0.36161533	2.423032
1663767647779	7.3666034	-0.34366915	2.6419754
1663767647809	8.227122	-0.87607217	2.2528424
1663767647821	10.219148	-0.12921242	1.7069799
1663767647831	12.445669	1.5263218	1.9597218
1663767647844	13.716856	1.89362	4.6172504
1663767647927	13.456936	0.11724831	7.342675
1663767647941	12.402598	-1.1503495	7.917252
1663767647951	12.086446	-1.2891332	5.526822
1663767647960	12.664612	-1.3956138	0.37956148
1663767647972	11.175379	-1.358525	-3.8940198
1663767647982	10.373485	-0.81266236	-2.5914268
1663767648040	10.353146	-1.4051851	0.67178494
1663767648053	9.136993	-3.9023945	1.4497514
1663767648063	8.075178	-5.1341	1.1036894
1663767648075	8.332407	-3.0379875	0.96490574
1663767648091	8.62463	-2.498107	0.994816
1663767648102	9.078369	-0.9242278	1.3648062
1663767648110	9.128618	1.1527423	2.1894326
1663767648120	8.252247	0.75643104	2.909074
1663767648130	7.8930244	0.17108682	2.5235305
1663767648143	7.6836524	-0.03589234	1.6292131
1663767648159	7.1629148	-0.5087739	0.9290134
1663767648217	6.876972	-1.1144571	1.3648062
1663767648225	6.8458657	-1.5490535	2.160719
1663767648232	7.1976104	-1.84696	2.9724839
1663767648243	8.109874	-1.509572	3.6379876
1663767648252	9.373882	-0.4621139	3.7528431
1663767648310	10.306485	0.17826529	3.4561331
1663767648322	10.774581	0.13399807	2.7843482
1663767648332	10.409377	-0.3364907	2.6850462
1663767648344	10.222736	-0.83060855	4.0390844
1663767648353	10.433305	-0.85214394	3.8054852
1663767648445	12.000304	-0.40588254	3.8425741
1663767648460	14.49243	-0.30987054	2.9353952
1663767648477	13.968102	-3.4163525	0.71724856
1663767648487	12.479168	-4.0160537	0.45613182
1663767648496	11.349157	-2.2145574	0.4549354
1663767648506	9.962816	-0.2117648	-1.0809577
1663767648537	8.783752	0.7719844	-1.6363916
1663767648549	7.583154	0.7193423	-1.082154
1663767648563	7.5556364	0.3173481	-0.09212367
1663767648576	9.430114	-0.5494519	0.24197419
1663767648590	10.685748	-1.4422739	0.78424764
1663767648604	9.922138	-1.6818552	2.3392832
1663767648634	8.744271	-1.4015958	3.4417763
1663767648646	8.180463	-0.669093	2.795116
1663767648658	8.009376	0.27188447	1.9788643
1663767648673	7.7793655	0.8009974	1.7766708
1663767648685	7.603493	0.9098708	1.9142581
1663767648696	7.4072814	0.5709873	2.0183458
1663767648736	7.4730844	0.15553348	2.2002003
1663767648747	7.9615192	-0.36281174	2.3572295
1663767648757	8.468798	-0.7719844	2.335694
1663767648772	9.023035	-0.68464637	2.2384856
1663767648787	9.727123	-0.31226337	2.4589243
1663767648810	10.7279215	1.0163515	2.6742785
1663767648826	11.939288	1.4868401	3.8593237
1663767648860	12.799807	0.453739	4.733302
1663767648928	13.479668	-0.104087785	5.5519466
1663767648943	13.817354	-0.4322036	3.958626
1663767648953	14.02553	-0.08255238	-0.49920264
1663767648962	12.70529	-0.23928227	-1.7440686
1663767648972	11.472388	-0.6128617	-0.49172506
1663767649038	9.893424	-2.2911277	1.1479566
1663767649052	7.8020973	-5.158028	1.1659029
1663767649061	5.931209	-6.876972	0.35204405
1663767649071	6.7055864	-4.212265	0.45014977
1663767649080	7.9627156	-2.658725	0.92662054
1663767649095	9.342776	-0.7001997	0.7052845
1663767649104	10.532607	1.907977	1.7994026
1663767649112	9.098708	1.2843475	2.748456
1663767649124	8.111071	0.33888352	2.1140587
1663767649136	7.8164544	0.08733802	1.4581263
1663767649150	7.376175	-0.6343971	1.2272189
1663767649270	7.024131	-1.1886346	1.774278
1663767649282	6.8506513	-1.3477573	2.3030918
1663767649295	6.969096	-1.3609179	2.9270203
1663767649308	7.3459654	-1.3441681	3.7193437
1663767649324	8.353942	-0.8748758	4.0905304
1663767649338	9.749855	-0.31226337	3.761218
1663767649350	10.613963	-0.535095	2.8815567
1663767649364	10.7024975	-1.2233306	2.5319054
1663767649381	10.906186	-1.0474582	3.3601213
1663767649395	10.657034	-0.392722	3.8724844
1663767649444	11.113166	1.3588241	5.185845
1663767649457	13.159029	2.7640092	4.7045884
1663767649471	14.174184	-0.39391842	0.37716866
1663767649482	13.75873	-5.0455656	-2.0108683
1663767649528	12.067304	-6.4184475	-0.18305093
1663767649541	10.957632	-2.82383	2.1631117
1663767649551	10.172487	0.09092726	0.637089
1663767649561	8.930911	0.8285148	-1.0292128
1663767649573	7.568797	0.08973085	-0.4869394
1663767649586	8.081161	-0.7468598	0.62482584
1663767649600	9.798908	-1.4231312	0.5135596
1663767649615	9.623035	-1.9271195	1.2690933
1663767649634	8.221141	-1.9103698	2.89711
1663767649647	7.687242	-1.474876	3.0095727
1663767649656	7.5927253	-0.7217351	2.120041
1663767649683	7.538887	0.11964113	1.7297117
1663767649725	7.446763	0.799801	1.6016957
1663767649737	7.192825	0.90508515	1.5107684
1663767649754	7.1222367	0.7157531	1.6758732
1663767649763	7.5604224	0.38434714	2.0015962
1663767649772	8.1840515	-0.14596218	2.394318
1663767649806	9.015857	-0.42382872	2.7735806
1663767649818	9.91137	-0.3819543	3.19382
1663767649828	11.280962	0.15672988	3.6750765
1663767649838	12.313765	1.035494	4.8302116
1663767649854	13.175778	0.6678966	5.573482
1663767649864	12.439687	-0.2536392	5.624928
1663767649927	12.474382	-0.046660043	5.043173
1663767649945	13.535002	-0.46929234	2.0925233
1663767649954	12.854841	-1.0007981	-2.210968
1663767649967	11.157433	-1.0211371	-2.8405795
1663767650059	10.915758	-1.3142579	-0.33499518
1663767650073	9.437292	-3.8234315	0.9098708
1663767650085	7.784151	-6.0607204	0.68853474
1663767650095	7.878668	-3.9741793	0.80937225
1663767650110	8.5983095	-2.4801607	0.8919246
1663767650123	9.332008	-0.85812604	0.61046886
1663767650131	9.606286	1.8290138	1.3863416
1663767650138	8.462815	1.8924236	2.1140587
1663767650153	7.4240313	0.7001997	2.5534408
1663767650164	7.4324064	0.36281174	2.1008983
1663767650172	7.263413	-0.32662028	1.4114662
1663767650220	7.263413	-1.8230318	1.8604196
1663767650233	7.577172	-2.1224337	2.4649065
1663767650242	8.096714	-2.0434706	3.5410783
1663767650251	8.637791	-1.6387844	4.5705905
1663767650311	9.274581	-0.72293156	4.756034
1663767650322	9.850353	-0.05383851	4.1228333
1663767650330	9.740284	-0.48963133	2.746063
1663767650339	9.512667	-1.16351	1.5789639
1663767650352	9.949656	-1.1036894	2.306681
1663767650363	10.245468	-0.3278167	2.9066813
1663767650439	11.472388	1.5514464	4.8469615
1663767650451	13.277473	2.5618157	4.8996034
1663767650460	13.914264	-0.7289136	1.4174483
1663767650478	13.830515	-4.8397827	-0.7815557
1663767650488	12.268301	-5.6703916	0.6729814
1663767650498	10.458429	-2.7017958	1.4042878
1663767650534	9.57488	0.16271193	-0.7492526
1663767650546	8.194819	0.76719874	-1.9773688
1663767650558	7.251449	0.19740787	-1.0459626
1663767650570	8.423334	-0.69541407	-0.0059820567
1663767650580	10.456037	-1.5358931	0.8009974
1663767650666	10.670195	-1.9474585	2.4134607
1663767650680	9.427721	-2.1367905	4.162315
1663767650690	8.607881	-1.7751753	3.6978083
1663767650697	7.9555373	-0.8712866	2.1834507
1663767650708	7.322037	0.14237295	1.462912
1663767650716	6.862615	0.9613165	1.233201
1663767650723	6.5225353	1.1096715	1.1850454
1663767650733	6.504589	0.72412795	1.2607185
1663767650740	7.0839515	0.285045	1.657927
1663767650774	8.017751	-0.15672988	2.0901306
1663767650793	9.020642	-0.50159544	2.4960132
1663767650806	10.283753	-0.4034897	2.728117
1663767650822	11.247164	0.15792629	3.2476585
1663767650877	12.023036	1.0271192	4.5658045
1663767650891	12.276675	0.67387867	5.468198
1663767650902	11.963216	-0.2428715	5.280361
1663767650910	11.649457	-0.30388847	5.050351
1663767650935	12.469597	-0.25004998	3.1495528
1663767650947	12.917055	-0.4776672	-0.79950184
1663767650954	11.749955	-0.46809593	-2.4311078
1663767651041	10.93849	-0.6439684	-0.6116653
1663767651053	10.034601	-2.2277179	1.0474582
1663767651064	8.449655	-4.727021	1.1060823
1663767651077	7.2693954	-5.896513	0.7196414
1663767651090	7.932805	-3.313461	0.68135625
1663767651113	8.6090765	-2.3808584	0.71365935
1663767651124	10.007083	-1.1347961	0.9385847
1663767651133	10.726725	0.8895318	1.8664017
1663767651147	9.223135	0.90149593	3.039483
1663767651160	7.998608	-0.11485548	2.9413772
1663767651243	7.824829	-0.39870408	2.0063818
1663767651257	7.8092756	-0.77677006	1.2966107
1663767651267	7.6453676	-1.2975081	1.6627127
1663767651277	7.538887	-1.582553	2.419443
1663767651288	7.794919	-1.5000007	3.025126
1663767651299	8.057232	-1.3537394	3.5291142
1663767651310	8.273783	-0.9409775	3.5697923
1663767651322	8.836395	-0.28594232	3.4103706
1663767651335	9.52822	-0.3711866	2.774777
1663767651346	9.693624	-1.090529	2.111666
1663767651473	9.602696	-1.5729818	2.62044
1663767651483	10.031012	-1.2017952	3.1758738
1663767651493	10.015458	-0.20219351	3.0203404
1663767651503	10.484751	1.8002999	4.2687955
1663767651516	11.277373	2.984149	4.4410787
1663767651528	11.912967	1.2963116	2.909074
1663767651541	12.58206	-2.6252255	1.102493
1663767651555	13.203297	-5.201099	0.4860421
1663767651568	12.396317	-5.32074	1.4796617
1663767651583	11.608779	-2.0961127	1.2080764
1663767651597	10.529017	0.4322036	-0.25004998
1663767651613	8.987143	0.95054877	-1.326222
1663767651664	7.8702927	0.36161533	-0.2321038
1663767651677	7.9340014	-0.20578274	0.5841478
1663767651692	9.108279	-1.0666007	0.86201435
1663767651704	10.035797	-2.1188445	1.5789639
1663767651713	9.806087	-2.3904297	2.7364917
1663767651725	9.071191	-2.0267208	3.525525
1663767651738	8.522935	-1.2795619	2.7568307
1663767651749	8.085946	-0.34127632	1.7982062
1663767651761	7.725527	0.4226323	1.5945172
1663767651809	7.481459	0.62123656	1.6998014
1663767651823	7.5927253	0.25872394	1.8711873
1663767651832	7.8643107	-0.21894327	1.8999012
1663767651847	8.087142	-0.68225354	2.1774685
1663767651892	8.462815	-1.1001002	2.768795
1663767651906	8.930911	-1.2915261	3.1722846
1663767651919	9.523434	-1.0127622	3.3613176
1663767651934	10.14826	0.08255238	2.9186454
1663767651948	10.509875	0.90508515	2.8322048
1663767651961	10.895419	0.9314062	2.9688947
1663767651972	10.909776	0.015553347	3.6571302
1663767652042	10.545768	-0.82701933	4.6208396
1663767652055	10.219148	-0.8808578	5.1089754
1663767652069	10.129117	-0.90388876	4.358526
1663767652079	10.666605	-0.8389834	2.1176481
1663767652090	11.813365	0.047856454	-0.5590232
1663767652102	12.463615	0.8213364	-0.6798607
1663767652112	12.269497	-0.42023948	0.6092725
1663767652132	11.048559	-2.4035904	1.1120644
1663767652142	9.169296	-4.2795634	1.4413766
1663767652151	7.595118	-5.2166524	1.5478572
1663767652244	7.3713894	-3.9358943	0.52911294
1663767652264	7.9112697	-2.5761726	-0.22013968
1663767652275	8.468798	-2.1595225	-0.111266255
1663767652287	9.701999	-0.7743772	1.1431711
1663767652297	10.454841	0.7636095	2.5642085
1663767652311	9.761819	0.33888352	3.2991042
1663767652322	8.910572	-0.62961143	2.4050858
1663767652336	8.554042	-1.1503495	1.3588241
1663767652350	8.260622	-1.6292131	1.3289139
1663767652362	7.9220376	-1.8254246	2.0015962
1663767652473	7.763812	-1.6064813	2.5067809
1663767652483	7.9627156	-1.3058829	2.8597221
1663767652490	8.213962	-0.9708878	2.7424738
1663767652501	8.39821	-0.48006004	2.5271199
1663767652514	8.973982	0.34606197	2.7568307
1663767652523	9.969995	1.0522437	2.7436702
1663767652533	10.549356	0.750449	2.4888346
1663767652539	10.360324	-0.16869399	2.6694927
1663767652549	9.824033	-0.99960166	3.0729825
1663767652558	9.701999	-0.8102696	2.5570302
1663767652570	9.445667	0.20219351	2.579762
1663767652581	9.57488	1.6890336	3.9717865
1663767652636	10.186844	2.3365912	3.7923248
1663767652650	11.314462	0.74207413	1.9190438
1663767652663	12.204891	-3.0535407	-0.02632105
1663767652675	13.429418	-5.6967125	0.116351
1663767652687	12.634702	-5.9494543	2.565405
1663767652695	12.702897	-1.2951152	3.757629
1663767652708	11.315659	0.74566334	1.8376877
1663767652742	9.272188	1.2723835	-0.05742774
1663767652754	6.893722	0.4118646	-0.9059825
1663767652809	5.8689957	-0.62721866	-1.2460624
1663767652826	6.183652	-1.4159528	-0.9562318
1663767652835	7.0229344	-2.1451654	0.050249275
1663767652850	8.437691	-2.9195428	1.5478572
1663767652877	10.343575	-3.2105699	2.3102703
1663767652895	11.245967	-2.388037	2.707778
1663767652907	10.800902	-1.2568301	2.9210382
1663767652932	10.046565	-0.7600203	2.2791636
1663767652943	9.212367	-0.7576275	2.050649
1663767652952	8.610273	-0.8856435	2.2360928
1663767652959	8.359924	-1.1467602	2.3078775
1663767653040	8.489435	-1.5167505	2.329712
1663767653053	8.890233	-1.8828523	2.0805593
1663767653060	9.1872425	-2.3174486	2.0458634
1663767653072	9.488738	-2.4131618	2.152344
1663767653083	9.993923	-2.0219352	2.0015962
1663767653094	10.299307	-1.4581263	2.0386848
1663767653105	10.642677	-0.93978107	2.3548367
1663767653142	10.90499	-0.71694946	2.5175486
1663767653152	11.011471	-0.41306102	2.1954148
1663767653158	10.774581	-0.42861435	1.7730815
1663767653244	10.278968	-0.53629136	1.3301103
1663767653255	9.355937	-0.55423754	1.5011971
1663767653264	8.647362	-0.5063811	1.7575282
1663767653271	8.487042	-0.77677006	1.3779668
1663767653291	8.941679	-1.2675978	0.15224335
1663767653300	10.1016	-1.1946167	-1.1228321
1663767653308	11.080863	-0.70378894	-0.37806597
1663767653318	11.352747	-1.2281163	1.5526428
1663767653326	10.869098	-2.2157538	2.1296122
1663767653333	10.2347	-2.9482565	1.7766708
1663767653487	9.6529455	-2.951846	1.5430715
1663767653499	9.025428	-2.7065816	1.5430715
1663767653513	8.570791	-2.5268207	0.95653087
1663767653524	8.401798	-2.3808584	0.72442704
1663767653534	8.6090765	-2.251646	1.0510473
1663767653545	8.929715	-2.1547368	1.4054842
1663767653560	9.047262	-2.1224337	1.6351951
1663767653573	9.169296	-2.1918256	1.7850457
1663767653585	9.329616	-2.3976083	1.7344973
1663767653600	9.486345	-2.5591238	1.6220347
1663767653613	9.553345	-2.707778	1.602892
1663767653622	9.564112	-2.8094728	1.7623138
1663767653648	9.452846	-2.9374888	1.7213368
1663767653659	9.250652	-2.896811	1.4617156
1663767653673	9.18485	-2.475375	1.0426725
1663767653686	9.444471	-1.6459628	0.6478567
1663767653700	9.524631	-1.2364911	0.32452658
1663767653715	9.201599	-1.5646069	0.3376871
1663767653730	9.32124	-1.7321045	0.60687965
1663767653743	9.984351	-1.4494523	0.779462
1663767653754	10.649856	-0.7049854	0.7256235
1663767653781	10.452448	-0.27756742	0.7304091
1663767653790	9.996316	0.17587246	1.2212368
1663767653809	9.852746	0.54346985	1.7611175
1663767653822	9.8348	0.45972106	1.4760724
1663767653888	9.949656	0.3173481	1.1096715
1663767653905	9.990334	0.15314065	1.1491531
1663767653915	10.005887	-0.16510476	1.4557334
1663767653928	10.100404	-0.8246265	1.8436699
1663767653943	10.051351	-1.4386846	2.1308086
1663767653957	9.99153	-1.5993029	2.1834507
1663767654062	9.916156	-1.4147564	2.2384856
1663767654080	9.736694	-1.1132607	2.1308086
1663767654094	9.512667	-0.90508515	1.8735801
1663767654104	9.372686	-0.6667002	1.7081763
1663767654116	9.218349	-0.5183452	1.6531414
1663767654129	9.078369	-0.50159544	1.6124634
1663767654140	9.015857	-0.74207413	1.7093726
1663767654151	9.225528	-1.1419746	1.9561325
1663767654160	9.387043	-1.7009978	2.254039
1663767654171	9.679267	-2.0961127	2.402693
1663767654180	10.132707	-1.704587	2.268396
1663767654243	10.555339	-0.6236294	2.646761
1663767654255	10.410573	1.6196418	2.0291135
1663767654265	8.872287	0.10767702	-2.2743778
1663767654274	9.316455	-0.93978107	3.1830523
