Timestamp 	 X 	 Y 	 Z 
1663771763875	9.41456	0.20578274	0.7507481
1663771763887	9.584451	0.29461628	0.7052845
1663771763895	9.776176	0.3376871	1.0402796
1663771763903	9.852746	0.29461628	1.3229318
1663771763939	9.864711	0.18664017	1.2200404
1663771763944	9.862318	0.15792629	1.0642079
1663771763964	9.874282	0.23958136	1.0139586
1663771763970	9.831211	0.33050862	1.0689936
1663771764036	9.831211	0.33050862	1.0689936
1663771764046	9.600304	0.3999005	0.9984053
1663771764054	9.602696	0.4034897	1.0594223
1663771764217	9.607482	0.41306102	1.1240284
1663771764225	9.654142	0.49322057	1.2403795
1663771764232	9.64816	0.49800622	1.2690933
1663771764255	9.61466	0.43818563	1.1670992
1663771764262	9.583255	0.4214359	1.0869397
1663771764275	9.596714	0.50039905	1.049851
1663771764282	9.717552	0.5937191	1.1252248
1663771764286	9.886246	0.6236294	1.2439687
1663771764292	9.946067	0.60687965	1.2954143
1663771764296	9.905389	0.56859446	1.2846466
1663771764399	9.826426	0.57577294	1.279861
1663771764408	9.742677	0.55064833	1.2535399
1663771764418	9.673285	0.4645067	1.2248261
1663771764426	9.655338	0.4010969	1.1814562
1663771764435	9.68166	0.36161533	1.2092727
1663771764445	9.722338	0.34247273	1.2846466
1663771764454	9.763016	0.3807579	1.3444673
1663771764460	9.77498	0.42382872	1.3289139
1663771764467	9.735498	0.45613182	1.3277174
1663771764476	9.690035	0.45254257	1.3671991
1663771764580	9.578469	0.3915256	1.3277174
1663771764589	9.480363	0.28983065	1.2906287
1663771764594	9.470792	0.3269194	1.2152548
1663771764602	9.509077	0.4010969	1.1611172
1663771764609	9.636196	0.47527438	1.2320045
1663771764616	9.779765	0.50039905	1.2523435
1663771764621	9.790533	0.50159544	1.2355938
1663771764626	9.70798	0.48364928	1.1961123
1663771764631	9.58804	0.49800622	1.1611172
1663771764637	9.542577	0.50159544	1.1670992
1663771764715	9.567701	0.55423754	1.1754742
1663771764721	9.615857	0.6008976	1.2272189
1663771764726	9.670892	0.6092725	1.2248261
1663771764731	9.7450695	0.5805586	1.3037893
1663771764799	9.803694	0.56859446	1.3492528
1663771764808	9.873085	0.602094	1.3456637
1663771764817	9.8348	0.6008976	1.3624134
1663771764827	9.691231	0.52911294	1.3025929
1663771764836	9.554541	0.5051847	1.1850454
1663771764848	9.462418	0.49441698	1.1036894
1663771764966	9.468399	0.4549354	1.076172
1663771764977	9.488738	0.38913277	1.1300105
1663771764986	9.607482	0.34247273	1.2894323
1663771764992	9.792926	0.33290145	1.4174483
1663771765002	9.979566	0.3819543	1.4653047
1663771765014	9.992726	0.4106682	1.4306089
1663771765024	9.791729	0.45014977	1.2882359
1663771765034	9.540184	0.5386842	1.1407782
1663771765043	9.457631	0.64636123	1.0211371
1663771765053	9.52822	0.69541407	1.0917253
1663771765221	9.542577	0.7073782	1.2391831
1663771765237	9.534202	0.7049854	1.3540385
1663771765249	9.567701	0.64995044	1.340878
1663771765263	9.658928	0.58534425	1.2702898
1663771765278	9.751051	0.53389853	1.3624134
1663771765287	9.766604	0.5195416	1.4533406
1663771765299	9.7247305	0.51236314	1.474876
1663771765312	9.75823	0.5027919	1.4676976
1663771765324	9.819247	0.5027919	1.5143577
1663771765336	9.879067	0.47527438	1.5502499
1663771765345	9.869496	0.4214359	1.4653047
1663771765409	9.810872	0.39511484	1.3707882
1663771765426	9.725926	0.33290145	1.3695918
1663771765440	9.654142	0.32452658	1.4318053
1663771765453	9.613464	0.3687938	1.4318053
1663771765473	9.580862	0.42861435	1.334896
1663771765483	9.633803	0.51236314	1.2511472
1663771765491	9.667302	0.61046886	1.2403795
1663771765503	9.600304	0.6523433	1.2056835
1663771765514	9.530613	0.622433	1.2882359
1663771765525	9.517452	0.6750751	1.3588241
1663771765534	9.605089	0.73369926	1.4641083
1663771765544	9.691231	0.6858428	1.495215
1663771765611	9.74148	0.59730834	1.4653047
1663771765622	9.739087	0.45134616	1.3097713
1663771765632	9.666106	0.37836507	1.1647065
1663771765642	9.491131	0.44177487	1.0319048
1663771765653	9.361918	0.5087739	0.9385847
1663771765664	9.373882	0.5709873	0.98644114
1663771765675	9.488738	0.71455663	1.1802598
1663771765687	9.772587	0.87278205	1.4258232
1663771765697	9.91496	0.7962117	1.4736797
1663771765725	9.897014	0.56859446	1.5011971
1663771765735	9.736694	0.35563326	1.3935201
1663771765747	9.527023	0.27068806	1.1407782
1663771765758	9.457631	0.35204405	0.96849495
1663771765806	9.583255	0.45972106	1.0582259
1663771765817	9.757033	0.4645067	1.2930216
1663771765830	9.883853	0.43698925	1.3169497
1663771765840	9.966406	0.35324043	1.279861
1663771765850	9.857532	0.30179477	1.2475579
1663771765860	9.685248	0.36041892	1.2619148
1663771765980	9.629018	0.49800622	1.3002
1663771765989	9.627821	0.63798636	1.2882359
1663771766000	9.688838	0.7013961	1.2499508
1663771766012	9.813265	0.71216387	1.1754742
1663771766022	9.952048	0.6906284	1.1694921
1663771766032	9.942477	0.56380886	1.0725827
1663771766043	9.870692	0.48125646	0.87278205
1663771766054	9.785748	0.5303093	0.8021938
1663771766064	9.655338	0.6008976	0.92183495
1663771766074	9.548559	0.6164509	1.1503495
1663771766162	9.522238	0.5303093	1.2643076
1663771766176	9.471989	0.35563326	1.1937194
1663771766186	9.410972	0.16271193	1.102493
1663771766193	9.293723	-0.0035892338	0.9637093
1663771766205	9.19801	0.11724831	0.91465646
1663771766215	9.393025	0.5494519	0.92183495
1663771766224	9.770194	1.0055838	1.035494
1663771766232	10.142278	1.2293127	1.4174483
1663771766243	10.4668045	1.2077773	1.5933207
1663771766255	10.525429	0.9661021	1.6052849
1663771766267	10.276575	0.75523466	1.5047864
1663771766385	9.807282	0.60329044	1.2966107
1663771766395	9.393025	0.5949155	1.015155
1663771766407	9.15494	0.6044868	0.85244304
1663771766418	9.201599	0.5626124	0.81894356
1663771766428	9.434899	0.6164509	0.8560323
1663771766436	9.725926	0.72412795	0.96490574
1663771766447	9.862318	0.76600236	1.0510473
1663771766462	9.852746	0.8572287	1.1192428
1663771766476	9.752248	0.9529416	1.2152548
1663771766485	9.646963	0.99601245	1.2655041
1663771766495	9.595518	1.0534402	1.2523435
1663771766505	9.687641	1.0139586	1.102493
1663771766580	9.822836	0.9517452	0.96849495
1663771766589	9.779765	0.76600236	0.85124665
1663771766599	9.599107	0.58534425	0.87278205
1663771766609	9.394221	0.49920264	0.9062816
1663771766618	9.332008	0.67028946	0.93738824
1663771766631	9.554541	0.97926265	1.0115658
1663771766642	9.88146	1.2197413	1.0630114
1663771766651	10.065707	1.2879368	1.0654043
1663771766662	10.066904	1.1647065	0.98524475
1663771766716	9.845568	0.9517452	0.84765744
1663771766735	9.538987	0.7743772	0.7304091
1663771766745	9.241081	0.61405814	0.7052845
1663771766753	9.158528	0.669093	0.7088737
1663771766820	9.367901	0.7468598	0.89072824
1663771766836	9.567701	0.7588239	1.1300105
1663771766846	9.753445	0.770788	1.2427722
1663771766853	9.913763	0.7408777	1.3695918
1663771766863	9.9807625	0.6858428	1.3600205
1663771766874	9.827621	0.5901299	1.2044871
1663771766940	9.634999	0.58534425	1.0187442
1663771766955	9.530613	0.6798607	0.8632108
1663771766965	9.564112	0.8356933	0.84047896
1663771766972	9.739087	0.9421739	0.9912268
1663771766983	9.879067	0.927817	1.0175478
1663771766996	9.865907	0.7755736	0.9409775
1663771767008	9.789336	0.63559353	1.0127622
1663771767019	9.740284	0.6523433	1.1706885
1663771767028	9.757033	0.75284183	1.1587243
1663771767036	9.719945	0.84167534	0.8488538
1663771767171	9.705587	0.9720842	0.66341007
1663771767186	9.709177	1.0929217	0.72442704
1663771767196	9.718748	1.1551352	0.8333005
1663771767206	9.739087	1.1132607	0.6406783
1663771767218	9.71157	0.9912268	0.5518447
1663771767228	9.668499	0.9194421	0.67776704
1663771767240	9.692428	0.91585284	0.75673014
1663771767252	9.599107	0.75284183	0.6969096
1663771767262	9.505488	0.60807604	0.67417777
1663771767273	9.436096	0.5985048	0.77587277
1663771767283	9.381062	0.58534425	0.79142606
1663771767347	9.4432745	0.62482584	0.74596244
1663771767360	9.5353985	0.6511469	0.7435696
1663771767373	9.701999	0.66071814	0.86560357
1663771767384	9.827621	0.6451648	1.0725827
1663771767410	10.011869	0.6308079	1.2427722
1663771767421	10.186844	0.52193445	1.4102699
1663771767431	10.179666	0.39032918	1.3971093
1663771767443	9.985548	0.3364907	1.096511
1663771767455	9.761819	0.3915256	0.9409775
1663771767469	9.561719	0.5243273	0.8356933
1663771767479	9.4636135	0.62721866	0.7890333
1663771767491	9.458828	0.68225354	0.8177471
1663771767547	9.48156	0.6343971	0.7615158
1663771767556	9.595518	0.6116653	0.68135625
1663771767625	9.753445	0.6044868	0.7316055
1663771767636	9.922138	0.5566304	0.9804591
1663771767647	9.993923	0.58893347	1.2308081
1663771767658	9.961619	0.6008976	1.1443675
1663771767668	9.906585	0.63798636	0.8895318
1663771767676	9.766604	0.6978069	0.87158567
1663771767716	9.593125	0.6678966	0.8811569
1663771767732	9.482756	0.6008976	0.7220342
1663771767742	9.378669	0.49800622	0.58534425
1663771767750	9.379865	0.49202415	0.6466603
1663771767762	9.525827	0.5279165	0.81894356
1663771767821	9.70798	0.5315057	0.90029955
1663771767838	9.833604	0.4776672	1.0031909
1663771767848	9.972387	0.43100718	1.0677971
1663771767859	10.013065	0.42502514	1.102493
1663771767872	9.917353	0.4118646	1.0857433
1663771767884	9.761819	0.4226323	0.93738824
1663771767941	9.6529455	0.49800622	0.799801
1663771767957	9.664909	0.56500524	0.8153543
1663771767966	9.686445	0.57816577	0.90388876
1663771767974	9.691231	0.52313083	1.0402796
1663771767985	9.669696	0.44895336	1.0797613
1663771767997	9.696016	0.33290145	1.0654043
1663771768017	9.730712	0.27068806	0.95653087
1663771768031	9.754641	0.30418757	0.8739785
1663771768041	9.712767	0.42382872	0.83688974
1663771768051	9.680463	0.49920264	0.8811569
1663771768145	9.661321	0.54705906	0.948156
1663771768153	9.690035	0.5697909	1.0307083
1663771768162	9.7247305	0.55304116	1.0474582
1663771768174	9.722338	0.5063811	1.0103694
1663771768228	9.701999	0.45014977	0.974477
1663771768237	9.729516	0.45732823	0.9385847
1663771768246	9.782158	0.4728816	0.9445667
1663771768256	9.84796	0.5315057	0.9696914
1663771768268	9.886246	0.6236294	1.0390832
1663771768278	9.865907	0.6056832	1.1012967
1663771768287	9.797711	0.5626124	1.096511
1663771768295	9.754641	0.5482555	1.096511
1663771768307	9.70798	0.54466623	1.0139586
1663771768412	9.655338	0.520738	0.9290134
1663771768425	9.6122675	0.5051847	0.907478
1663771768437	9.608679	0.55064833	0.93619186
1663771768446	9.621839	0.6008976	1.0007981
1663771768455	9.64457	0.5769694	1.1084751
1663771768469	9.700802	0.4764708	1.1961123
1663771768480	9.786943	0.38554356	1.1826526
1663771768492	9.9089775	0.38793638	1.0666007
1663771768504	9.942477	0.45613182	1.0259227
1663771768515	9.853943	0.5590232	1.0019945
1663771768524	9.71157	0.5841478	0.9314062
1663771768618	9.54497	0.541077	0.94337034
1663771768634	9.475577	0.5243273	1.0079765
1663771768644	9.536594	0.52911294	1.0247263
1663771768652	9.675677	0.5063811	1.090529
1663771768662	9.826426	0.52911294	1.1826526
1663771768670	9.928121	0.53629136	1.2308081
1663771768678	9.999905	0.5374878	1.1937194
1663771768688	9.993923	0.54705906	1.2272189
1663771768718	9.891031	0.53988063	1.259522
1663771768728	9.680463	0.5063811	1.2678969
1663771768741	9.543773	0.474078	1.259522
1663771768754	9.485149	0.42023948	1.2870395
1663771768822	9.460024	0.37716866	1.2870395
1663771768836	9.497113	0.33888352	1.3013964
1663771768848	9.642178	0.37836507	1.407877
1663771768858	9.82164	0.3999005	1.4760724
1663771768876	9.947263	0.4764708	1.4796617
1663771768890	9.932906	0.4645067	1.4365909
1663771768963	9.891031	0.43459642	1.4186447
1663771768971	9.778569	0.40468612	1.3935201
1663771768978	9.654142	0.40827537	1.279861
1663771768985	9.57488	0.45254257	1.0917253
1663771768990	9.462418	0.5374878	0.99003035
1663771768996	9.332008	0.63559353	1.0259227
1663771769015	9.302098	0.71455663	1.1001002
1663771769018	9.470792	0.79860455	1.1862419
1663771769021	9.5760765	0.8739785	1.3528421
1663771769024	9.546165	0.78394854	1.4102699
1663771769218	9.445667	0.5949155	1.3911272
1663771769236	9.38824	0.44177487	1.448555
1663771769249	9.430114	0.39631125	1.474876
1663771769264	9.489935	0.42382872	1.3935201
1663771769276	9.5557375	0.4956134	1.3636098
1663771769288	9.64816	0.5602196	1.4258232
1663771769296	9.68166	0.55064833	1.4581263
1663771769303	9.730712	0.602094	1.4270196
1663771769312	9.768997	0.5697909	1.4676976
1663771769323	9.82164	0.49920264	1.5646069
1663771769335	9.867104	0.4884349	1.582553
1663771769418	9.844372	0.49441698	1.5083755
1663771769429	9.723534	0.48963133	1.4222339
1663771769442	9.609875	0.453739	1.3971093
1663771769455	9.522238	0.4226323	1.4186447
1663771769467	9.5557375	0.42382872	1.4186447
1663771769479	9.684052	0.51116675	1.4413766
1663771769490	9.790533	0.5697909	1.50359
1663771769502	9.780962	0.49800622	1.5299109
1663771769512	9.719945	0.44895336	1.5107684
1663771769522	9.657731	0.4142574	1.4401802
1663771769534	9.613464	0.4429713	1.340878
1663771769546	9.596714	0.43100718	1.3121641
1663771769622	9.550952	0.3592225	1.3492528
1663771769641	9.485149	0.2970091	1.3636098
1663771769650	9.432507	0.28025934	1.34686
1663771769663	9.348758	0.2213361	1.326521
1663771769677	9.212367	0.04426722	1.4772689
1663771769688	9.135797	-0.0035892338	1.6136597
1663771769698	9.335598	0.2324029	1.5191432
1663771769709	9.577272	0.6655038	1.2020943
1663771769721	9.666106	0.9804591	1.2212368
1663771769735	9.554541	1.035494	1.4808581
1663771769747	9.513863	0.9924232	1.5849459
1663771769760	9.7043915	0.78394854	1.6878372
1663771769818	10.060922	0.42023948	1.9764715
1663771769831	10.428519	0.19980069	2.1690936
1663771769844	10.523036	-0.020338992	2.3117657
1663771769856	10.17129	-0.16869399	2.1978076
1663771769866	9.4839525	-0.1902294	1.7117655
1663771769877	8.853145	0.0526421	0.95413804
1663771769891	8.225926	0.61764735	0.15463616
1663771769938	7.629814	1.2879368	-0.56380886
1663771769953	7.385746	2.0518453	-1.1850454
1663771769966	8.306086	2.7472596	-1.3070793
1663771769978	10.201201	3.1950164	-1.4183456
1663771769990	11.905788	3.1782668	-0.2620141
1663771770001	11.819347	1.9322042	1.9800607
1663771770010	10.8714905	0.64995044	3.1926236
1663771770023	10.457233	0.13878371	3.7743785
1663771770035	10.619946	0.106480606	3.8234315
1663771770045	10.881062	0.16869399	3.6870406
1663771770216	9.977173	0.31375888	2.085345
1663771770236	8.550452	0.8021938	0.44536412
1663771770248	7.7087774	1.3947165	0.18693927
1663771770263	7.271788	1.724926	0.58534425
1663771770277	7.3713894	1.7488543	1.4258232
1663771770290	8.075178	1.8026928	2.271985
1663771770299	8.957232	1.8708882	3.0550363
1663771770310	9.709177	1.9202402	3.4752758
1663771770320	10.03819	2.0087745	3.1232316
1663771770332	9.972387	1.8230318	2.2289143
1663771770339	10.057333	1.7093726	1.7587247
1663771770350	10.092029	1.7021942	1.7706888
1663771770363	10.33161	1.2999009	1.218844
1663771770413	11.489138	1.238884	0.78065836
1663771770427	12.857234	1.7871394	0.3185445
1663771770437	13.598412	0.8500503	0.8644072
1663771770447	14.104793	-0.1160519	-0.16869399
1663771770457	14.2184515	0.34247273	-1.5499508
1663771770465	12.993924	0.35324043	-0.46899325
1663771770479	10.726725	-0.23449662	0.05383851
1663771770491	8.389834	-0.8605189	0.015553347
1663771770501	7.012167	-1.3968102	-0.60329044
1663771770514	5.8893347	-1.8481563	-1.0423734
1663771770617	5.543273	-1.6064813	-1.6097715
1663771770636	6.4124656	-0.3807579	-1.50688
1663771770647	8.125427	0.8679964	-0.44745782
1663771770660	9.466006	1.3767704	1.183849
1663771770670	10.225129	1.4605191	2.4541388
1663771770685	10.274182	1.3298112	3.0646076
1663771770697	9.873085	1.0582259	2.481656
1663771770708	8.926126	0.44177487	1.6328024
1663771770719	7.9256268	-0.02751746	1.2702898
1663771770728	7.4036922	-0.59730834	1.0450653
1663771770741	7.4730844	-0.8605189	1.0091729
1663771770754	8.322835	-0.62961143	0.8321041
1663771770765	9.49472	-0.25244278	0.75553375
1663771770808	10.760224	0.31136605	1.5059828
1663771770819	11.841182	1.0606186	2.288735
1663771770833	12.188141	1.5933207	2.9126635
1663771770846	11.916555	1.745265	2.6778677
1663771770856	12.696916	0.73848486	1.4964114
1663771770868	15.348462	-0.8150552	0.49441698
1663771770967	16.829021	-1.0893325	-1.2089736
1663771770982	15.832111	-0.9385847	-1.8050855
1663771770994	13.199707	-0.74207413	-3.3122647
1663771771007	10.222736	0.23599213	-3.9658043
1663771771017	7.949555	1.7225332	-2.8908288
1663771771027	5.901299	2.8310082	-1.3609179
1663771771039	4.1057844	2.8728826	-0.2416751
1663771771053	4.9866424	2.4586253	1.2320045
1663771771065	6.289235	0.81894356	0.4728816
1663771771074	8.246265	-0.28953153	-0.0059820567
1663771771165	9.218349	-0.46809593	1.3863416
1663771771179	9.225528	-0.39032918	1.7599211
1663771771189	8.459227	-0.5626124	0.72323066
1663771771201	7.6573315	-0.5159524	0.48245287
1663771771213	7.8020973	-0.21655045	0.9804591
1663771771225	8.780164	0.3376871	1.9621146
1663771771235	10.156934	0.4118646	3.214159
1663771771245	10.657034	0.50039905	3.3062828
1663771771253	9.813265	1.4581263	2.1427727
1663771771265	9.865907	3.1459637	0.4968098
1663771771276	12.761521	4.6205406	0.04426722
1663771771290	18.31945	4.2257247	0.051445685
1663771771375	17.969799	0.56141603	-1.21017
1663771771386	14.657833	-0.40827537	-2.6943183
1663771771398	11.736795	-0.8593224	-1.7536399
1663771771410	9.298509	-2.3425734	-1.1946167
1663771771423	7.622636	-3.2715867	-1.3980067
1663771771437	5.77089	-3.3493536	-0.65353966
1663771771448	4.7509494	-2.469393	-0.7325028
1663771771462	5.44756	-1.0103694	-1.1730813
1663771771476	6.617052	-0.029910283	-0.55064833
1663771771488	7.635796	0.5733801	-0.24646074
1663771771499	8.350353	0.9637093	0.5087739
1663771771546	8.89143	1.1288141	1.3875381
1663771771558	9.251849	1.3671991	1.8580267
1663771771620	9.507881	1.5693926	1.9645073
1663771771638	9.195618	1.4844474	1.5957136
1663771771649	9.096315	1.4521443	0.5099703
1663771771661	9.747462	1.4617156	0.61884373
1663771771674	10.843973	1.4401802	1.7551354
1663771771685	11.969198	1.3298112	2.4601207
1663771771694	11.95843	0.78035927	2.6252255
1663771771706	11.499906	-0.30388847	1.8388842
1663771771717	12.300604	-1.9438694	0.8560323
1663771771727	14.224433	-2.5603201	-0.9873384
1663771771819	14.291432	-0.93260264	-0.5901299
1663771771831	13.2355995	0.14596218	-1.1204392
1663771771842	12.402598	1.0163515	-3.2748768
1663771771852	11.159825	2.0961127	-4.1811585
1663771771864	9.473185	2.9506495	-3.2952158
1663771771875	8.134998	3.4139597	-1.9486549
1663771771886	6.826723	3.1172497	-0.9000004
1663771771932	6.291628	2.115255	-0.6332007
1663771771944	6.417251	0.9828519	-0.39840496
1663771771954	6.9224358	0.22612174	0.24436702
1663771771964	7.3989067	-0.02751746	0.9924232
1663771771975	7.9280195	-0.19980069	1.2212368
1663771772018	8.219944	-0.5673981	1.0211371
1663771772029	8.3348	-0.5458627	0.91585284
1663771772042	8.168498	-0.36161533	0.8560323
1663771772055	7.986644	0.4728816	1.4246268
1663771772066	8.199605	1.1443675	2.3309083
1663771772076	9.19801	1.582553	3.0155547
1663771772085	10.287343	1.4856437	2.734099
1663771772158	10.697712	1.4736797	2.3225334
1663771772168	10.539785	1.975275	2.292324
1663771772214	9.983155	2.1128623	2.3847468
1663771772228	9.550952	1.704587	1.8640088
1663771772238	10.50509	1.7201403	0.4764708
1663771772247	14.65903	3.9693937	-0.3290131
1663771772260	17.784355	4.6025944	-0.4211368
1663771772274	15.956538	1.7572291	-0.06460621
1663771772287	13.356437	0.19860429	-1.3764713
1663771772299	12.019447	-0.04426722	-1.7333009
1663771772327	10.3543415	-1.0953146	-1.0917253
1663771772337	8.363513	-2.3461626	-0.19142582
1663771772420	6.7845497	-2.7568307	0.32333016
1663771772438	5.306383	-2.7855446	0.09361918
1663771772447	4.234997	-2.347359	-0.88205427
1663771772457	4.9459643	-0.8425727	-1.3896317
1663771772472	6.645766	0.474078	-0.73130643
1663771772482	8.618649	1.5215361	0.285045
1663771772492	9.797711	1.9992033	1.6627127
1663771772505	10.032208	1.8314066	2.695814
1663771772516	9.850353	1.5574285	3.0406795
1663771772526	9.286545	1.2376875	2.5438695
1663771772609	8.886644	1.2137593	1.5346966
1663771772623	8.581559	0.8392825	1.198505
1663771772632	8.808877	0.82971126	1.3049856
1663771772645	9.394221	1.0235299	1.4844474
1663771772655	10.179666	1.6519449	1.2535399
1663771772665	11.3778715	2.199004	1.1276177
1663771772677	13.306188	1.21017	1.1084751
1663771772691	15.563816	-0.5518447	0.34486556
1663771772702	15.771094	-1.5789639	-0.2440679
1663771772726	14.480465	-1.4494523	-0.35413775
1663771772737	12.413365	-0.35324043	-2.248057
1663771772821	10.156934	0.8596215	-2.8525436
1663771772837	8.23789	2.2863421	-2.3246272
1663771772846	6.8709903	2.8322048	-1.7703897
1663771772853	6.16092	2.333002	-1.5439688
1663771772864	6.460322	1.4401802	-1.5343975
1663771772872	7.6800632	0.8967103	-1.6686947
1663771772894	8.988339	0.58654064	-1.4925231
1663771772908	9.9089775	0.8428718	-0.4881358
1663771772965	9.518648	1.183849	0.18095721
1663771772977	9.047262	1.5167505	0.53389853
1663771772986	9.027821	1.7033906	0.91346
1663771772996	9.127422	1.6507485	1.6567305
1663771773017	8.843574	1.6040884	2.0147567
1663771773029	8.520542	1.3154542	1.9238294
1663771773037	8.533703	0.9302098	1.8221345
1663771773044	8.788539	0.5027919	1.8484555
1663771773052	9.18485	0.02632105	1.8640088
1663771773068	9.594321	-0.2739782	1.8281165
1663771773108	9.415757	-0.38793638	1.7874385
1663771773216	9.239884	0.0526421	0.6358926
1663771773232	10.502697	1.3286148	-0.8964112
1663771773243	14.49243	4.4207397	-1.3441681
1663771773252	17.274385	5.4777694	-0.535095
1663771773262	14.457733	2.4095724	-0.77677006
1663771773274	11.770294	-0.13280165	-1.4027922
1663771773283	9.928121	-1.5000007	-1.1096715
1663771773291	8.291729	-2.7891338	-0.38883367
1663771773302	6.6445694	-3.789932	-0.016749758
1663771773312	5.8630137	-3.1483564	0.06969096
1663771773420	6.363413	-1.11685	-0.86530447
1663771773436	8.193623	0.71216387	-0.9239286
1663771773446	10.281361	1.7440686	0.82612205
1663771773452	11.143076	1.8565313	2.7903304
1663771773467	10.440483	1.4174483	3.0670004
1663771773477	9.213564	0.8033902	2.2552354
1663771773487	8.093124	0.2515455	1.3013964
1663771773495	6.9930243	-0.06460621	1.2583256
1663771773508	6.3478594	-0.1591227	1.1479566
1663771773518	6.491429	-0.101694964	1.0139586
1663771773527	7.6345997	0.22851457	1.1228321
1663771773536	9.048459	0.7588239	1.2140584
1663771773619	10.288539	1.1682956	1.5921243
1663771773634	11.29173	1.7177476	2.2229323
1663771773646	11.7463665	2.0171494	2.8983064
1663771773656	11.450852	1.8768703	2.3811576
1663771773665	11.917752	1.7847466	0.6693921
1663771773672	14.763118	1.3995022	-0.07776674
1663771773685	17.050655	0.61764735	-0.43908295
1663771773698	16.330118	-0.6343971	-0.16869399
1663771773709	14.22204	-0.8605189	-1.9689939
1663771773723	11.3778715	-0.38315073	-2.969792
1663771773736	9.2590275	0.6583253	-2.4107687
1663771773821	7.347162	1.6722839	-1.3310076
1663771773837	5.427221	2.2265215	-0.7396813
1663771773846	4.6959143	2.400001	-0.29312077
1663771773854	5.319544	1.9154545	0.014356935
1663771773866	7.0468626	0.8811569	-0.5697909
1663771773875	8.627023	0.3185445	-0.5267201
1663771773907	9.759426	0.13160525	0.20967108
1663771773916	9.77139	0.05623133	1.0893325
1663771773925	9.352347	0.23838496	1.1276177
1663771773934	8.958429	0.5087739	1.0139586
1663771773966	8.503793	0.8380861	1.1048858
1663771773977	7.9722867	0.87637126	1.5849459
1663771774017	7.743473	0.8739785	1.7850457
1663771774030	8.34796	0.97567344	1.8795621
1663771774041	9.323633	0.8153543	2.3054845
1663771774050	9.772587	0.37357944	2.3225334
1663771774100	9.871889	0.663111	2.2767708
1663771774115	9.910174	1.5741782	1.6208383
1663771774125	11.107183	2.6407788	0.2431706
1663771774217	15.009579	5.2429733	0.3687938
1663771774230	17.30908	5.2226343	0.15343975
1663771774243	14.645869	1.5143577	-0.6260222
1663771774255	12.736397	-0.7396813	-0.8952148
1663771774263	11.413764	-1.1264212	-0.99690974
1663771774272	9.224331	-2.053042	-1.0112667
1663771774285	7.2957163	-2.827419	-0.60807604
1663771774298	6.0305114	-2.935096	-0.42592242
1663771774307	5.5719867	-2.4586253	-0.3290131
1663771774317	6.0376897	-1.3190435	-0.086141616
1663771774406	7.3112698	0.24795625	-0.06580263
1663771774416	9.081959	1.4712868	0.18454644
1663771774427	9.880263	1.6686947	1.2475579
1663771774437	9.874282	1.5813566	2.3955145
1663771774449	9.61466	1.4808581	2.9473593
1663771774460	8.995518	0.9098708	2.6455646
1663771774474	8.344371	0.31974092	1.8221345
1663771774481	7.797312	0.0849452	1.1132607
1663771774489	7.797312	0.41665024	0.61405814
1663771774499	8.314461	1.0570294	0.6128617
1663771774505	9.220742	1.454537	1.0259227
1663771774510	10.296914	1.6196418	1.6328024
1663771774611	11.086844	1.5466608	2.7520452
1663771774621	11.324033	0.92303133	3.1052856
1663771774631	11.521441	-0.17347965	2.815455
1663771774639	13.109976	-1.6782659	1.814956
1663771774649	15.002399	-2.321038	-0.25962126
1663771774657	15.697814	-1.1228321	-0.8150552
1663771774696	14.633606	0.2958127	-0.70618176
1663771774706	12.509079	1.2484552	-2.9542387
1663771774714	10.0011015	1.8074784	-4.597809
1663771774722	7.8116684	2.5833511	-3.5970106
1663771774822	6.669694	3.1686954	-2.2612174
1663771774835	6.2147584	2.908775	-1.3070793
1663771774843	6.7869425	2.3234308	-0.09930214
1663771774850	8.026125	1.8613169	0.16660027
1663771774857	8.973982	1.0390832	0.34366915
1663771774863	9.225528	0.26949164	0.9314062
1663771774869	8.922537	-0.39750767	1.2523435
1663771774896	8.697611	-0.36281174	0.9206385
1663771774906	8.469994	0.21894327	0.7280163
1663771774916	8.203195	0.82612205	0.8979067
1663771774925	7.8834534	1.2412767	1.3707882
1663771774964	7.8834534	1.2903296	2.0410776
1663771774975	8.489435	1.1754742	2.6228328
1663771774983	9.262616	0.927817	2.6359932
1663771775019	9.735498	0.69900334	2.6766713
1663771775030	9.701999	0.74207413	2.268396
1663771775040	9.353543	1.3501502	1.5275182
1663771775128	9.217153	1.9848464	1.0785648
1663771775139	10.192826	2.2743778	0.4645067
1663771775150	13.540983	2.9829526	0.15224335
1663771775158	16.453348	3.0825539	-0.13040884
1663771775217	16.144375	1.2077773	-0.10049855
1663771775227	14.524733	0.0035892338	-0.6332007
1663771775238	12.625131	-0.5901299	-1.3980067
1663771775247	10.42493	-1.7117655	-1.16351
1663771775255	8.573184	-2.3461626	-0.33738798
1663771775266	7.117451	-2.5028925	-0.14476576
1663771775274	5.977869	-2.1284158	-0.6415756
1663771775286	5.280062	-1.3669	-1.3142579
1663771775342	5.5408797	-0.44177487	-1.4195421
1663771775352	6.7908306	0.60687965	-1.2077773
1663771775420	8.157731	1.2891332	0.13668999
1663771775430	9.114262	1.6639091	1.6746768
1663771775442	9.491131	1.8086748	2.5295126
1663771775456	9.7654085	1.5526428	2.658725
1663771775468	9.676874	0.927817	2.490031
1663771775478	8.856734	0.3915256	1.637588
1663771775491	8.024929	0.078963146	0.80817586
1663771775502	8.088339	0.18185452	0.36041892
1663771775515	9.1872425	1.0881361	0.8919246
1663771775543	10.866705	2.0805593	1.5442679
1663771775554	12.461222	2.4394827	2.547459
1663771775612	12.858431	1.9872392	3.8748772
1663771775622	12.511472	1.1216356	3.7229328
1663771775632	13.533805	-0.45732823	1.4533406
1663771775643	14.155042	-1.4410775	-0.31465617
1663771775655	13.808979	-0.6750751	-0.5925227
1663771775663	13.089637	0.40707895	-2.7795627
1663771775735	11.843575	1.183849	-4.6097727
1663771775745	9.99153	1.3648062	-3.586243
1663771775752	8.65454	1.7057835	-2.5148566
1663771775762	7.699206	1.9345971	-1.1300105
1663771775794	6.9619174	1.6459628	0.1689931
1663771775803	7.0061846	0.9696914	0.7507481
1663771775811	7.5556364	0.34127632	0.34127632
1663771775822	8.00459	-0.18783657	0.581755
1663771775834	8.355139	-0.4645067	0.8225328
1663771775845	8.576774	0.12083755	0.90508515
1663771775855	8.026125	0.5566304	0.49202415
1663771775937	7.5640116	0.82612205	0.34247273
1663771775954	7.2155566	1.0893325	0.62482584
1663771775965	7.227521	1.2711871	1.1012967
1663771775974	7.8344007	1.0749756	1.7850457
1663771775982	8.948857	0.6774679	2.4672992
1663771775993	10.036994	0.34606197	2.8803604
1663771776019	10.773385	0.12921242	3.2356944
1663771776032	10.797313	0.36041892	3.2117662
1663771776042	10.213165	0.58893347	2.2707887
1663771776054	10.574481	1.4114662	-0.18065812
1663771776129	13.651053	4.29392	-0.44506502
1663771776141	17.742481	5.7553368	-0.78753775
1663771776152	17.07937	2.76042	-0.59970117
1663771776164	13.4689	-0.05623133	-0.93230355
1663771776175	11.0042925	-1.2975081	-1.061815
1663771776184	8.548059	-2.528017	-0.9526425
1663771776217	6.788438	-3.5611184	-0.7600203
1663771776226	5.491827	-3.3457642	-0.6128617
1663771776237	5.2310095	-2.0578275	-0.9131609
1663771776250	6.081957	-0.2321038	-1.5116657
1663771776271	7.7793655	1.3695918	-1.0666007
1663771776280	10.203594	2.2636101	0.26829523
1663771776345	11.509477	2.0135603	2.4014966
1663771776356	11.0557375	1.3624134	3.1495528
1663771776366	10.053743	0.62482584	2.8609185
1663771776377	8.753842	-0.13519448	2.210968
1663771776420	7.433603	-0.7468598	1.4294125
1663771776434	6.545267	-1.2197413	0.453739
1663771776446	6.8709903	-0.8282157	-0.086141616
1663771776463	7.879864	0.059820566	0.062213387
1663771776476	9.193225	0.7648059	0.7710871
1663771776488	10.738688	1.2759727	1.5179468
1663771776499	11.637493	1.4210376	2.423032
1663771776548	11.614761	1.3393825	3.3326037
1663771776561	11.266306	1.2065809	3.1375887
1663771776570	11.91177	0.8811569	1.8975084
1663771776582	14.558232	0.6547361	0.09361918
1663771776617	16.058233	-0.10289137	-1.3573287
1663771776629	15.010775	-1.1419746	-0.46779683
1663771776639	12.971192	-0.73011	-2.1544378
1663771776647	10.453644	-0.12921242	-2.929114
1663771776716	8.514561	0.8787641	-2.6488547
1663771776731	7.0301127	1.5215361	-1.9486549
1663771776742	6.1453667	1.7991035	-1.5236298
1663771776750	5.793622	1.6890336	-0.97178507
1663771776761	6.3478594	1.3393825	-0.65952176
1663771776820	7.6011004	1.0223335	-0.94426763
1663771776836	8.756235	0.77796644	-0.33738798
1663771776846	9.4839525	0.3807579	0.3472584
1663771776856	9.6529455	0.45254257	0.73399836
1663771776868	9.737891	0.52552366	1.0893325
1663771776880	9.679267	0.7540382	1.5143577
1663771776967	9.407382	1.1204392	1.7814565
1663771776977	9.171689	1.428216	1.8532411
1663771776991	9.276974	1.5981064	1.6076777
1663771777004	9.670892	1.4928222	1.5849459
1663771777016	9.754641	1.0797613	1.8293129
1663771777025	9.486345	0.8285148	1.8795621
1663771777037	9.107083	0.88235337	1.9980069
1663771777047	9.008678	1.0031909	2.1008983
1663771777057	9.172886	0.7085746	1.6794624
1663771777068	10.422537	0.5494519	0.5841478
1663771777131	13.521841	1.9704895	-0.94785684
1663771777144	14.961721	2.0805593	-2.0312073
1663771777157	13.820944	-0.23928227	-1.1407782
1663771777167	12.535399	-1.4458631	-1.4171492
1663771777177	11.212468	-1.3680964	-1.466202
1663771777189	9.790533	-1.4027922	-0.5602196
1663771777216	8.181659	-1.3908281	0.36759737
1663771777228	6.8075805	-0.87966144	0.38315073
1663771777240	6.0400825	-0.25603202	-0.04426722
1663771777251	5.9898334	0.07058827	-0.48095736
1663771777334	7.068398	0.42741793	-0.90358967
1663771777346	8.793324	0.65952176	-0.63200426
1663771777353	10.20479	0.73369926	0.6260222
1663771777363	10.804492	0.7492526	1.4916258
1663771777375	10.496715	0.5709873	1.6722839
1663771777385	9.832407	0.4621139	1.4521443
1663771777419	9.0182495	0.41665024	1.2667005
1663771777431	8.7215395	0.42622152	0.8033902
1663771777444	8.893823	0.62721866	0.62482584
1663771777454	9.3200445	0.94695956	0.6861419
1663771777467	9.761819	1.2329018	0.9314062
1663771777478	10.22154	1.4521443	1.1790633
1663771777488	10.40818	0.99960166	1.5215361
1663771777533	10.137492	0.27667013	1.8843478
1663771777543	9.88146	0.040677983	1.9274186
1663771777550	10.649856	0.2527419	1.035494
1663771777561	12.633506	0.34606197	0.23838496
1663771777621	14.119149	-0.06819545	-0.75643104
1663771777638	13.794622	-0.56500524	0.18574286
1663771777648	12.661023	-0.4118646	-0.51116675
1663771777660	11.140683	0.16271193	-1.9654047
1663771777716	9.253045	0.8500503	-1.9498514
1663771777731	7.559226	1.5693926	-1.5236298
1663771777742	6.376573	1.8972093	-1.0519446
1663771777751	6.0891356	1.9980069	-1.2269198
1663771777762	6.9595246	1.8421743	-1.0316057
1663771777774	8.295318	1.3947165	-0.5518447
1663771777818	9.80489	1.0366904	-0.47377887
1663771777829	10.893026	0.8177471	0.34606197
1663771777840	10.815259	0.4657031	0.8105687
1663771777849	10.11835	0.7001997	0.7040881
1663771777859	9.482756	1.0438689	0.5626124
1663771777943	8.853145	1.2568301	0.994816
1663771777956	8.325228	1.4102699	1.5215361
1663771777966	8.279764	1.4198412	1.5370895
1663771777972	8.689237	1.2939188	1.6758732
1663771777985	9.080762	0.96490574	2.0087745
1663771777995	9.196814	0.70618176	2.1068804
1663771778004	9.171689	0.75523466	2.0183458
1663771778025	8.95484	0.8895318	1.6842481
1663771778036	8.972786	1.2699906	0.7902297
1663771778045	10.339985	1.8373886	-0.4534399
1663771778146	12.621541	2.6108687	-1.4530416
1663771778156	13.756337	1.9345971	-2.0359929
1663771778165	13.077673	0.16271193	-1.7344973
1663771778175	12.08166	-0.19381863	-2.1065812
1663771778188	11.114362	-0.2644069	-0.78873414
1663771778197	10.150653	-0.45852464	0.29102704
1663771778215	8.995518	-0.5303093	0.5602196
1663771778227	7.9555373	-0.3472584	0.57936215
1663771778237	7.29452	-0.022731815	-0.019142581
1663771778246	7.322037	0.3376871	-0.80189466
1663771778272	8.284551	0.9457632	-1.1790633
1663771778285	9.766604	1.3959129	-0.98016
1663771778344	10.945668	1.3154542	0.24795625
1663771778352	11.000703	0.89431745	1.4174483
1663771778363	10.316056	0.22731815	1.4880366
1663771778374	9.517452	-0.2440679	1.1419746
1663771778385	8.893823	-0.29312077	0.9708878
1663771778398	8.515757	-0.034695927	0.5721837
1663771778417	8.550452	0.45972106	0.27667013
1663771778429	9.12144	0.82013994	0.3819543
1663771778440	10.078868	1.2675978	0.72323066
1663771778464	10.824831	1.5107684	0.9625129
1663771778476	10.822437	1.0606186	1.3217354
1663771778534	10.3028965	0.22731815	0.927817
1663771778547	10.3136635	-0.106480606	0.059820566
1663771778556	11.006685	0.2213361	-0.95742816
1663771778620	11.575279	0.8344969	-1.2819548
1663771778637	12.146267	1.2412767	-0.63559353
1663771778647	12.430116	1.7572291	-0.40079778
1663771778657	11.748759	2.0470598	-0.34097722
1663771778668	10.069297	1.9274186	-0.831805
1663771778688	8.429316	1.6567305	-0.9490533
1663771778699	7.4587274	1.5311074	-0.6451648
1663771778717	7.1162543	1.3875381	-0.357727
1663771778727	6.975078	1.1730813	-0.47736812
1663771778739	7.274181	1.2987045	-1.1551352
1663771778819	8.206783	1.6818552	-1.3393825
1663771778835	9.300901	1.989632	-0.93349993
1663771778845	10.015458	2.160719	-0.31585258
1663771778852	10.336395	2.184647	0.38913277
1663771778865	10.211968	2.288735	0.8033902
1663771778875	9.755837	2.2468605	0.66101724
1663771778943	9.077172	1.9920249	0.5051847
1663771778958	8.472686	1.7368901	0.58534425
1663771778967	8.389834	1.6627127	0.657428
1663771778977	8.634201	1.6627127	0.7507481
1663771778990	9.002696	1.6830516	1.1949158
1663771779000	9.521041	1.59691	1.5047864
1663771779010	9.875478	1.3636098	1.7802601
1663771779021	9.646963	0.9804591	2.0961127
1663771779034	9.101101	0.6643074	2.1188445
1663771779043	8.352746	0.3364907	1.5813566
1663771779091	8.385049	0.82971126	0.14506488
1663771779100	10.7351	1.8589242	-1.7775681
1663771779170	13.404293	3.6308093	-3.7238302
1663771779182	13.523037	2.7436702	-1.7620147
1663771779193	11.3371935	0.45134616	-1.0989038
1663771779203	9.865907	-0.29671	-1.1886346
1663771779215	9.54497	0.11006984	-0.39960137
1663771779225	9.491131	0.17706887	-0.08015956
1663771779234	9.410972	0.18783657	0.8991031
1663771779246	9.32124	0.7636095	1.2403795
1663771779277	9.188439	1.442573	0.061016977
1663771779287	9.346365	1.8218354	-1.5978073
1663771779385	9.600304	1.5610176	-1.7536399
1663771779397	9.852746	1.07019	-0.63200426
1663771779409	9.895817	0.4322036	0.19411774
1663771779420	9.629018	-0.16271193	0.3999005
1663771779429	9.067601	-0.48364928	0.4848457
1663771779442	8.818449	-0.52193445	0.62751776
1663771779459	9.128618	-0.2644069	0.51116675
1663771779471	9.767801	0.18783657	0.5566304
1663771779483	10.384252	0.90388876	0.9732806
1663771779489	10.646266	1.6938193	1.2870395
1663771779495	10.462019	1.969293	1.3097713
1663771779584	10.592427	1.4234303	0.13310076
1663771779595	10.950454	1.1479566	-2.0754745
1663771779605	11.033006	1.0187442	-2.6895328
1663771779615	11.139486	0.91465646	-1.8385851
1663771779624	10.7997055	0.94337034	-1.8038892
1663771779634	10.011869	1.2460624	-1.6950158
1663771779644	8.95125	1.4653047	-1.2149557
1663771779653	8.145766	1.3405789	-0.29072794
1663771779724	7.794919	1.0366904	0.4956134
1663771779739	8.084749	0.8452646	0.69092757
1663771779749	8.666505	0.6786643	0.23001008
1663771779762	9.372686	0.80817586	-0.1471586
1663771779774	9.760623	0.9984053	-0.47736812
1663771779784	9.734302	1.1001002	-0.33379877
1663771779817	9.650553	1.3839488	-0.058624156
1663771779828	9.416953	1.6806588	0.4118646
1663771779838	9.292527	1.6244274	1.3791631
1663771779847	9.524631	1.2628121	1.6651055
1663771779856	10.007083	0.9768698	1.4006985
1663771779944	10.249058	1.2520444	1.2822539
1663771779958	10.277771	1.7404794	1.3779668
1663771779968	10.307682	1.879263	1.4844474
1663771779977	10.64507	2.1511476	1.2667005
1663771779989	11.481959	2.8585258	0.5075775
1663771779998	12.044572	3.251248	-0.041874398
1663771780008	10.855937	2.3772693	0.04426722
1663771780021	9.501899	1.2927225	-0.53629136
1663771780034	8.765806	0.49800622	-1.0459626
1663771780043	8.450851	0.078963146	-1.2939188
1663771780172	8.134998	-0.2835495	-1.5020944
1663771780185	8.1433735	-0.5494519	-1.3393825
1663771780195	8.447262	-0.71455663	-1.2747762
1663771780204	9.080762	-0.6044868	-0.6044868
1663771780213	9.819247	-0.6511469	0.6538388
1663771780225	10.452448	-0.86171526	1.1623136
1663771780236	10.70848	-0.87966144	1.1706885
1663771780244	10.436894	-0.6128617	1.1479566
1663771780252	9.867104	-0.25004998	0.82731843
1663771780263	9.190832	-0.23330021	0.46331027
1663771780387	8.979964	-0.20937198	-0.34337005
1663771780396	9.164511	0.05742774	-0.94307125
1663771780405	9.456435	0.28265217	-0.30029923
1663771780414	9.729516	0.44177487	0.67417777
1663771780423	9.772587	0.36640096	1.3253247
1663771780433	9.784551	-0.033499517	1.4880366
1663771780446	9.85155	-0.47048876	1.3456637
1663771780460	9.856336	-0.49082774	1.1850454
1663771780471	9.924531	-0.2632105	0.9720842
1663771780482	10.100404	-0.0526421	0.9098708
1663771780492	10.177273	0.09092726	1.2116655
1663771780502	10.336395	0.3687938	1.3013964
1663771780577	10.398609	0.67387867	1.4054842
1663771780591	10.060922	0.8847462	1.5466608
1663771780604	9.844372	0.4645067	1.0103694
1663771780614	10.139885	-0.39870408	-0.16630118
1663771780626	11.165808	-1.0534402	-1.0594223
1663771780637	11.213664	-1.6555341	-0.032303106
1663771780647	10.634302	-1.2915261	0.3364907
1663771780656	9.740284	-0.7683952	-0.7815557
1663771780664	8.737093	-0.44536412	-1.6244274
1663771780718	7.906185	0.023928227	-1.5690935
1663771780730	7.5604224	0.55423754	-0.7217351
1663771780741	8.1015	0.98883396	-0.05623133
1663771780752	9.482756	1.407877	0.046660043
1663771780786	11.030613	1.5610176	0.69092757
1663771780798	11.875878	1.2125629	1.6196418
1663771780808	11.576476	0.36281174	1.4186447
1663771780817	10.817652	-0.24885355	0.8392825
1663771780829	9.597911	-0.75523466	0.28145576
1663771780842	8.179266	-0.927817	0.062213387
1663771780852	7.119844	-0.69541407	0.12113664
1663771780942	6.4268227	-0.5805586	0.09122636
1663771780961	6.7678	-0.6906284	-0.33020952
1663771780971	8.328817	-1.035494	-0.6439684
1663771780982	11.06531	-1.4518452	-1.5631114
1663771780994	13.889139	-1.657927	-2.2743778
1663771781006	14.161023	-1.0187442	-1.5607185
1663771781016	12.61197	-0.5602196	-0.8030911
1663771781026	10.928918	-0.45613182	-0.5422734
1663771781037	9.75823	0.05383851	0.2742773
1663771781047	9.147761	1.0594223	0.79740816
1663771781160	8.810074	1.8421743	0.87637126
1663771781176	8.917751	1.6519449	0.84765744
1663771781187	9.285348	0.7265208	0.7962117
1663771781197	9.4432745	-0.47886363	0.8919246
1663771781208	9.692428	-1.1312069	1.090529
1663771781220	9.442079	-1.4676976	1.1359925
1663771781231	9.268599	-1.5921243	1.1575279
1663771781243	9.556933	-1.096511	1.5179468
1663771781255	9.636196	-0.61884373	1.5071791
1663771781264	9.565309	-0.41784665	1.3133606
1663771781272	9.67807	-0.2440679	1.3540385
1663771781284	9.698409	-0.0011964113	1.3600205
1663771781373	9.58804	0.22971097	1.1288141
1663771781386	9.734302	-0.009571291	0.7507481
1663771781396	10.460822	-1.1144571	0.02751746
1663771781406	11.164612	-2.5905297	-1.2269198
1663771781417	12.368799	-2.8489544	-1.6926229
1663771781427	13.209278	-1.6244274	-0.65952176
1663771781439	12.956536	0.0011964113	-0.7193423
1663771781449	11.587244	0.95772725	-0.7265208
1663771781462	9.867104	1.4772689	-1.0459626
1663771781474	8.722735	2.0207388	-1.4386846
1663771781508	8.065607	2.6252255	-1.6244274
1663771781590	7.5329046	2.7963123	-1.7608184
1663771781601	7.3749785	2.646761	-1.8314066
1663771781611	7.4647093	2.2229323	-1.5475581
1663771781622	8.265408	1.7404794	-1.4877375
1663771781633	9.300901	1.5586249	-1.7081763
1663771781644	9.924531	1.2903296	-1.4063815
1663771781653	10.034601	1.0342976	-0.5087739
1663771781664	9.835997	0.9661021	0.21924238
1663771781717	9.495916	1.1012967	0.33888352
1663771781731	9.182457	1.3190435	0.6116653
1663771781740	9.132208	1.3779668	0.81655073
1663771781749	9.1465645	1.1443675	0.7292127
1663771781787	9.09153	0.8488538	0.79860455
1663771781798	9.163314	0.7085746	1.2738789
1663771781807	9.4229355	0.56859446	1.7237296
1663771781818	9.504292	0.22013968	2.003989
1663771781829	9.359526	-0.10767702	1.9298115
1663771781840	9.391829	-0.111266255	1.4676976
1663771781942	10.11476	0.040677983	0.18095721
1663771781960	12.390335	0.7683952	0.0526421
1663771781972	15.010775	1.2364911	-0.5673981
1663771781985	15.243177	0.14596218	-1.1814562
1663771781996	13.1351	-0.4034897	-2.457429
1663771782006	10.780563	-0.4764708	-1.6794624
1663771782014	9.030213	-0.63798636	-0.7612167
1663771782027	7.619046	-0.52911294	0.1893321
1663771782037	6.6589265	-0.049052864	0.34606197
1663771782046	6.370591	0.22612174	-0.69302124
1663771782054	6.655337	0.28265217	-1.2771691
1663771782160	7.747062	0.5063811	-1.3226327
1663771782172	8.939286	0.6152545	-0.6655038
1663771782184	9.469596	0.08973085	0.31256247
1663771782194	9.650553	-0.44177487	0.994816
1663771782202	9.8348	-0.75284183	1.3983058
1663771782212	9.597911	-0.8150552	1.495215
1663771782223	9.09153	-0.5949155	1.279861
1663771782232	8.9979105	-0.16271193	1.1527423
1663771782244	9.256635	0.26590243	0.8428718
1663771782257	9.482756	0.535095	0.75912297
1663771782375	9.8682995	1.0307083	0.90149593
1663771782387	10.31486	1.6004993	1.3791631
1663771782396	10.622338	1.9393828	1.8927227
1663771782407	10.781759	1.7093726	2.4014966
1663771782418	11.225628	0.68345	2.3201406
1663771782428	12.714861	-0.520738	1.049851
1663771782438	14.385949	-2.085345	-0.77318084
1663771782448	14.216059	-2.321038	-0.6643074
1663771782464	13.374383	-0.95772725	-1.4374882
1663771782475	11.497513	0.15792629	-2.5878377
1663771782486	9.456435	0.9302098	-2.379662
1663771782498	8.09791	1.9824536	-1.7931215
1663771782546	7.1162543	2.5941188	-1.3142579
1663771782557	6.5105715	2.7723842	-0.85214394
1663771782610	6.5333033	2.3892334	-0.6978069
1663771782624	7.9304123	2.0207388	-0.8593224
1663771782636	9.194421	1.6076777	-0.76241314
1663771782647	9.838389	1.0247263	-0.19501504
1663771782657	9.633803	0.50159544	0.20249261
1663771782666	9.284152	0.48125646	0.24077778
1663771782736	9.0436735	0.7743772	0.4010969
1663771782745	8.851949	1.0295119	0.74117684
1663771782751	8.4858465	1.1419746	1.314557
1663771782762	8.233105	1.2711871	1.6507485
1663771782821	8.4604225	1.3683954	1.7754744
1663771782837	9.123833	1.3971093	1.9884356
1663771782846	9.832407	1.1407782	2.2743778
1663771782855	9.926924	0.58534425	2.6228328
1663771782867	9.4432745	0.016749758	2.382354
1663771782876	8.976375	-0.16510476	1.4856437
1663771782885	9.242277	0.27786654	0.32452658
1663771782947	10.439287	1.1371889	-0.19860429
1663771782956	12.343675	2.1332014	-0.73011
1663771782964	14.309379	1.4736797	-0.23928227
1663771782973	15.074184	0.0	-0.8437691
1663771782982	13.856836	-0.750449	-1.5296118
1663771782993	11.828918	-1.0857433	-1.0256236
1663771783003	10.019048	-1.1455638	0.15583257
1663771783012	8.442476	-1.2125629	0.9062816
1663771783022	6.991828	-1.3764713	1.0462617
1663771783031	6.073582	-1.3692927	0.68494546
1663771783042	6.006583	-1.1443675	0.20847467
1663771783107	6.673283	-0.4884349	-0.37208393
1663771783120	8.119446	0.3065804	-0.74566334
1663771783216	9.54138	0.6128617	0.07926225
1663771783233	10.360324	0.70378894	1.442573
1663771783244	10.435698	0.3711866	1.9154545
1663771783256	10.053743	0.2970091	1.9908284
1663771783265	9.399008	0.36161533	1.5131612
1663771783276	8.769396	0.45613182	1.3097713
1663771783287	8.339585	0.5985048	1.3504493
1663771783296	8.2678	0.7432705	1.2583256
1663771783307	8.739486	0.9517452	1.1754742
1663771783418	9.473185	1.2424731	1.4258232
1663771783428	10.03819	1.4114662	1.9537396
1663771783437	10.527822	1.3935201	1.9860427
1663771783447	11.29173	0.5195416	1.3791631
1663771783464	12.835699	-0.6415756	0.84406817
1663771783477	14.84567	-1.7440686	-0.6750751
1663771783488	15.891932	-1.2759727	-0.41635114
1663771783499	14.665011	0.038285162	-1.3752748
1663771783511	12.117553	0.8177471	-2.05035
1663771783523	9.777372	1.5693926	-1.631606
1663771783536	7.6106715	2.3724837	-1.2867404
1663771783625	6.0687966	2.819044	-1.0040882
1663771783636	5.44756	2.7173493	-0.59970117
1663771783646	6.0364933	1.9884356	-0.083748795
1663771783657	7.72792	1.3429717	-0.3481557
1663771783665	9.30808	0.8811569	-0.4534399
1663771783672	9.770194	0.49322057	-0.14237295
1663771783683	10.039387	0.28983065	-0.13878371
1663771783694	9.567701	0.37238303	0.3364907
1663771783703	9.267402	0.8021938	0.59970117
1663771783712	9.186047	1.1754742	1.1180464
1663771783724	8.944072	1.4401802	1.7754744
1663771783735	8.525328	1.5000007	2.2097716
1663771783834	8.446066	1.428216	2.3464618
1663771783845	8.787342	1.2580265	2.2779672
1663771783853	9.2590275	0.87996054	2.411068
1663771783863	9.450453	0.51475596	2.1260228
1663771783874	9.067601	0.5243273	1.6507485
1663771783885	8.82443	0.99720883	0.9493524
1663771783897	9.839586	2.085345	0.02871387
1663771783965	12.783057	3.740879	0.3269194
1663771783977	15.153148	3.1998022	0.08045866
1663771783986	14.571393	0.19501504	-0.91196454
1663771783998	12.896716	-1.326222	-2.0324037
1663771784010	11.521441	-1.5000007	-0.9382856
1663771784021	10.045368	-1.8206389	-0.38763726
1663771784030	8.752646	-1.8840487	0.08763713
1663771784042	7.6860456	-1.6746768	0.43459642
1663771784055	6.966703	-1.1455638	0.41904306
1663771784064	6.9451675	-0.61405814	0.2958127
1663771784073	7.542476	-0.21535404	0.33170503
1663771784223	8.698808	0.30897322	0.13190435
1663771784238	10.034601	0.72293156	0.2108675
1663771784251	10.906186	0.5482555	0.84406817
1663771784258	10.861919	0.3065804	1.4868401
1663771784263	10.249058	0.18783657	1.611267
1663771784270	9.460024	0.032303106	1.1670992
1663771784275	8.685647	-0.09451649	0.60807604
1663771784282	8.450851	0.19621146	0.4621139
1663771784290	8.678469	0.56500524	0.7579266
1663771784295	9.115458	1.0474582	0.89312106
1663771784300	9.82164	1.6555341	1.212862
1663771784305	10.197612	1.7823538	1.5598212
1663771784309	10.025029	1.5011971	1.9357935
1663771784313	9.728319	1.1659029	2.1942184
1663771784321	9.661321	1.3298112	2.0195422
1663771784335	9.900602	1.5502499	2.0422742
1663771784357	10.664212	1.0223335	1.6184454
1663771784383	12.117553	-0.3062813	-0.2321038
1663771784400	12.876377	-1.6435701	-2.5292134
1663771784430	12.354443	-2.4299114	-0.831805
1663771784441	12.157035	-0.91106725	-0.18544376
1663771784466	10.491929	0.12921242	-0.8772686
1663771784484	8.8340025	0.55304116	-1.3130615
1663771784500	8.009376	1.1204392	-0.8712866
1663771784524	7.7650084	1.4401802	-0.24646074
1663771784542	8.126624	1.355235	-0.111266255
1663771784560	8.647362	0.97926265	-0.47736812
1663771784581	9.450453	0.7743772	-0.7923234
1663771784600	10.137492	0.6092725	-0.47856453
1663771784638	10.536197	0.69302124	0.075673014
1663771784646	10.316056	0.79112697	0.55782676
1663771784659	9.664909	0.9182457	0.62123656
1663771784678	9.032906	1.238884	0.63230336
1663771784702	8.725129	1.3058829	0.5901299
1663771784713	8.871091	1.07019	0.85244304
1663771784733	9.142975	1.0031909	0.96729857
1663771784758	9.41815	0.91346	0.8033902
1663771784777	9.699606	0.974477	0.6442675
1663771784792	9.91137	1.238884	0.82612205
1663771784819	10.027422	1.5406786	0.99003035
1663771784841	10.185648	1.8326031	1.0881361
1663771784846	10.434502	4.430311	3.0562327
1663771784876	8.918947	2.6886353	-4.0148573
1663771784895	9.755837	0.009571291	1.0654043
1663771784915	10.666605	0.8452646	2.5414767
1663771784934	10.520643	1.326222	1.355235
1663771784949	10.429716	0.9912268	1.1144571
1663771784962	11.13829	0.82013994	1.7694924
