Timestamp 	 X 	 Y 	 Z 
1663667476567	9.050852	-0.3999005	-3.1348968
1663667476573	9.105886	-0.39511484	-3.0176485
1663667476584	9.12503	-0.45014977	-3.3696926
1663667476615	9.153743	-0.48364928	-3.6209388
1663667476621	9.201599	-0.5315057	-3.5970106
1663667476624	9.237492	-0.5267201	-3.527619
1663667476697	9.203992	-0.49082774	-3.527619
1663667476701	9.158528	-0.40947178	-3.5563326
1663667476706	9.089137	-0.38793638	-3.6329029
1663667476711	9.053245	-0.43100718	-3.6664026
1663667476715	9.053245	-0.43100718	-3.6664026
1663667476806	9.050852	-0.50039905	-3.6903307
1663667476812	9.055637	-0.56141603	-3.6460636
1663667476817	9.11785	-0.49920264	-3.586243
1663667476838	9.180064	-0.49322057	-3.5551362
1663667476849	9.119047	-0.55064833	-3.5467613
1663667476907	9.066405	-0.57936215	-3.519244
1663667476918	9.038888	-0.56859446	-3.6197424
1663667476927	9.0436735	-0.5566304	-3.6807594
1663667476935	9.134601	-0.5374878	-3.5706897
1663667476943	9.205189	-0.5195416	-3.4809587
1663667476952	9.199206	-0.54705906	-3.4630125
1663667477012	9.119047	-0.60329044	-3.6029928
1663667477017	9.050852	-0.5925227	-3.6807594
1663667477028	9.046066	-0.5386842	-3.6460636
1663667477117	9.089137	-0.5075775	-3.626921
1663667477127	9.152547	-0.52911294	-3.5694933
1663667477135	9.140582	-0.57457656	-3.5012977
1663667477143	9.077172	-0.6092725	-3.527619
1663667477151	9.064013	-0.60687965	-3.6077783
1663667477194	9.098708	-0.56500524	-3.7513478
1663667477204	9.085547	-0.5697909	-3.778865
1663667477212	9.093923	-0.57457656	-3.667599
1663667477220	9.126225	-0.55782676	-3.551547
1663667477227	9.162118	-0.541077	-3.5300117
1663667477239	9.102298	-0.55304116	-3.5264223
1663667477310	9.075976	-0.60687965	-3.592225
1663667477319	9.08794	-0.63200426	-3.6340995
1663667477327	9.108279	-0.6439684	-3.6161532
1663667477334	9.11785	-0.6332007	-3.5826538
1663667477340	9.109476	-0.61046886	-3.5790644
1663667477399	9.128618	-0.6044868	-3.5479577
1663667477405	9.175279	-0.5626124	-3.5072799
1663667477411	9.165708	-0.5422734	-3.461816
1663667477415	9.135797	-0.5901299	-3.5132618
1663667477443	9.156136	-0.66071814	-3.5886357
1663667477449	9.162118	-0.6667002	-3.63051
1663667477456	9.172886	-0.6439684	-3.598207
1663667477517	9.141779	-0.6260222	-3.510869
1663667477531	9.098708	-0.6092725	-3.539583
1663667477544	9.104691	-0.6200402	-3.5850465
1663667477554	9.116654	-0.59730834	-3.5766716
1663667477581	9.131011	-0.581755	-3.577868
1663667477595	9.134601	-0.5733801	-3.5910287
1663667477699	9.126225	-0.55304116	-3.5934215
1663667477709	9.114262	-0.52552366	-3.618546
1663667477722	9.101101	-0.5159524	-3.6364923
1663667477734	9.126225	-0.5279165	-3.6017964
1663667477744	9.134601	-0.581755	-3.5790644
1663667477755	9.128618	-0.6332007	-3.571886
1663667477769	9.086744	-0.64037913	-3.580261
1663667477782	9.068798	-0.6236294	-3.5826538
1663667477792	9.050852	-0.5913263	-3.5754752
1663667477839	9.086744	-0.5554339	-3.5934215
1663667477853	9.120243	-0.5458627	-3.6029928
1663667477863	9.114262	-0.58654064	-3.5479577
1663667477872	9.126225	-0.6152545	-3.5096726
1663667477885	9.119047	-0.6200402	-3.5001013
1663667477911	9.144172	-0.5494519	-3.5072799
1663667477921	9.1669035	-0.49800622	-3.4917264
1663667477930	9.15494	-0.5159524	-3.4713874
1663667477939	9.12503	-0.56859446	-3.4713874
1663667477948	9.15494	-0.6200402	-3.5072799
1663667478117	9.159725	-0.6439684	-3.5324044
1663667478135	9.196814	-0.59730834	-3.4331024
1663667478150	9.223135	-0.5374878	-3.313461
1663667478165	9.202796	-0.5159524	-3.3445678
1663667478180	9.178867	-0.55064833	-3.4283166
1663667478193	9.148957	-0.57936215	-3.4761732
1663667478205	9.147761	-0.55782676	-3.4689946
1663667478219	9.157332	-0.51116675	-3.4570305
1663667478231	9.163314	-0.43938205	-3.441477
1663667478244	9.183653	-0.42023948	-3.4067812
1663667478257	9.219545	-0.44895336	-3.411567
1663667478271	9.219545	-0.49800622	-3.3864422
1663667478284	9.18485	-0.56141603	-3.370889
1663667478299	9.12144	-0.5673981	-3.3864422
1663667478312	9.11785	-0.5087739	-3.431906
1663667478328	9.139386	-0.4441677	-3.4606197
1663667478343	9.175279	-0.41665024	-3.4390843
1663667478356	9.223135	-0.45014977	-3.3852458
1663667478370	9.230313	-0.46091747	-3.374478
1663667478381	9.188439	-0.45134616	-3.4139597
1663667478445	9.152547	-0.4226323	-3.4211383
1663667478456	9.139386	-0.3915256	-3.4055848
1663667478465	9.160921	-0.4322036	-3.3960135
1663667478477	9.157332	-0.49441698	-3.39721
1663667478489	9.200403	-0.50159544	-3.3385859
1663667478502	9.233903	-0.49082774	-3.2569308
1663667478511	9.217153	-0.47886363	-3.2772696
1663667478525	9.200403	-0.49202415	-3.3242288
1663667478536	9.19801	-0.4668995	-3.3589249
1663667478546	9.221938	-0.42023948	-3.3565319
1663667478557	9.225528	-0.41784665	-3.3110683
1663667478568	9.193225	-0.42023948	-3.3182468
1663667478699	9.141779	-0.45732823	-3.382853
1663667478714	9.105886	-0.46091747	-3.411567
1663667478727	9.128618	-0.42981076	-3.3852458
1663667478739	9.203992	-0.43100718	-3.354139
1663667478748	9.250652	-0.43579283	-3.3146574
1663667478760	9.272188	-0.44895336	-3.2545378
1663667478771	9.220742	-0.4860421	-3.2784662
1663667478782	9.110672	-0.520738	-3.3661032
1663667478795	9.086744	-0.51116675	-3.4127634
1663667478808	9.156136	-0.4884349	-3.4283166
1663667478846	9.267402	-0.4764708	-3.3816566
1663667478859	9.3511505	-0.46331027	-3.2461631
1663667478874	9.349955	-0.47168517	-3.252145
1663667478891	9.253045	-0.48364928	-3.3409786
1663667478902	9.177671	-0.4549354	-3.4139597
1663667478912	9.138189	-0.44536412	-3.4450665
1663667478922	9.145369	-0.45254257	-3.4259238
1663667478935	9.199206	-0.47168517	-3.3900316
1663667478945	9.256635	-0.5063811	-3.3517463
1663667478956	9.272188	-0.5267201	-3.3373895
1663667478966	9.223135	-0.55304116	-3.3613176
1663667479134	9.1669035	-0.5374878	-3.3637104
1663667479147	9.128618	-0.5315057	-3.3816566
1663667479159	9.140582	-0.5494519	-3.4055848
1663667479171	9.196814	-0.58534425	-3.3840494
1663667479184	9.21476	-0.6128617	-3.3661032
1663667479196	9.227921	-0.61764735	-3.3146574
1663667479210	9.219545	-0.5901299	-3.2545378
1663667479223	9.199206	-0.5721837	-3.2557342
1663667479235	9.202796	-0.5386842	-3.321836
1663667479249	9.220742	-0.51475596	-3.3000016
1663667479263	9.238688	-0.5171488	-3.266502
1663667479276	9.229117	-0.5195416	-3.315854
1663667479290	9.225528	-0.46929234	-3.301497
1663667479302	9.270991	-0.4214359	-3.2306097
1663667479311	9.297313	-0.4034897	-3.2078779
1663667479319	9.286545	-0.41306102	-3.2581272
1663667479325	9.243474	-0.38913277	-3.3254254
1663667479333	9.2075815	-0.37357944	-3.3397822
1663667479341	9.163314	-0.3807579	-3.3373895
1663667479348	9.15135	-0.36640096	-3.35055
1663667479449	9.1681	-0.36520454	-3.3732817
1663667479465	9.18485	-0.3699902	-3.3553355
1663667479481	9.1872425	-0.3915256	-3.2964122
1663667479494	9.18485	-0.45014977	-3.2712877
1663667479507	9.172886	-0.47048876	-3.2856445
1663667479521	9.224331	-0.46809593	-3.2653055
1663667479536	9.249456	-0.45134616	-3.211467
1663667479561	9.227921	-0.45254257	-3.2102706
1663667479573	9.211171	-0.42741793	-3.2341988
1663667479587	9.276974	-0.392722	-3.2676985
1663667479699	9.2997055	-0.39391842	-3.2473595
1663667479710	9.2793665	-0.40707895	-3.1923244
1663667479722	9.239884	-0.38673997	-3.191128
1663667479733	9.202796	-0.38315073	-3.2557342
1663667479743	9.162118	-0.35563326	-3.354139
1663667479755	9.159725	-0.3580261	-3.3637104
1663667479764	9.200403	-0.33888352	-3.2964122
1663667479780	9.24826	-0.3364907	-3.2533414
1663667479794	9.27817	-0.35682967	-3.2425737
1663667479807	9.268599	-0.3807579	-3.205485
1663667479822	9.247063	-0.4106682	-3.1875389
1663667479852	9.190832	-0.43100718	-3.2330024
1663667479864	9.1669035	-0.40707895	-3.3038898
1663667479874	9.177671	-0.37238303	-3.3529427
1663667479895	9.190832	-0.3711866	-3.3373895
1663667479905	9.202796	-0.37956148	-3.268895
1663667479917	9.2075815	-0.40468612	-3.2509487
1663667479930	9.190832	-0.4118646	-3.2593236
1663667479944	9.180064	-0.44536412	-3.2700913
1663667479957	9.190832	-0.42382872	-3.2844481
1663667479972	9.260223	-0.4034897	-3.2700913
1663667479983	9.3104725	-0.40707895	-3.2569308
1663667480089	9.303294	-0.42861435	-3.2341988
1663667480097	9.266206	-0.43100718	-3.2270205
1663667480109	9.249456	-0.41306102	-3.2940195
1663667480121	9.215957	-0.42981076	-3.336193
1663667480131	9.212367	-0.44656053	-3.315854
1663667480143	9.232706	-0.46929234	-3.2593236
1663667480153	9.251849	-0.48245287	-3.2377882
1663667480172	9.236296	-0.4728816	-3.2653055
1663667480187	9.263813	-0.40827537	-3.3206396
1663667480201	9.24467	-0.35563326	-3.3290145
1663667480215	9.162118	-0.38913277	-3.3242288
1663667480222	9.152547	-0.39631125	-3.3684962
1663667480231	9.175279	-0.4142574	-3.3314073
1663667480247	9.268599	-0.4226323	-3.286841
1663667480253	9.333204	-0.42981076	-3.211467
1663667480315	9.2793665	-0.42861435	-3.2306097
1663667480327	9.195618	-0.42741793	-3.2856445
1663667480340	9.160921	-0.45134616	-3.3613176
1663667480354	9.180064	-0.474078	-3.4354951
1663667480365	9.19801	-0.45972106	-3.370889
1663667480445	9.249456	-0.453739	-3.2090743
1663667480462	9.302098	-0.43818563	-3.173182
1663667480470	9.296116	-0.46809593	-3.2126634
1663667480476	9.265009	-0.4848457	-3.3038898
1663667480485	9.229117	-0.4728816	-3.3756745
1663667480497	9.208778	-0.45852464	-3.3756745
1663667480522	9.177671	-0.42861435	-3.3254254
1663667480531	9.170493	-0.40588254	-3.3074791
1663667480541	9.183653	-0.43818563	-3.2940195
1663667480551	9.193225	-0.453739	-3.321836
1663667480562	9.205189	-0.48245287	-3.2629128
1663667480628	9.206385	-0.45134616	-3.266502
1663667480635	9.219545	-0.45613182	-3.2964122
1663667480640	9.221938	-0.44057846	-3.2796626
1663667480692	9.262616	-0.45852464	-3.2270205
1663667480696	9.316455	-0.49920264	-3.1229327
1663667480701	9.342776	-0.50159544	-3.1313076
1663667480710	9.297313	-0.4860421	-3.219842
1663667480718	9.237492	-0.4429713	-3.2593236
1663667480730	9.24826	-0.4322036	-3.2078779
1663667480758	9.241081	-0.45732823	-3.193521
1663667480770	9.233903	-0.45852464	-3.2078779
1663667480816	9.255438	-0.46809593	-3.1576285
1663667480826	9.303294	-0.45014977	-3.1301112
1663667480835	9.290133	-0.43818563	-3.1743784
1663667480848	9.242277	-0.4429713	-3.2425737
1663667480917	9.200403	-0.43459642	-3.2533414
1663667480930	9.239884	-0.42502514	-3.1803603
1663667480942	9.276974	-0.44536412	-3.1301112
1663667480952	9.287741	-0.49322057	-3.1516466
1663667480962	9.280562	-0.46331027	-3.1576285
1663667480973	9.273384	-0.41784665	-3.118147
1663667481012	9.270991	-0.40947178	-3.1085758
1663667481022	9.255438	-0.42023948	-3.1061828
1663667481118	9.27817	-0.41665024	-3.1313076
1663667481129	9.3200445	-0.3915256	-3.10379
1663667481134	9.353543	-0.40947178	-3.05713
1663667481143	9.315259	-0.4106682	-3.0403802
1663667481153	9.270991	-0.41904306	-3.0475588
1663667481161	9.322437	-0.42622152	-3.0726833
1663667481167	9.337991	-0.44177487	-3.0690942
1663667481178	9.255438	-0.44895336	-3.1301112
1663667481196	9.24467	-0.41665024	-3.1229327
1663667481206	9.270991	-0.39511484	-3.1576285
1663667481215	9.239884	-0.36759737	-3.1899316
1663667481317	9.275777	-0.35084763	-3.0738797
1663667481331	9.274581	-0.33529428	-3.0008986
1663667481338	9.257831	-0.3472584	-3.071487
1663667481347	9.238688	-0.35204405	-3.1337004
1663667481360	9.235099	-0.34965122	-3.112165
1663667481371	9.260223	-0.34247273	-3.071487
1663667481380	9.297313	-0.3376871	-3.0379875
1663667481388	9.309277	-0.35084763	-3.0296125
1663667481400	9.339187	-0.36640096	-3.0439694
1663667481449	9.332008	-0.37357944	-3.0320053
1663667481462	9.3308115	-0.36759737	-2.9853454
1663667481471	9.300901	-0.4010969	-2.9997022
1663667481480	9.263813	-0.41784665	-3.0188448
1663667481529	9.266206	-0.392722	-3.0343983
1663667481547	9.297313	-0.34127632	-3.0415766
1663667481556	9.32124	-0.3376871	-3.0236306
1663667481566	9.326026	-0.35324043	-3.0068808
1663667481579	9.334401	-0.3592225	-2.9805596
1663667481588	9.360723	-0.36400816	-2.9973094
1663667481694	9.346365	-0.36161533	-3.0463624
1663667481702	9.336794	-0.3290131	-3.0870404
1663667481709	9.327223	-0.3376871	-3.0810583
1663667481716	9.293723	-0.3400799	-3.0619156
1663667481722	9.284152	-0.36520454	-3.0332017
1663667481727	9.282955	-0.41306102	-2.996113
1663667481731	9.275777	-0.453739	-3.0343983
1663667481734	9.2590275	-0.46091747	-3.0906296
1663667481765	9.275777	-0.40468612	-3.1145577
1663667481774	9.247063	-0.36161533	-3.1695926
1663667481779	9.242277	-0.35563326	-3.1803603
1663667481839	9.274581	-0.3580261	-3.152843
1663667481850	9.284152	-0.3807579	-3.0846474
1663667481861	9.340384	-0.4034897	-3.0595229
1663667481916	9.306884	-0.42382872	-3.1289146
1663667481926	9.269794	-0.42741793	-3.191128
1663667481935	9.235099	-0.4034897	-3.1983066
1663667481947	9.239884	-0.42861435	-3.1779675
1663667481958	9.266206	-0.42741793	-3.1348968
1663667481971	9.285348	-0.43818563	-3.10379
1663667481981	9.250652	-0.49800622	-3.118147
1663667482116	9.205189	-0.474078	-3.1947174
1663667482132	9.251849	-0.4549354	-3.2102706
1663667482144	9.300901	-0.40827537	-3.1660035
1663667482156	9.298509	-0.4106682	-3.1540394
1663667482167	9.276974	-0.3699902	-3.1492536
1663667482180	9.268599	-0.33888352	-3.1767712
1663667482192	9.274581	-0.33529428	-3.2162528
1663667482203	9.236296	-0.40468612	-3.286841
1663667482215	9.206385	-0.46331027	-3.2916267
1663667482229	9.21476	-0.49800622	-3.2916267
1663667482241	9.171689	-0.4956134	-3.2832518
1663667482251	9.172886	-0.46091747	-3.2772696
1663667482311	9.211171	-0.4429713	-3.3038898
1663667482324	9.190832	-0.43698925	-3.3074791
1663667482334	9.186047	-0.4441677	-3.3050864
1663667482346	9.196814	-0.44895336	-3.3338
1663667482360	9.199206	-0.4106682	-3.3553355
1663667482371	9.21476	-0.40947178	-3.2904303
1663667482382	9.242277	-0.4226323	-3.2629128
1663667482395	9.21476	-0.4848457	-3.2832518
1663667482408	9.220742	-0.48963133	-3.2880373
1663667482446	9.253045	-0.45254257	-3.2736804
1663667482459	9.253045	-0.45014977	-3.2904303
1663667482471	9.225528	-0.45972106	-3.301497
1663667482481	9.24826	-0.4848457	-3.2389846
1663667482513	9.257831	-0.5315057	-3.203092
1663667482524	9.232706	-0.53389853	-3.2425737
1663667482537	9.226724	-0.4764708	-3.2820554
1663667482567	9.2075815	-0.5027919	-3.2832518
1663667482576	9.247063	-0.57457656	-3.1923244
1663667482587	9.273384	-0.5877371	-3.118147
1663667482696	9.347562	-0.56380886	-3.100201
1663667482710	9.413364	-0.5075775	-3.1480572
1663667482721	9.328419	-0.4884349	-3.286841
1663667482732	9.203992	-0.4645067	-3.4151561
1663667482744	9.119047	-0.48364928	-3.423531
1663667482755	9.105886	-0.5063811	-3.39721
1663667482768	9.109476	-0.49082774	-3.3732817
1663667482782	9.114262	-0.53270215	-3.3684962
1663667482790	9.066405	-0.5841478	-3.382853
1663667482797	9.046066	-0.61884373	-3.4271202
1663667482803	9.189635	-0.6236294	-3.5168512
1663667482835	9.302098	-0.61764735	-3.5300117
1663667482846	9.209974	-0.5063811	-3.5766716
1663667482859	9.203992	-0.3182454	-3.5347972
1663667482933	9.215957	-0.33529428	-3.3780673
1663667482946	9.176475	-0.5063811	-3.3206396
1663667482957	9.140582	-0.7540382	-3.3146574
1663667482967	9.109476	-0.96849495	-3.301497
1663667482978	8.982357	-1.11685	-3.2880373
1663667482989	8.810074	-1.2149557	-3.3720853
1663667483003	8.732307	-1.265205	-3.4522448
1663667483132	8.82443	-1.2197413	-3.4079776
1663667483141	8.947661	-1.1180464	-3.3876386
1663667483150	8.987143	-0.98883396	-3.4055848
1663667483164	9.019445	-0.89042914	-3.3672996
1663667483179	9.0747795	-0.878465	-3.3601213
1663667483192	9.141779	-0.8449655	-3.4127634
1663667483201	9.275777	-0.78394854	-3.4342988
1663667483213	9.428918	-0.7181459	-3.354139
1663667483225	9.54497	-0.6583253	-3.2078779
1663667483239	9.582058	-0.6762715	-3.0667014
1663667483252	9.531809	-0.71336025	-3.0343983
1663667483302	9.527023	-0.74446696	-3.083451
1663667483312	9.58804	-0.7600203	-2.9853454
1663667483323	9.620643	-0.7719844	-2.815455
1663667483337	9.585648	-0.8210373	-2.8034909
1663667483351	9.594321	-0.87248296	-2.864508
1663667483373	9.59163	-0.8955139	-2.8752756
1663667483383	9.495916	-0.90508515	-2.9673991
1663667483397	9.317652	-0.87248296	-3.0296125
1663667483413	9.158528	-0.74207413	-3.1779675
1663667483425	9.171689	-0.49920264	-3.309872
1663667483451	9.206385	-0.24526432	-3.354139
1663667483465	9.177671	-0.10767702	-3.3469608
1663667483476	8.95125	-0.0526421	-3.5180476
1663667483485	8.566006	-0.023928227	-3.897609
1663667483511	8.280961	0.059820566	-4.3259244
1663667483523	8.173284	0.19740787	-4.7485566
1663667483538	8.423334	0.36281174	-4.877769
1663667483583	8.890233	0.4621139	-4.7377887
1663667483591	9.276974	0.34606197	-4.4132624
1663667483596	9.450453	-0.111266255	-3.9717865
1663667483665	9.355937	-0.71455663	-3.5144582
1663667483670	9.092726	-1.1599208	-3.522833
1663667483674	9.075976	-1.1300105	-3.6975093
1663667483676	8.970393	-0.76600236	-3.626921
1663667483694	8.845966	-0.3062813	-3.7034912
1663667483698	8.744271	0.016749758	-3.9251266
1663667483709	8.737093	0.20219351	-4.1201415
1663667483714	8.722735	0.28743783	-4.066303
1663667483785	8.903394	0.28025934	-3.6137605
1663667483790	9.226724	0.10049855	-3.2641091
1663667483794	9.46481	-0.2009971	-3.1420753
1663667483836	9.611072	-0.4884349	-3.2150564
1663667483840	9.536594	-0.64037913	-3.1432717
1663667483846	9.353543	-0.5877371	-2.8669007
1663667483912	9.135797	-0.54466623	-2.7074788
1663667483921	8.9057865	-0.5243273	-2.8549366
1663667483929	8.8136635	-0.3687938	-3.3182468
1663667483935	8.853145	-0.20697916	-3.5946178
1663667483940	9.134601	-0.12323037	-3.5120654
1663667483987	9.440882	-0.0526421	-3.2700913
1663667483994	9.688838	-0.05503492	-3.0212376
1663667484019	9.841979	-0.09212367	-2.8812575
1663667484029	9.666106	-0.21296121	-2.9075787
1663667484037	9.479167	-0.13280165	-3.3984063
1663667484112	9.333204	0.30897322	-4.8502517
1663667484120	9.15494	0.84765744	-6.1660047
1663667484127	9.4229355	1.1623136	-6.085546
1663667484134	9.902996	0.7743772	-4.746164
1663667484181	9.973584	-0.25244278	-3.527619
1663667484189	9.857532	-1.4617156	-3.0008986
1663667484199	9.194421	-2.2002003	-3.0152557
1663667484209	8.796913	-2.0024934	-3.5180476
1663667484236	8.349156	-1.509572	-4.226622
1663667484245	7.766205	-1.1790633	-4.9842496
1663667484253	7.281359	-1.0211371	-5.3817573
1663667484310	7.274181	-0.96729857	-5.497809
1663667484317	7.871489	-1.11685	-5.165207
1663667484325	8.743074	-1.489233	-4.8382874
1663667484333	9.267402	-1.9259231	-4.6552362
1663667484385	9.495916	-2.1702902	-4.4614177
1663667484399	9.510274	-2.013261	-4.328317
1663667484411	9.409775	-1.6040884	-4.4255257
1663667484424	8.9775715	-1.3513466	-4.4578285
1663667484438	8.45803	-1.2269198	-4.34746
1663667484450	8.082356	-1.4123635	-4.1955156
1663667484460	7.94118	-1.5311074	-3.958626
1663667484513	8.094321	-1.3477573	-3.9550366
1663667484524	8.272586	-1.0031909	-3.9634116
1663667484533	8.59472	-0.535095	-3.9574296
1663667484589	9.080762	-0.27876383	-3.7489548
1663667484607	9.542577	-0.34127632	-3.2018957
1663667484622	9.761819	-0.5315057	-2.9614172
1663667484638	9.6015	-0.7851449	-2.9279177
1663667484653	9.237492	-1.0522437	-3.0116663
1663667484697	9.056833	-1.3250256	-3.1360931
1663667484709	9.055637	-1.468894	-3.1145577
1663667484719	9.190832	-1.4593227	-2.9626136
1663667484730	9.355937	-1.1240284	-2.827419
1663667484744	9.436096	-0.6128617	-2.801098
1663667484755	9.345169	-0.1363909	-2.9207392
1663667484790	9.263813	0.13519448	-3.075076
1663667484802	9.18485	0.13040884	-3.132504
1663667484812	9.05803	-0.15672988	-3.0942187
1663667484823	9.015857	-0.46929234	-3.0966115
1663667484847	9.038888	-0.56380886	-3.0272198
1663667484857	8.826823	-0.7073782	-2.9602208
1663667484915	8.909376	-0.8210373	-2.7314072
1663667484926	9.266206	-0.9062816	-2.43709
1663667484936	9.655338	-0.9182457	-2.4538395
1663667484946	9.789336	-1.1180464	-2.3688943
1663667484956	9.999905	-1.6304095	-2.2037897
1663667484991	9.880263	-2.4933212	-2.5399811
1663667485005	9.208778	-3.095415	-4.148855
1663667485020	8.799306	-2.9913275	-5.282455
1663667485028	9.071191	-1.9725832	-5.2274203
1663667485117	9.989138	-0.6667002	-4.989334
1663667485131	10.673783	-0.10767702	-4.2684965
1663667485144	10.277771	-0.27876383	-4.275675
1663667485159	9.251849	-0.5051847	-4.3582273
1663667485173	8.2761755	-0.70259255	-3.946662
1663667485191	7.4324064	-0.9816555	-3.5252259
1663667485205	7.0408807	-1.2831511	-3.9215372
1663667485218	7.46112	-1.4159528	-4.401298
1663667485229	8.515757	-1.3824533	-4.743771
1663667485314	9.49472	-1.1204392	-4.9112687
1663667485329	9.776176	-0.6092725	-4.712664
1663667485343	9.515059	0.078963146	-4.2828536
1663667485356	9.363115	0.581755	-3.8928235
1663667485371	9.101101	0.5590232	-3.848257
1663667485384	8.554042	-0.049052864	-3.9717865
1663667485393	8.1015	-0.83060855	-3.9921255
1663667485404	8.021339	-1.3034902	-3.9574296
1663667485415	8.211569	-1.2376875	-3.667599
1663667485428	8.612666	-0.80189466	-3.3732817
1663667485442	9.002696	-0.37956148	-3.2629128
1663667485451	9.213564	-0.28235307	-3.193521
1663667485461	9.363115	-0.4010969	-3.0463624
1663667485476	9.460024	-0.541077	-2.8513472
1663667485513	9.561719	-0.49920264	-2.672783
1663667485524	9.608679	-0.41784665	-2.3712873
1663667485534	9.688838	-0.520738	-2.14367
1663667485610	9.687641	-0.81864446	-2.3365912
1663667485620	9.6015	-1.0570294	-2.7326035
1663667485633	9.4432745	-1.0211371	-2.9374888
1663667485642	9.355937	-0.6044868	-2.992524
1663667485697	9.353543	-0.05383851	-3.0092735
1663667485713	9.485149	0.28743783	-2.8130622
1663667485727	9.470792	0.27667013	-2.7999015
1663667485741	9.698409	0.2970091	-3.8629131
1663667485756	10.075279	0.43459642	-6.666105
1663667485771	9.981958	0.37836507	-8.5349
1663667485784	10.027422	-0.14356937	-7.024131
1663667485794	10.1446705	-0.8341978	-3.7944186
1663667485801	9.602696	-1.4422739	-1.7727824
1663667485811	8.616255	-1.1970096	-2.3641088
1663667485818	7.960323	-0.9421739	-3.3122647
1663667485849	7.7243304	-1.0677971	-4.5296135
1663667485861	7.919645	-1.2233306	-5.913263
1663667485913	8.613862	-1.1312069	-5.9491553
1663667485926	9.375079	-0.9182457	-4.2649074
1663667485935	9.942477	-0.60329044	-2.4885356
1663667485945	9.560523	-0.5805586	-1.7943178
1663667485954	8.810074	-0.8605189	-2.455036
1663667485997	8.363513	-1.1479566	-3.3792639
1663667486003	8.012965	-1.3310076	-3.8760736
1663667486011	7.861918	-1.2987045	-3.7034912
1663667486116	8.018947	-1.1312069	-3.0786655
1663667486129	8.242676	-0.8497511	-2.5710878
1663667486142	8.612666	-0.45014977	-2.507678
1663667486151	8.942876	-0.18664017	-2.5316064
1663667486159	8.875876	-0.17826529	-2.5663023
1663667486166	8.777771	-0.32303107	-2.6799614
1663667486174	8.708379	-0.5913263	-2.6476583
1663667486193	8.850752	-0.9661021	-2.5208387
1663667486203	9.287741	-1.3202399	-2.4263222
1663667486212	9.649357	-1.5394822	-2.5136602
1663667486226	9.67807	-1.5287145	-2.2277179
1663667486311	9.583255	-1.244866	-1.934298
1663667486316	9.736694	-0.75643104	-2.2456641
1663667486325	9.869496	-0.40707895	-2.428715
1663667486336	9.69482	-0.18065812	-2.3521447
1663667486340	9.431311	-0.14117654	-2.1352952
1663667486344	9.306884	-0.37357944	-2.1604197
1663667486370	9.396614	-0.8497511	-2.3449662
1663667486374	9.55813	-1.4087744	-2.6775684
1663667486379	9.780962	-1.8900307	-3.2473595
1663667486405	10.3017	-2.528017	-3.8808591
1663667486447	10.754242	-3.2715867	-4.6755753
1663667486459	11.09522	-3.4881372	-4.5726843
1663667486513	10.8200445	-2.7424738	-3.403192
1663667486527	10.61157	-1.4641083	-2.2995026
1663667486538	10.0011015	-0.45134616	-1.867299
1663667486551	8.873484	-0.2536392	-2.5196424
1663667486578	7.622636	-0.41545382	-3.650849
1663667486586	6.9798636	-0.8258229	-5.0682974
1663667486595	7.227521	-1.3776677	-5.587839
1663667486606	7.929216	-1.9869401	-5.4906306
1663667486616	8.843574	-2.4107687	-5.0132627
1663667486695	9.839586	-2.2360928	-4.517649
1663667486712	9.819247	-1.5813566	-3.8700914
1663667486723	9.364311	-0.8461619	-3.5539398
1663667486735	8.739486	-0.6116653	-3.7489548
1663667486749	8.050054	-0.78035927	-3.8171504
1663667486760	7.5939217	-0.99720883	-4.023232
1663667486772	7.4096746	-1.0917253	-4.202694
1663667486783	7.5640116	-0.9924232	-4.3737807
1663667486811	8.088339	-0.6750751	-4.2505503
1663667486824	8.512167	-0.4214359	-3.9047875
1663667486835	8.814859	-0.39511484	-3.3290145
1663667486846	9.047262	-0.68225354	-2.696711
1663667486910	9.378669	-1.0917253	-2.3748765
1663667486917	9.679267	-1.4533406	-2.4526432
1663667486925	10.14826	-1.4880366	-2.292324
1663667486933	10.712069	-1.1503495	-1.8278174
1663667486951	10.903793	-0.7408777	-1.3824533
1663667487012	10.64148	-0.26081768	-1.2173486
1663667487028	9.825229	0.21296121	-1.6938193
1663667487039	8.709576	0.38673997	-2.2755744
1663667487052	9.401401	0.8333005	-6.268896
1663667487112	10.506286	1.2472588	-12.992728
1663667487122	11.128719	0.9720842	-12.396616
1663667487132	10.909776	-0.3182454	-5.4930234
1663667487146	9.97837	-1.6351951	-1.4111671
1663667487160	8.872287	-2.5953152	-0.49292147
1663667487174	7.747062	-3.2943187	-1.631606
1663667487186	7.2909307	-3.7588253	-4.013661
1663667487195	7.520941	-3.6329029	-6.305985
1663667487205	8.209176	-2.9386854	-6.5644097
1663667487229	9.122637	-1.8385851	-5.0359945
1663667487284	9.688838	-0.9098708	-3.0008986
1663667487305	9.456435	-0.51236314	-2.0347965
1663667487315	8.672486	-1.2340983	-2.0347965
1663667487325	8.140981	-2.4131618	-2.6189444
1663667487334	7.7997046	-3.0846474	-3.268895
1663667487345	7.565208	-2.844169	-3.484548
1663667487352	7.666903	-1.8661026	-3.321836
1663667487359	7.9037924	-0.80907315	-3.1133614
1663667487428	8.20798	0.12203395	-2.9458637
1663667487441	8.477471	0.67028946	-2.6775684
1663667487454	8.727522	0.750449	-2.5806592
1663667487468	8.880662	0.41306102	-2.7194428
1663667487481	8.964411	-0.19980069	-2.7385855
1663667487514	9.347562	-0.8497511	-2.7098715
1663667487527	9.656535	-1.2640085	-2.455036
1663667487537	9.77498	-1.4940187	-2.5938199
1663667487553	9.646963	-1.4976078	-2.5878377
1663667487564	9.64457	-1.0594223	-1.9833509
1663667487628	9.864711	-0.62482584	-1.6133606
1663667487641	9.901799	-0.5841478	-1.5116657
1663667487650	9.862318	-1.0677971	-2.009672
1663667487697	10.168898	-2.1595225	-2.795116
1663667487711	10.316056	-3.234498	-3.956233
1663667487721	10.194023	-3.6317065	-5.118547
1663667487730	10.682158	-3.3984063	-4.9363933
1663667487743	11.059327	-2.132005	-4.057928
1663667487822	10.781759	-0.581755	-3.6245282
1663667487847	9.7654085	0.5458627	-3.3936207
1663667487857	8.45803	0.846461	-3.522833
1663667487871	7.5999036	0.43698925	-3.4199417
1663667487881	7.0731835	-0.4956134	-3.35055
1663667487893	7.071987	-1.5107684	-3.8183467
1663667487900	7.9746795	-2.0889342	-4.5655055
1663667487918	8.981161	-2.0662024	-5.020441
1663667487927	9.257831	-1.5574285	-5.148457
1663667487938	9.093923	-0.69182485	-4.932804
1663667487949	8.958429	-0.0059820567	-4.322335
1663667487956	8.627023	0.18664017	-4.067499
1663667488040	8.190034	-0.046660043	-4.115356
1663667488047	7.9854474	-0.520738	-4.2948174
1663667488054	7.9507513	-0.93978107	-4.3857446
1663667488061	8.137392	-1.1312069	-3.9670007
1663667488110	8.519346	-1.0522437	-3.2461631
1663667488119	9.05803	-0.86291164	-2.9051857
1663667488125	9.444471	-0.6260222	-2.9685955
1663667488131	9.440882	-0.49202415	-2.9650064
1663667488136	9.479167	-0.51236314	-2.894418
1663667488195	9.446864	-0.71336025	-2.7819555
1663667488209	9.479167	-0.74207413	-2.6703901
1663667488222	9.600304	-0.62721866	-2.6991038
1663667488234	9.701999	-0.5482555	-2.684747
1663667488246	9.642178	-0.39750767	-2.5112674
1663667488262	9.5353985	-0.18783657	-2.1759732
1663667488302	9.596714	-0.1363909	-1.9354944
1663667488313	9.51147	-0.30867413	-2.4335005
1663667488323	10.300504	0.08135597	-7.294819
1663667488332	11.582458	0.8859426	-12.784253
1663667488347	11.942877	1.0833504	-9.926924
1663667488387	10.5589285	-0.016749758	-4.2864428
1663667488402	8.908179	-1.2975081	-1.934298
1663667488411	7.6477604	-2.225325	-1.9737796
1663667488421	7.1138616	-3.0212376	-2.9769704
1663667488438	7.342376	-3.441477	-4.2948174
1663667488451	8.0404825	-3.5671003	-5.1735816
1663667488516	8.726325	-3.612564	-5.148457
1663667488530	9.189635	-3.1914272	-4.638487
1663667488540	9.311669	-2.3198416	-3.889234
1663667488559	9.090333	-1.3393825	-2.943471
1663667488568	8.737093	-0.8102696	-2.5268207
1663667488634	8.375478	-0.8449655	-2.923132
1663667488652	8.014161	-1.250848	-3.5587256
1663667488662	7.6740813	-1.6651055	-3.8602211
1663667488671	7.615457	-1.8134605	-3.7633119
1663667488687	7.751848	-1.6686947	-3.795615
1663667488700	7.963912	-1.2233306	-3.7692938
1663667488710	8.158927	-0.75284183	-3.4965122
1663667488723	8.338388	-0.43579283	-3.1348968
1663667488734	8.552845	-0.41545382	-2.7699914
1663667488840	8.868698	-0.58534425	-2.4825535
1663667488852	9.213564	-0.7648059	-2.4143581
1663667488866	9.615857	-0.8437691	-2.5088747
1663667488878	9.967602	-0.7755736	-2.382055
1663667488889	10.14826	-0.6475576	-2.0958135
1663667488901	10.133903	-0.6260222	-1.806282
1663667488914	10.023833	-0.76719874	-2.0192432
1663667488926	9.831211	-0.87248296	-2.475375
1663667488937	9.680463	-0.80548394	-2.737389
1663667488948	9.728319	-0.71336025	-2.6189444
1663667488959	9.924531	-1.0043873	-2.2181466
1663667488972	10.228719	-1.9438694	-2.3581266
1663667489020	10.182058	-3.1627133	-3.746562
1663667489034	9.989138	-4.3094735	-5.1616178
1663667489048	9.608679	-4.2038903	-5.32074
1663667489063	9.824033	-2.626422	-3.5096726
1663667489124	10.072886	-0.5925227	-1.9797616
1663667489134	9.895817	0.8991031	-2.129313
1663667489146	9.21476	1.4018949	-3.7824545
1663667489160	8.175676	0.9828519	-4.6325045
1663667489169	7.196414	0.1794617	-4.6325045
1663667489193	6.6098733	-0.7600203	-4.5535417
1663667489206	6.928418	-1.5047864	-4.7832522
1663667489218	8.00459	-1.8385851	-4.892126
1663667489229	9.225528	-1.8134605	-4.5152564
1663667489245	9.735498	-1.489233	-4.2505503
1663667489259	9.6529455	-0.95054877	-4.215854
1663667489298	9.685248	-0.44177487	-4.368995
1663667489311	9.375079	-0.19740787	-4.215854
1663667489322	8.933304	-0.038285162	-4.031607
1663667489333	8.500203	-0.019142581	-3.9610188
1663667489343	8.234301	-0.17587246	-3.9753757
1663667489450	8.290532	-0.3278167	-3.9203408
1663667489467	8.365906	-0.5063811	-3.592225
1663667489479	8.387442	-0.8545368	-3.0930223
1663667489491	8.570791	-1.1670992	-2.6835506
1663667489502	8.899805	-1.4231312	-2.5710878
1663667489512	9.2590275	-1.509572	-2.5268207
1663667489523	9.6015	-1.3573287	-2.5962126
1663667489535	9.937692	-0.8919246	-2.6572297
1663667489556	10.089636	-0.36759737	-2.6859434
1663667489570	9.892228	0.05383851	-2.6368906
1663667489653	9.48156	0.15194423	-2.8932216
1663667489665	8.756235	-0.0023928226	-3.5838501
1663667489676	8.119446	0.02751746	-4.2661037
1663667489688	7.990233	0.38673997	-4.4745784
1663667489701	8.4858465	0.7851449	-4.324728
1663667489714	9.57488	1.1072787	-4.570291
1663667489727	10.415359	1.3453646	-6.7441707
1663667489740	10.574481	1.2340983	-8.268997
1663667489749	11.077273	0.61764735	-7.021738
1663667489756	11.345569	-0.58654064	-3.5324044
1663667489771	10.677373	-1.5885352	-0.98853487
1663667489785	9.267402	-1.6471593	-1.7213368
1663667489794	8.027322	-1.8517456	-3.5060835
1663667489838	7.2011995	-2.4598217	-5.1341
1663667489851	7.213164	-3.0810583	-6.5955167
1663667489859	8.121839	-3.2859437	-6.8339014
1663667489868	9.512667	-2.7915268	-5.191528
1663667489878	10.637891	-1.5430715	-3.0296125
1663667489895	10.673783	-0.33888352	-1.6878372
1663667489908	9.761819	-0.19980069	-2.2695923
1663667489916	8.767003	-0.9457632	-3.3469608
1663667489943	8.065607	-1.7117655	-4.0447674
1663667490054	7.626225	-2.0120647	-4.368995
1663667490070	7.440781	-1.89362	-4.167998
1663667490082	7.574779	-1.4338989	-3.5252259
1663667490092	7.8690963	-0.97567344	-2.9745777
1663667490102	8.187641	-0.70259255	-2.868097
1663667490115	8.335996	-0.6044868	-2.8848467
1663667490131	8.423334	-0.5721837	-2.7915268
1663667490145	8.752646	-0.54466623	-2.6428726
1663667490156	8.9979105	-0.5673981	-2.3509483
1663667490169	9.032606	-0.76600236	-2.0551355
1663667490206	8.932108	-1.1228321	-2.0694926
1663667490218	8.8447695	-1.346561	-2.2444677
1663667490232	8.976375	-1.1503495	-2.5328028
1663667490243	9.343972	-0.7001997	-2.5399811
1663667490252	9.553345	-0.4034897	-2.3054845
1663667490271	9.549755	-0.535095	-2.1954148
1663667490314	9.579665	-0.8844471	-2.28036
1663667490329	9.784551	-1.2029916	-2.3078775
1663667490344	10.14826	-1.3633107	-2.015654
1663667490355	10.931312	-2.032703	-2.0874386
1663667490448	12.261123	-2.984149	-3.2138598
1663667490466	11.760723	-3.4689946	-4.692325
1663667490476	10.537393	-2.926721	-5.006084
1663667490488	9.572487	-1.5059828	-3.7573297
1663667490494	8.88784	-0.41904306	-2.4155545
1663667490499	8.295318	-0.33409786	-2.516053
1663667490508	7.4659057	-0.669093	-3.8446677
1663667490516	7.176075	-0.8967103	-4.8263235
1663667490533	7.8128653	-1.2005987	-5.0012984
1663667490556	8.853145	-1.7225332	-4.8191447
1663667490677	9.959227	-2.204986	-4.334299
1663667490690	10.280165	-2.1272194	-3.8339
1663667490703	9.849157	-1.4665012	-3.6604204
1663667490715	9.267402	-0.6678966	-4.189533
1663667490730	8.680861	-0.30269206	-4.6492543
1663667490742	8.093124	-0.33290145	-4.5020957
1663667490755	7.750652	-0.41904306	-4.342674
1663667490768	7.9914293	-0.3807579	-4.2517467
1663667490780	8.405388	-0.31345975	-3.7824545
1663667490791	8.719147	-0.27996024	-3.3290145
1663667490839	8.991928	-0.30388847	-3.1337004
1663667490852	9.23151	-0.36520454	-2.8262227
1663667490862	9.341579	-0.5159524	-2.76042
1663667490871	9.098708	-0.64037913	-3.054737
1663667490881	8.777771	-0.77796644	-3.2712877
1663667490894	8.662915	-0.8389834	-3.219842
1663667490904	8.715557	-0.7719844	-2.7520452
1663667490924	8.970393	-0.7325028	-2.1197417
1663667490938	9.026625	-0.88683987	-1.9043877
1663667490948	9.066405	-1.1228321	-2.2337
1663667490959	9.052048	-1.1491531	-2.7385855
1663667490973	9.223135	-0.831805	-2.8178477
1663667491068	9.698409	-0.4142574	-2.5746772
1663667491078	10.406984	-0.31465617	-2.2073789
1663667491086	10.778171	-0.39750767	-2.8513472
1663667491096	10.733903	-0.44895336	-6.645766
1663667491104	11.0557375	-0.37238303	-9.502198
1663667491110	11.801401	-0.6667002	-7.8311105
1663667491115	11.520245	-1.4051851	-3.7824545
1663667491124	9.621839	-1.7871394	-1.907977
1663667491131	8.076375	-1.4581263	-2.4681966
1663667491200	7.528119	-1.5514464	-3.1564322
1663667491216	7.8894353	-1.9175483	-4.316353
1663667491226	8.737093	-2.210968	-4.9531426
1663667491241	9.265009	-2.4765713	-4.5128636
1663667491253	9.542577	-2.5220351	-3.4917264
1663667491264	9.348758	-2.2468605	-2.644069
1663667491274	8.7012005	-2.0001006	-2.079064
1663667491311	7.943573	-1.974976	-2.4430718
1663667491324	7.498209	-1.9582262	-3.3900316
1663667491333	7.408478	-1.8577276	-4.135695
1663667491439	7.581958	-1.5370895	-4.1261234
1663667491449	7.908578	-1.07019	-3.5467613
1663667491457	8.095517	-0.68105716	-3.1755748
1663667491469	8.142178	-0.39870408	-3.158825
1663667491481	8.219944	-0.24526432	-3.1372895
1663667491492	8.400602	-0.276371	-3.0188448
1663667491503	8.65454	-0.45134616	-2.8932216
1663667491512	8.934501	-0.68105716	-2.7314072
1663667491524	9.160921	-0.74566334	-2.6859434
1663667491536	9.522238	-0.535095	-2.6668007
1663667491550	9.943673	-0.25962126	-2.347359
1663667491634	10.017851	-0.32662028	-1.8744774
1663667491649	9.904192	-0.8282157	-1.745265
1663667491659	9.869496	-1.5526428	-2.0467606
1663667491667	9.78814	-2.1774685	-2.0551355
1663667491675	9.590433	-2.4658036	-2.0670996
1663667491684	9.600304	-2.3485553	-2.32702
1663667491688	10.41177	-2.1343977	-2.8788648
1663667491693	11.157433	-2.2337	-3.865306
1663667491699	11.116755	-2.8381867	-4.304389
1663667491709	10.502697	-3.3326037	-3.8760736
1663667491834	9.897014	-3.004488	-2.7206392
1663667491842	9.721141	-1.495215	-1.8840487
1663667491853	9.334401	0.04426722	-2.461018
1663667491862	8.39462	0.7193423	-4.1165524
1663667491870	7.475477	0.8105687	-5.657231
1663667491881	6.975078	0.55304116	-6.578767
1663667491891	7.298109	0.039481573	-6.242575
1663667491902	8.397013	-0.6667002	-5.0048876
1663667491913	9.697213	-1.3513466	-3.7441692
1663667491923	10.470394	-1.9689939	-2.9769704
1663667491935	10.105189	-2.3844478	-3.0152557
1663667491947	9.300901	-2.1355941	-3.4474592
1663667492052	8.466405	-1.3561323	-4.2948174
1663667492063	7.806883	-0.62961143	-4.6600223
1663667492075	7.632207	0.038285162	-4.7892346
1663667492085	7.602297	0.36161533	-4.725825
1663667492094	7.9280195	0.2670988	-4.363013
1663667492104	8.579166	-0.3278167	-3.815954
1663667492121	9.029017	-1.1335998	-3.374478
1663667492133	9.025428	-1.6806588	-3.280859
1663667492145	8.880662	-1.8134605	-3.1971102
1663667492199	8.825627	-1.6304095	-2.9685955
1663667492210	8.780164	-1.4362918	-2.9004002
1663667492220	8.825627	-1.338186	-2.6703901
1663667492231	8.935697	-1.2532408	-2.556731
1663667492242	8.795717	-1.0199406	-2.6476583
1663667492270	8.814859	-0.5662017	-2.754438
1663667492280	9.206385	0.058624156	-2.9650064
1663667492289	9.751051	0.6044868	-2.8453653
1663667492311	10.316056	1.0199406	-2.428715
1663667492322	10.597214	1.1503495	-2.6213372
1663667492413	11.455638	1.2675978	-6.3394847
1663667492426	12.340085	1.3971093	-10.969596
1663667492435	12.65863	0.58654064	-9.467203
1663667492449	11.398211	-1.2149557	-3.7573297
1663667492462	9.075976	-2.827419	-0.37328035
1663667492468	6.943971	-3.3314073	-0.9311071
1663667492478	6.45434	-3.399603	-2.53041
1663667492489	6.9906316	-3.2847474	-4.317549
1663667492524	7.98784	-3.065505	-6.0771713
1663667492534	8.793324	-2.7843482	-6.3825555
1663667492556	9.41815	-2.1762722	-4.601398
1663667492607	9.749855	-1.358525	-2.6273193
1663667492624	9.333204	-0.92303133	-2.1329024
1663667492638	8.582756	-1.3022938	-2.6488547
1663667492654	8.113463	-2.0267208	-3.3481572
1663667492664	7.8571324	-2.4586253	-3.854239
1663667492689	7.8200436	-2.3162522	-3.7453656
1663667492702	8.1015	-1.8242282	-3.2653055
1663667492715	8.435298	-1.238884	-2.9051857
1663667492726	8.568398	-0.6308079	-2.882454
1663667492740	8.452047	-0.16271193	-3.1516466
1663667492801	8.316854	0.16390835	-3.3672996
1663667492812	8.420941	0.37357944	-3.4402807
1663667492823	8.603095	0.4668995	-3.3732817
1663667492837	8.71795	0.4010969	-3.2078779
1663667492851	9.0544405	0.20219351	-3.024827
1663667492862	9.507881	-0.083748795	-3.0200412
1663667492873	9.858728	-0.4214359	-2.9805596
1663667492884	9.776176	-0.9661021	-2.7038896
1663667492892	9.7043915	-1.4303098	-2.111367
1663667492919	9.785748	-1.637588	-1.9666011
1663667492933	9.780962	-1.759622	-2.1329024
1663667492946	9.568898	-1.8134605	-2.408376
1663667492993	9.420543	-1.8254246	-2.4035904
1663667493081	9.428918	-1.9869401	-2.3700907
1663667493093	9.835997	-2.2863421	-2.4335005
1663667493103	10.384252	-2.8669007	-3.0690942
1663667493117	10.545768	-3.5491543	-4.306782
1663667493133	10.324431	-3.2165518	-5.0048876
1663667493142	10.44168	-1.7751753	-3.6412778
1663667493151	10.228719	-0.18664017	-2.3641088
1663667493165	9.491131	0.51116675	-2.1460629
1663667493211	8.756235	0.34606197	-2.786741
1663667493222	8.216354	-0.21296121	-4.020839
1663667493233	7.565208	-0.7396813	-5.2872405
1663667493290	6.9966135	-1.1108679	-5.712266
1663667493305	6.897311	-1.3345969	-5.229813
1663667493316	7.5927253	-1.7691933	-4.772485
1663667493330	8.753842	-2.1738794	-4.651647
1663667493341	9.624231	-2.1571295	-4.634897
1663667493351	9.69482	-1.7548363	-4.4949174
1663667493358	9.809675	-1.0319048	-4.068696
1663667493382	9.710373	-0.68464637	-3.7214375
1663667493394	9.229117	-0.6092725	-3.49053
1663667493403	8.836395	-0.7791629	-3.2904303
1663667493448	8.447262	-1.1180464	-3.4043884
1663667493462	8.340781	-1.358525	-3.6089747
1663667493471	8.412566	-1.3082758	-3.4666018
1663667493480	8.277371	-1.1479566	-3.132504
1663667493491	8.380263	-1.0725827	-3.0332017
1663667493502	8.416156	-1.3740784	-3.054737
1663667493514	8.679665	-1.8481563	-3.0667014
1663667493526	9.226724	-1.8086748	-3.0200412
1663667493583	9.729516	-1.2460624	-2.644069
1663667493595	9.856336	-0.45852464	-2.5435705
1663667493608	9.717552	0.36161533	-2.6404798
1663667493684	9.583255	1.1204392	-2.7424738
1663667493699	9.780962	1.4497514	-2.2468605
1663667493710	10.065707	0.8967103	-1.521237
1663667493720	9.524631	-0.41665024	-1.1060823
1663667493732	9.008678	-1.2628121	-2.8393831
1663667493744	10.194023	-0.9445667	-9.725926
1663667493753	11.097612	-0.29072794	-14.159827
1663667493781	11.2088785	0.025124637	-9.64457
1663667493796	11.302498	-0.5159524	-3.4103706
1663667493811	9.425328	-1.7536399	0.6346962
1663667493836	8.032107	-2.4394827	-0.15314065
1663667493851	8.27139	-2.7640092	-3.0140593
1663667493863	8.845966	-2.6922245	-5.4355955
1663667493873	9.220742	-2.4598217	-6.5033927
1663667493896	9.101101	-1.9606191	-5.793622
1663667493910	9.059227	-1.21017	-3.9430726
1663667493922	8.678469	-0.51475596	-2.7580273
1663667493928	8.096714	-0.5374878	-2.3772693
1663667493949	7.6011004	-1.2867404	-2.8956144
1663667494099	7.453942	-2.050649	-3.7980077
1663667494118	7.4276204	-2.3341985	-4.0387855
1663667494133	7.5436726	-2.0147567	-3.6903307
1663667494146	7.908578	-1.3369896	-3.1360931
1663667494159	8.292925	-0.78035927	-2.7592237
1663667494173	8.574381	-0.40947178	-2.7158537
1663667494186	8.649755	-0.30867413	-2.7580273
1663667494201	8.719147	-0.29192436	-2.7735806
1663667494215	8.842377	-0.32183465	-2.626123
1663667494228	8.945269	-0.43459642	-2.475375
1663667494241	9.0182495	-0.54466623	-2.507678
1663667494254	9.113065	-0.6678966	-2.5806592
1663667494267	9.189635	-0.72771716	-2.7592237
1663667494322	9.38824	-0.76241314	-2.6321049
1663667494335	9.84796	-0.7815557	-2.300699
1663667494347	10.272985	-0.78753775	-1.8230318
1663667494360	10.555339	-0.9828519	-1.393221
1663667494373	11.098808	-1.3980067	-1.6974086
1663667494386	12.063714	-2.03031	-2.626123
1663667494401	12.139089	-2.746063	-3.8303108
1663667494446	11.350354	-3.6747773	-3.889234
1663667494461	10.003494	-3.9000018	-3.7920256
1663667494474	8.964411	-2.7903304	-3.4019957
1663667494487	8.383852	-1.0223335	-3.1456645
1663667494501	7.739884	0.25872394	-3.3840494
1663667494515	7.103094	0.7600203	-4.510471
1663667494527	7.140183	0.5985048	-5.4463634
1663667494538	7.85115	-0.05623133	-5.8474603
1663667494557	8.714361	-1.0606186	-5.4810596
1663667494567	9.373882	-1.8565313	-4.536792
1663667494575	9.410972	-2.2325034	-3.7812579
1663667494584	9.403793	-1.9701903	-2.996113
1663667494690	9.1465645	-1.0522437	-3.1337004
1663667494706	8.670094	-0.19860429	-3.4570305
1663667494719	8.338388	0.13878371	-3.6699917
1663667494730	8.282157	0.15792629	-3.8518462
1663667494742	8.332407	-0.08973085	-4.0148573
1663667494753	8.467601	-0.44536412	-3.9287157
1663667494763	8.605488	-0.74207413	-3.394817
1663667494774	8.7215395	-0.92662054	-2.943471
1663667494784	8.838788	-1.218545	-2.2648067
1663667494795	8.947661	-1.6268203	-1.8493528
1663667494836	9.086744	-1.913959	-1.9402801
1663667494847	9.332008	-1.6746768	-2.1532412
1663667494862	9.642178	-0.75643104	-2.3976083
1663667494871	9.537791	0.2213361	-2.5627131
1663667494882	9.475577	0.8679964	-2.5435705
1663667494895	9.335598	0.76600236	-2.7891338
1663667494909	9.305687	0.58654064	-2.9542387
1663667494921	9.739087	0.41545382	-2.4885356
1663667494931	9.638589	-0.16749759	-1.7703897
1663667494954	9.930513	-0.32183465	-4.4518466
1663667495023	11.010274	0.04546363	-11.454442
1663667495042	11.971591	0.50398827	-12.862319
1663667495052	12.203694	0.23958136	-6.0975103
1663667495064	10.973186	-1.1670992	-0.9514461
1663667495096	9.015857	-2.5004997	-0.26081768
1663667495112	7.980662	-3.1337004	-2.2097716
1663667495122	7.635796	-3.6352959	-4.2385864
1663667495131	7.806883	-3.6113675	-5.7433724
1663667495143	8.242676	-3.3457642	-6.3801622
1663667495194	8.806484	-2.8573294	-5.9994044
1663667495207	9.3200445	-1.7811574	-4.5714874
1663667495216	9.12144	-0.64875406	-2.82383
1663667495229	8.708379	-0.096909314	-1.6722839
1663667495328	8.328817	-0.32183465	-1.9187447
1663667495346	8.066803	-0.91226363	-2.864508
1663667495357	7.8236327	-1.3669	-3.3469608
1663667495369	7.6513495	-1.474876	-3.298805
1663667495380	7.7793655	-1.1802598	-3.2904303
1663667495386	8.026125	-0.8545368	-3.1947174
1663667495444	8.13141	-0.55782676	-2.984149
1663667495456	8.062017	-0.38554356	-2.9099715
1663667495465	8.239086	-0.32063824	-2.935096
1663667495476	8.695218	-0.36759737	-2.8525436
1663667495483	9.053245	-0.6367899	-2.6045876
1663667495491	9.180064	-1.1192428	-2.489732
1663667495501	8.990732	-1.5526428	-2.7711878
1663667495507	8.930911	-1.6339988	-3.144468
1663667495515	9.18485	-1.3022938	-2.9769704
1663667495521	9.594321	-0.9182457	-2.3377876
1663667495527	10.032208	-0.7492526	-1.9055841
1663667495714	10.540982	-0.8461619	-2.030011
1663667495725	11.079666	-1.3812568	-2.1508484
1663667495734	12.0685005	-2.5028925	-2.0730817
1663667495747	12.416955	-3.5790644	-3.1456645
1663667495758	10.924132	-4.171587	-4.634897
1663667495770	10.082458	-3.1507492	-4.4889355
1663667495782	9.1669035	-1.076172	-3.179164
1663667495793	8.707183	-0.10289137	-2.6620152
1663667495805	8.081161	-0.22253251	-3.5048869
1663667495818	7.3869424	-0.52193445	-4.918447
1663667495844	7.301698	-0.75284183	-5.404489
1663667495858	7.960323	-1.1647065	-4.9363933
1663667495871	9.030213	-1.59691	-4.4132624
1663667495881	9.807282	-1.7368901	-3.868895
1663667495892	9.983155	-1.4350954	-3.6089747
1663667495905	9.590433	-1.0283155	-3.6257246
1663667495920	8.952447	-0.7193423	-3.8183467
1663667495933	8.411369	-0.6343971	-4.1021953
1663667495944	8.044071	-0.7827521	-4.1727834
1663667495955	7.7829547	-0.93260264	-4.039982
1663667495969	7.7159557	-0.8856435	-3.8470607
1663667495983	7.847561	-0.6798607	-3.9035912
1663667496093	8.085946	-0.2727818	-4.039982
1663667496105	8.368299	-0.02871387	-3.5216367
1663667496120	8.8543415	-0.086141616	-2.8657043
1663667496131	9.202796	-0.42981076	-2.5794628
1663667496140	9.200403	-0.9182457	-2.5148566
1663667496149	9.203992	-1.1563315	-2.376073
1663667496161	9.467203	-1.0378869	-2.5136602
1663667496173	9.824033	-0.7109674	-2.544767
1663667496188	9.938888	-0.5135596	-2.3844478
1663667496203	9.636196	-0.47886363	-2.4789643
1663667496218	9.127422	-0.47527438	-2.9123642
1663667496231	8.95125	-0.29192436	-3.313461
1663667496240	9.824033	0.11246266	-4.384548
1663667496306	11.754742	0.8069794	-8.286943
1663667496315	12.312568	1.1790633	-10.915758
1663667496326	11.880664	0.69900334	-7.376175
1663667496336	10.670195	-0.60687965	-2.8932216
1663667496348	9.103494	-1.867299	-0.83778703
1663667496360	7.9950185	-2.2121646	-1.6794624
1663667496449	7.770991	-2.3784657	-3.6867416
1663667496463	8.006983	-2.6850462	-5.768497
1663667496472	8.45803	-2.8082764	-6.4363937
1663667496480	8.970393	-2.8657043	-5.1341
1663667496492	9.120243	-2.591726	-3.3672996
1663667496502	8.745467	-1.8553349	-2.5375884
1663667496513	8.313264	-1.2281163	-2.746063
1663667496529	7.9890366	-1.1383854	-3.382853
1663667496543	7.8128653	-1.4434702	-4.0830526
1663667496555	7.7925262	-1.6842481	-4.1021953
1663667496564	7.8702927	-1.6758732	-3.482155
1663667496662	8.028518	-1.5634105	-2.8597221
1663667496673	8.12782	-1.326222	-2.8118658
1663667496680	8.120642	-1.0331012	-2.8920252
1663667496687	8.119446	-0.76719874	-2.8429725
1663667496694	8.27139	-0.5315057	-2.609373
1663667496697	8.549256	-0.3999005	-2.477768
1663667496702	8.83161	-0.41665024	-2.5758736
1663667496712	9.177671	-0.49441698	-2.7735806
1663667496717	9.475577	-0.62841505	-2.7182465
1663667496723	9.642178	-0.7899306	-2.4646072
1663667496836	9.791729	-1.0127622	-2.2839491
1663667496845	10.019048	-1.1300105	-2.1340988
1663667496853	10.272985	-0.9828519	-1.7201403
1663667496862	10.263414	-0.6858428	-1.2628121
1663667496868	10.196416	-0.44895336	-1.3477573
1663667496874	10.330414	-0.48125646	-1.7644076
1663667496910	10.893026	-1.0857433	-2.0778673
1663667496917	11.782259	-2.1894326	-3.0894332
1663667496924	11.7667055	-3.3900316	-4.426722
1663667496931	10.655837	-4.0770707	-4.8323054
1663667496946	9.103494	-3.6221352	-4.171587
1663667496955	8.437691	-2.4155545	-2.3198416
1663667497060	8.017751	-1.2711871	-1.6447664
1663667497069	7.6740813	-0.4884349	-3.2820554
1663667497076	8.19123	0.0047856453	-5.8043895
1663667497087	8.957232	0.14117654	-7.058827
1663667497098	9.469596	0.0047856453	-6.15763
1663667497110	9.754641	-0.34606197	-4.255336
1663667497119	9.69482	-0.7959126	-2.7532415
1663667497125	9.27817	-1.2400804	-2.3557339
1663667497133	8.496614	-1.4700904	-3.1695926
1663667497192	8.035697	-1.372882	-3.7429729
1663667497205	7.7685976	-1.096511	-3.9275193
1663667497214	7.469495	-0.8210373	-4.12732
1663667497222	7.4072814	-0.44057846	-4.269693
1663667497229	7.591529	-0.20817557	-4.234997
1663667497310	8.0345	-0.06819545	-4.0495534
1663667497315	8.720343	-0.13040884	-3.5503507
1663667497320	9.236296	-0.32542387	-3.0080771
1663667497326	9.30808	-0.68225354	-2.6691937
1663667497331	9.270991	-0.9553344	-2.4969103
1663667497429	9.383454	-0.9385847	-2.5782664
1663667497442	9.55813	-0.74566334	-3.0080771
1663667497456	9.571291	-0.38315073	-3.0320053
1663667497467	9.55813	-0.14237295	-2.528017
1663667497479	9.497113	-0.11485548	-2.1687946
1663667497493	9.4229355	-0.19621146	-2.102992
1663667497505	9.462418	-0.36161533	-2.2301106
1663667497517	9.416953	-0.55304116	-2.184647
1663667497530	9.285348	-0.5279165	-2.5208387
1663667497547	9.436096	0.0047856453	-4.36062
1663667497560	9.975977	1.0725827	-8.774181
1663667497589	10.95165	2.2755744	-11.097612
1663667497599	12.013465	1.9800607	-7.5376906
1663667497611	11.983555	0.031106694	-2.400001
1663667497641	10.356734	-2.5761726	0.18335004
1663667497653	8.357532	-3.7935212	-0.8102696
1663667497665	7.455138	-3.9370906	-3.0008986
1663667497696	7.7422767	-3.6364923	-4.706682
1663667497709	8.204391	-3.1830523	-5.9264235
1663667497720	8.911769	-2.43709	-6.815955
1663667497729	9.734302	-1.2795619	-5.4128637
1663667497844	9.999905	-0.101694964	-2.8752756
1663667497853	9.645767	0.33290145	-2.0934207
1663667497862	8.682058	-0.3472584	-2.705086
1663667497875	7.963912	-1.4904294	-3.5754752
1663667497886	7.786544	-2.143969	-3.9610188
1663667497901	7.8499537	-2.184647	-3.7573297
1663667497912	7.9651084	-1.8230318	-3.2413774
1663667497927	8.118249	-1.2221341	-2.778366
1663667497937	8.235497	-0.7181459	-2.6715865
1663667497951	8.369495	-0.33050862	-2.9506495
1663667497963	8.349156	-0.101694964	-3.1695926
1663667497970	8.279764	-0.043070808	-3.1229327
1663667498028	8.350353	-0.09092726	-3.0463624
1663667498040	8.563613	-0.29790643	-2.9446673
1663667498052	8.877073	-0.5626124	-2.862115
1663667498063	9.1872425	-0.7432705	-2.7903304
1663667498116	9.255438	-0.9637093	-2.5351956
1663667498127	9.285348	-1.1659029	-2.495714
1663667498137	9.439685	-1.0570294	-2.5866413
1663667498147	9.986745	-0.7013961	-1.9929222
1663667498159	10.7024975	-0.4657031	-1.5176477
1663667498173	10.963614	-0.8497511	-1.4781662
1663667498208	11.060524	-1.7464614	-1.928316
1663667498220	11.501102	-2.7448666	-2.7424738
1663667498232	11.078469	-3.4163525	-4.4925246
1663667498243	10.375877	-3.539583	-4.705486
1663667498256	9.582058	-2.8776684	-3.6161532
1663667498316	9.1872425	-1.9390837	-2.1604197
1663667498333	8.771789	-1.2795619	-2.2097716
1663667498341	8.295318	-0.6511469	-4.3331027
1663667498348	7.855936	-0.04426722	-6.207879
1663667498356	7.949555	0.28743783	-6.7501526
1663667498363	8.404191	0.10767702	-6.3957157
1663667498396	8.739486	-0.62961143	-5.282455
1663667498402	8.970393	-1.4844474	-4.1703906
1663667498451	8.869894	-2.001297	-3.6424742
1663667498464	8.442476	-1.879263	-3.7453656
1663667498474	8.20798	-1.2891332	-4.135695
1663667498512	8.162517	-0.73848486	-4.078267
1663667498523	8.188837	-0.5267201	-3.9071803
1663667498533	8.377871	-0.40588254	-3.7214375
1663667498551	8.560024	-0.45254257	-3.7633119
1663667498563	8.689237	-0.41904306	-3.9143589
1663667498578	8.7012005	-0.2727818	-3.8123646
1663667498587	8.835198	-0.1794617	-3.4881372
1663667498597	9.049655	-0.4848457	-3.1624143
1663667498697	9.322437	-0.9828519	-2.7302105
1663667498715	9.561719	-1.4641083	-2.4478576
1663667498727	9.669696	-1.7081763	-2.5423741
1663667498737	9.637392	-1.623231	-2.766402
1663667498748	9.637392	-1.1120644	-2.6428726
1663667498758	9.662517	-0.5937191	-2.2671995
1663667498773	9.638589	-0.30388847	-2.1747768
1663667498783	9.634999	-0.19740787	-2.3665016
1663667498794	9.846765	-0.17108682	-2.3844478
1663667498804	10.261022	-0.22971097	-2.2025933
1663667498843	10.096814	-0.3711866	-2.3808584
1663667498854	9.986745	0.0526421	-5.2142596
1663667498912	9.705587	0.6308079	-10.00828
1663667498927	9.580862	0.64277196	-10.607083
1663667498936	10.135099	-0.37836507	-5.369793
1663667498948	9.9807625	-1.7620147	-1.4327025
1663667498961	9.0951185	-2.2743778	-1.9737796
1663667498971	8.68804	-1.9426728	-3.6376886
1663667498980	8.25464	-1.4533406	-4.2673
1663667499023	8.260622	-1.049851	-4.1847477
1663667499038	8.526525	-0.9601201	-4.493721
1663667499051	8.487042	-1.4051851	-4.3378882
1663667499114	8.5576315	-1.9570298	-3.78724
1663667499130	8.593523	-2.3856442	-3.4199417
1663667499140	8.216354	-2.7795627	-3.240181
1663667499149	7.9483585	-2.9985058	-3.0140593
1663667499160	8.125427	-2.949453	-3.0200412
1663667499170	8.59113	-2.4107687	-2.876472
1663667499180	9.037691	-1.6710875	-2.524428
1663667499191	9.347562	-1.0366904	-2.0276182
1663667499202	9.396614	-0.5075775	-2.0347965
1663667499316	9.266206	-0.18065812	-2.1870399
1663667499329	9.081959	-0.014356935	-2.3653052
1663667499338	8.893823	-0.029910283	-2.672783
1663667499348	8.851949	-0.18424734	-2.8046873
1663667499363	9.041281	-0.33409786	-2.740081
1663667499372	9.097511	-0.5159524	-2.5962126
1663667499385	9.0436735	-0.61405814	-2.5734808
1663667499397	8.946465	-0.6906284	-2.510071
1663667499445	9.0436735	-0.8389834	-2.7759733
1663667499456	9.38465	-0.82941216	-2.8848467
1663667499467	9.728319	-0.5949155	-2.2779672
1663667499477	9.856336	-0.39391842	-1.6854445
1663667499487	9.697213	-0.34127632	-1.5116657
1663667499516	9.37149	-0.45732823	-1.7117655
1663667499530	9.288938	-0.64875406	-1.8170497
1663667499542	9.270991	-0.99601245	-2.204986
1663667499556	9.776176	-1.8038892	-2.4023938
1663667499567	10.353146	-2.7927232	-3.4223347
1663667499575	10.580463	-3.8581274	-4.5595236
1663667499696	11.03181	-4.4614177	-5.378168
1663667499706	10.778171	-3.775575	-4.9722853
1663667499714	10.5385895	-1.4976078	-3.1959138
1663667499719	10.005887	0.4106682	-1.3716856
1663667499728	9.287741	1.0725827	-1.7763717
1663667499735	8.304889	0.82971126	-3.4199417
1663667499746	7.5699935	0.14476576	-4.5116673
1663667499759	7.3435726	-0.9170493	-4.6169515
1663667499772	7.873882	-1.7991035	-4.4949174
1663667499786	8.728718	-2.1224337	-4.51406
1663667499837	9.377472	-1.6758732	-4.3725843
1663667499851	9.556933	-0.68345	-4.1955156
1663667499864	9.605089	0.1052842	-4.3151565
1663667499876	9.387043	0.43100718	-4.625326
1663667499888	8.837591	0.2515455	-4.709075
1663667499900	8.261818	-0.1160519	-4.5391846
1663667499916	7.8631144	-0.56380886	-4.3905306
1663667499930	7.7219377	-0.90388876	-4.229015
1663667499946	7.798508	-0.98644114	-3.944269
1663667499960	8.204391	-0.8712866	-3.5503507
1663667500061	8.674879	-0.82701933	-3.1552358
1663667500072	9.060423	-0.9457632	-2.8860433
1663667500084	9.395418	-1.1754742	-2.768795
1663667500096	10.083653	-1.1946167	-2.914757
1663667500113	10.253843	-0.8353942	-3.0332017
1663667500126	9.457631	-0.3711866	-3.2641091
1663667500137	8.682058	-0.14356937	-3.3804603
1663667500150	8.504989	-0.18185452	-3.2641091
1663667500162	8.775378	-0.41665024	-3.1719856
1663667500174	9.257831	-0.84137625	-3.0762727
1663667500244	9.84796	-1.2747762	-2.754438
1663667500257	10.335199	-1.4904294	-2.1592233
1663667500268	10.184451	-1.5143577	-1.7356937
1663667500280	9.893424	-1.0797613	-2.6309085
1663667500290	9.3308115	-0.10887343	-5.721837
1663667500315	8.65454	0.73489565	-8.210373
1663667500327	8.205587	0.4848457	-7.644171
1663667500342	8.181659	-0.9840483	-5.555536
1663667500352	9.085547	-2.6144578	-4.4132624
1663667500363	9.531809	-3.795914	-4.4446683
1663667500375	9.480363	-3.7384863	-4.7246284
1663667500388	9.251849	-2.6946175	-4.587041
1663667500448	8.622237	-1.5693926	-4.871787
1663667500463	7.806883	-0.994816	-5.1257253
1663667500473	7.463513	-1.0163515	-4.8263235
1663667500487	7.797312	-1.4243277	-4.2948174
1663667500513	8.788539	-1.704587	-4.068696
1663667500525	9.605089	-1.730908	-3.6699917
1663667500542	9.802497	-1.6363916	-3.336193
1663667500561	9.280562	-1.5335002	-3.313461
1663667500571	8.714361	-1.5981064	-3.5814574
1663667500584	8.359924	-1.7524434	-3.7680974
1663667500628	8.099107	-1.9426728	-4.151248
1663667500643	8.006983	-1.8972093	-4.236193
1663667500655	8.093124	-1.5358931	-3.9000018
1663667500716	8.556435	-1.1240284	-3.6652062
1663667500726	9.312865	-0.8955139	-3.4307094
1663667500736	9.879067	-0.88683987	-2.9578278
1663667500749	9.893424	-0.91585284	-2.8752756
1663667500764	9.522238	-0.8389834	-3.1229327
1663667500778	9.120243	-0.7683952	-3.4630125
1663667500791	8.673683	-0.81984085	-3.610171
1663667500850	8.400602	-0.80189466	-3.5958142
1663667500858	8.455637	-0.6008976	-3.6400814
1663667500870	8.617452	-0.45852464	-3.5359936
1663667500882	8.800503	-0.49202415	-3.417549
1663667500890	8.940483	-0.59730834	-3.3469608
1663667500899	9.152547	-0.7408777	-3.1755748
1663667500913	9.203992	-0.8437691	-2.8381867
1663667500925	9.072387	-0.9290134	-2.9255247
1663667500970	9.024232	-1.102493	-3.286841
1663667500984	9.072387	-1.1264212	-3.100201
1663667501056	9.0951185	-0.9290134	-2.353341
1663667501071	8.9775715	-0.7253244	-2.201397
1663667501081	8.944072	-0.65952176	-2.516053
1663667501091	9.099904	-0.8150552	-2.8058836
1663667501115	9.366704	-1.1192428	-2.7158537
1663667501129	9.730712	-1.4171492	-2.300699
1663667501137	10.231112	-1.806282	-2.2121646
1663667501150	10.84158	-2.6443682	-3.0583265
1663667501161	10.987542	-3.4283166	-4.3331027
1663667501171	10.462019	-3.5132618	-4.1165524
1663667501179	10.099207	-2.516053	-2.847758
1663667501267	10.251451	-0.81625164	-2.6715865
1663667501280	9.57488	0.453739	-3.728616
1663667501295	8.093124	0.51236314	-4.7018967
1663667501306	6.8889365	0.021535404	-5.465506
1663667501315	6.044868	-0.453739	-6.1648083
1663667501328	5.8654065	-0.39631125	-6.8374906
1663667501341	6.4471617	-0.032303106	-7.135397
1663667501350	7.9013996	0.11365908	-6.3825555
1663667501375	9.5760765	0.2635096	-4.82752
1663667501389	10.444073	0.25633112	-3.4630125
1663667501401	9.934102	-0.20578274	-3.3696926
1663667501448	8.957232	-0.4657031	-4.1380877
1663667501459	8.236693	-0.61764735	-5.009673
1663667501467	7.8296146	-0.6678966	-5.3817573
1663667501477	7.932805	-0.4776672	-5.162814
1663667501513	8.389834	-0.4621139	-4.5559344
1663667501526	8.822038	-0.6906284	-4.269693
1663667501547	9.219545	-1.0187442	-4.100999
1663667501563	9.553345	-1.2412767	-3.7537405
1663667501572	9.542577	-1.4362918	-3.3637104
1663667501581	9.274581	-1.724926	-3.2545378
1663667501628	8.737093	-1.8912272	-3.4857445
1663667501642	8.312068	-1.8696918	-4.0627136
1663667501653	8.03809	-1.6292131	-4.7246284
1663667501689	8.005786	-1.2161521	-5.211867
1663667501701	8.209176	-0.90508515	-5.1604214
1663667501710	8.4400835	-0.95772725	-4.942375
1663667501721	8.571988	-1.2640085	-4.8083773
1663667501735	8.5983095	-1.4315062	-4.907679
1663667501763	8.597113	-1.2640085	-4.895715
1663667501771	8.490632	-0.88683987	-4.820341
1663667501849	8.205587	-0.5243273	-5.265705
1663667501853	7.966305	-0.41665024	-6.061618
1663667501856	7.9220376	-0.4860421	-6.4208403
1663667501860	8.054839	-0.62123656	-5.9898334
1663667501874	8.5014	-0.61046886	-5.302794
1663667501882	9.381062	-0.70259255	-4.5726843
1663667501914	10.237094	-1.1347961	-3.9335012
1663667501928	10.666605	-1.724926	-3.1277182
1663667501970	10.493126	-2.036292	-2.6285157
1663667501982	9.932906	-1.8828523	-2.7735806
1663667501992	9.538987	-1.0677971	-3.3768709
1663667502024	9.367901	0.025124637	-3.9550366
1663667502038	9.225528	0.7001997	-4.3965125
1663667502048	9.007482	0.8488538	-4.9399824
1663667502114	8.88784	0.35204405	-5.8893347
1663667502127	9.153743	-0.80189466	-6.4471617
1663667502138	8.962018	-2.1475582	-6.0376897
1663667502149	8.298907	-2.949453	-5.620142
1663667502158	7.882257	-2.80708	-4.8215375
1663667502176	8.099107	-1.8888344	-4.0734816
1663667502185	7.9567337	-1.1359925	-3.8267217
1663667502245	7.5472617	-0.8665009	-4.2541394
1663667502260	7.103094	-1.2149557	-4.782056
1663667502274	6.5955167	-2.0207388	-4.7772703
1663667502285	6.521339	-2.780759	-4.7832522
1663667502298	6.897311	-3.3062828	-4.871787
1663667502318	7.487441	-3.6233318	-4.7605205
1663667502335	8.325228	-3.5886357	-4.6037908
1663667502349	9.021839	-3.3493536	-4.1751766
1663667502362	8.862716	-2.8082764	-3.766901
1663667502373	8.5014	-2.1667008	-3.5886357
1663667502388	8.482257	-1.7895322	-3.3649068
1663667502451	8.679665	-1.7057835	-3.185146
1663667502467	9.085547	-2.1702902	-3.6831522
1663667502476	9.739087	-2.6611178	-4.6408796
1663667502487	10.214361	-2.5435705	-4.6061835
1663667502512	10.368699	-1.7895322	-3.411567
1663667502521	10.119546	-0.8102696	-2.4418755
1663667502532	9.876675	-0.15672988	-2.6823542
1663667502540	9.642178	-0.08853444	-3.431906
1663667502578	9.372686	-0.40707895	-3.708277
1663667502598	9.141779	-0.86889374	-4.2649074
1663667502625	8.982357	-1.1180464	-4.6564326
1663667502636	9.032906	-1.0163515	-4.60738
1663667502652	9.12144	-0.68345	-4.5092745
1663667502715	8.945269	-0.4429713	-4.587041
1663667502729	8.799306	-0.25244278	-4.727021
1663667502738	8.991928	-0.02751746	-4.651647
1663667502748	9.282955	0.17706887	-4.011268
1663667502760	9.4839525	0.15433706	-3.315854
1663667502784	9.579665	-0.069391854	-3.004488
1663667502801	9.404989	-0.38434714	-3.1169505
1663667502812	9.064013	-0.6511469	-3.3110683
1663667502819	8.735896	-0.8676973	-3.4019957
1663667502851	8.404191	-1.1156535	-3.6568313
1663667502863	8.11466	-1.2939188	-4.159623
1663667502877	7.859525	-1.3621143	-4.664808
1663667502887	7.990233	-1.1814562	-4.723432
1663667502912	8.661719	-0.6655038	-4.7138605
1663667502926	9.61825	-0.13998012	-4.240979
1663667502990	10.13151	-0.034695927	-3.2856445
1663667503004	9.69482	-0.52911294	-2.7314072
1663667503014	9.027821	-1.1120644	-3.1516466
1663667503045	8.732307	-1.5119648	-3.7226338
1663667503057	8.82802	-1.7153547	-3.7908292
1663667503068	8.930911	-1.7548363	-3.7633119
1663667503113	8.806484	-1.5813566	-3.8135612
1663667503128	8.670094	-1.1252248	-3.8614175
1663667503141	8.692825	-0.65353966	-3.705884
1663667503153	8.807681	-0.40827537	-3.610171
1663667503163	9.079565	-0.4645067	-3.502494
1663667503179	9.056833	-0.7600203	-3.667599
1663667503192	8.805288	-0.95653087	-3.8940198
1663667503203	8.690433	-0.81625164	-4.0064826
1663667503251	8.758628	-0.6547361	-4.0423746
1663667503260	8.909376	-0.6966105	-4.118945
1663667503273	9.156136	-0.8533404	-4.060321
1663667503315	9.366704	-1.0917253	-3.7920256
1663667503328	9.305687	-1.2029916	-3.531208
1663667503338	9.003893	-0.99601245	-3.6149569
1663667503347	8.787342	-0.6367899	-4.06391
1663667503378	8.777771	-0.47168517	-4.255336
1663667503394	8.855537	-0.50398827	-4.130909
1663667503404	8.929715	-0.6523433	-3.8868413
1663667503464	9.024232	-0.8102696	-3.673581
1663667503473	9.1681	-0.85214394	-3.6412778
1663667503486	9.24467	-0.8365906	-3.7357943
1663667503499	9.226724	-0.7791629	-3.8530426
1663667503510	9.128618	-0.76719874	-3.8832521
1663667503521	8.866305	-0.88205427	-3.8629131
1663667503531	8.630612	-1.0462617	-3.8844485
1663667503587	8.635398	-1.076172	-3.9622152
1663667503606	8.939286	-0.8844471	-3.9311085
1663667503620	9.29133	-0.49322057	-3.9155552
1663667503636	9.372686	-0.07058827	-3.856632
1663667503649	9.12503	0.23599213	-3.9275193
1663667503661	8.7012005	0.30059835	-4.408477
1663667503699	8.49781	0.25633112	-4.822734
1663667503712	8.617452	0.17347965	-4.4949174
1663667503722	9.077172	-0.05503492	-3.5336008
1663667503731	9.643374	-0.55304116	-2.76042
1663667503742	9.938888	-1.1312069	-2.5806592
1663667503786	9.862318	-1.5442679	-2.8310082
1663667503803	9.4839525	-1.7237296	-3.2629128
1663667503813	8.990732	-1.5861423	-3.5479577
1663667503836	8.6090765	-1.1216356	-3.7704902
1663667503852	8.551649	-0.45134616	-3.7441692
1663667503863	8.700004	-0.031106694	-3.5252259
1663667503881	9.056833	0.016749758	-3.2617164
1663667503892	9.383454	-0.20817557	-2.8920252
1663667503913	9.476774	-0.65353966	-2.7592237
1663667503925	9.329616	-1.061815	-3.1085758
1663667503991	8.9979105	-1.1575279	-3.9813578
1663667504007	8.710772	-0.8341978	-5.198706
1663667504019	8.5887375	-0.18544376	-6.3011994
1663667504033	8.496614	0.46091747	-6.370591
1663667504055	8.437691	0.9637093	-4.9722853
1663667504069	8.805288	1.0689936	-3.0846474
1663667504112	9.18485	0.5374878	-2.225325
1663667504126	9.339187	-0.39870408	-2.3461626
1663667504138	8.948857	-1.0893325	-3.7824545
1663667504149	8.420941	-1.3429717	-5.5169516
1663667504158	9.54138	-1.378864	-2.2815564
