Timestamp 	 X 	 Y 	 Z 
1663683874049	9.488738	-1.8649062	-1.2460624
1663683874061	11.176576	-1.4075779	5.3389854
1663683874067	10.809278	-0.48006004	3.6714873
1663683874072	10.542178	0.95413804	0.9876375
1663683874145	9.040084	-0.19262223	-3.0200412
1663683874151	8.848359	-0.81984085	-2.268396
1663683874155	9.537791	-0.79710907	0.39870408
1663683874160	10.076475	-0.6164509	1.2320045
1663683874164	10.136296	-0.53270215	0.8955139
1663683874167	9.94128	-0.53988063	0.44177487
1663683874196	9.802497	-0.49441698	0.22881366
1663683874200	9.776176	-0.44656053	0.28145576
1663683874208	9.840782	-0.44177487	0.34366915
1663683874212	9.880263	-0.5554339	0.2970091
1663683874354	9.832407	-0.6559325	0.15224335
1663683874361	9.716355	-0.70259255	0.0
1663683874368	9.670892	-0.663111	-0.046660043
1663683874379	9.700802	-0.64037913	0.07806584
1663683874391	9.778569	-0.6619146	0.22522444
1663683874402	9.858728	-0.70977104	0.3699902
1663683874411	9.796515	-0.817448	0.34127632
1663683874420	9.723534	-0.8222337	0.2228316
1663683874428	9.705587	-0.81864446	0.092422776
1663683874436	9.675677	-0.7827521	-0.034695927
1663683874443	9.685248	-0.73489565	0.011964113
1663683874453	9.763016	-0.6750751	0.13429718
1663683874559	9.863514	-0.6367899	0.3149553
1663683874567	9.863514	-0.63559353	0.4142574
1663683874576	9.809675	-0.6786643	0.45254257
1663683874586	9.784551	-0.75643104	0.44656053
1663683874594	9.743873	-0.76719874	0.37597227
1663683874603	9.730712	-0.7540382	0.29461628
1663683874612	9.784551	-0.70618176	0.31016964
1663683874622	9.841979	-0.6774679	0.37597227
1663683874676	9.784551	-0.69541407	0.37597227
1663683874690	9.730712	-0.72412795	0.3173481
1663683874698	9.690035	-0.7085746	0.23958136
1663683874707	9.723534	-0.6643074	0.22881366
1663683874755	9.795319	-0.67148584	0.29102704
1663683874765	9.82164	-0.69541407	0.36041892
1663683874773	9.801301	-0.6786643	0.35682967
1663683874794	9.800104	-0.68105716	0.38434714
1663683874805	9.780962	-0.71336025	0.392722
1663683874814	9.717552	-0.74446696	0.38315073
1663683874822	9.722338	-0.7576275	0.35204405
1663683874835	9.751051	-0.73369926	0.31016964
1663683874847	9.794122	-0.65353966	0.3364907
1663683874927	9.813265	-0.6044868	0.35682967
1663683874945	9.782158	-0.602094	0.3699902
1663683874955	9.789336	-0.64875406	0.3915256
1663683874963	9.797711	-0.6966105	0.43100718
1663683874974	9.747462	-0.71216387	0.42622152
1663683874986	9.718748	-0.6786643	0.3819543
1663683874997	9.709177	-0.6583253	0.3472584
1663683875006	9.767801	-0.6619146	0.34366915
1663683875015	9.833604	-0.67387867	0.34606197
1663683875177	9.873085	-0.6475576	0.32333016
1663683875190	9.822836	-0.69541407	0.37597227
1663683875204	9.716355	-0.7049854	0.38673997
1663683875216	9.658928	-0.6750751	0.33409786
1663683875227	9.696016	-0.6260222	0.26111677
1663683875239	9.789336	-0.6236294	0.24077778
1663683875251	9.840782	-0.6774679	0.2431706
1663683875265	9.833604	-0.69541407	0.29820552
1663683875277	9.770194	-0.7648059	0.3592225
1663683875288	9.68166	-0.8330014	0.34366915
1663683875356	9.709177	-0.8437691	0.3149553
1663683875369	9.779765	-0.78035927	0.36400816
1663683875381	9.8348	-0.663111	0.39631125
1663683875394	9.858728	-0.5769694	0.3699902
1663683875412	9.8348	-0.5590232	0.33290145
1663683875425	9.766604	-0.5949155	0.24556342
1663683875435	9.75823	-0.73848486	0.21326032
1663683875445	9.752248	-0.8341978	0.24436702
1663683875452	9.74148	-0.8569296	0.26829523
1663683875465	9.737891	-0.77677006	0.3185445
1663683875474	9.789336	-0.6858428	0.28025934
1663683875479	9.820443	-0.63798636	0.26470602
1663683875532	9.80489	-0.6415756	0.23479572
1663683875540	9.74148	-0.69541407	0.24675983
1663683875547	9.71157	-0.74446696	0.22522444
1663683875556	9.723534	-0.7217351	0.2324029
1663683875564	9.743873	-0.73130643	0.2730809
1663683875573	9.763016	-0.7109674	0.2527419
1663683875584	9.806087	-0.64995044	0.18693927
1663683875595	9.748658	-0.6451648	0.20847467
1663683875677	9.736694	-0.68345	0.20727827
1663683875688	9.764212	-0.68345	0.20368902
1663683875695	9.759426	-0.6678966	0.2000998
1663683875707	9.751051	-0.6451648	0.21684955
1663683875718	9.764212	-0.6559325	0.21565314
1663683875744	9.778569	-0.64636123	0.23838496
1663683875754	9.800104	-0.669093	0.2527419
1663683875765	9.814461	-0.69182485	0.25752753
1663683875774	9.813265	-0.6858428	0.285045
1663683875785	9.754641	-0.62961143	0.2623132
1663683875794	9.760623	-0.5937191	0.3173481
1663683875835	9.763016	-0.5518447	0.29940194
1663683875847	9.802497	-0.62123656	0.285045
1663683875927	9.838389	-0.6726823	0.3687938
1663683875943	9.831211	-0.689432	0.37238303
1663683875954	9.816854	-0.65712893	0.3400799
1663683875963	9.777372	-0.6308079	0.22881366
1663683875974	9.749855	-0.6044868	0.16181463
1663683875987	9.777372	-0.6128617	0.20488544
1663683875994	9.778569	-0.669093	0.25752753
1663683876004	9.7654085	-0.70259255	0.32452658
1663683876015	9.754641	-0.70259255	0.35084763
1663683876151	9.754641	-0.6966105	0.36640096
1663683876167	9.80489	-0.6643074	0.3580261
1663683876179	9.780962	-0.6523433	0.26590243
1663683876193	9.718748	-0.6858428	0.19531415
1663683876205	9.698409	-0.70259255	0.1582254
1663683876215	9.733106	-0.6978069	0.17856438
1663683876226	9.759426	-0.6667002	0.20967108
1663683876237	9.748658	-0.6439684	0.24077778
1663683876248	9.777372	-0.64995044	0.23479572
1663683876260	9.798908	-0.70378894	0.29820552
1663683876341	9.780962	-0.7001997	0.34127632
1663683876356	9.748658	-0.70618176	0.34606197
1663683876369	9.725926	-0.71336025	0.32213375
1663683876382	9.729516	-0.669093	0.28265217
1663683876395	9.761819	-0.62961143	0.2742773
1663683876407	9.770194	-0.63559353	0.25633112
1663683876417	9.795319	-0.6655038	0.30059835
1663683876428	9.819247	-0.69302124	0.35204405
1663683876440	9.794122	-0.70378894	0.36520454
1663683876451	9.773783	-0.7372885	0.36640096
1663683876464	9.754641	-0.7588239	0.3400799
1663683876475	9.759426	-0.73848486	0.3077768
1663683876590	9.752248	-0.71336025	0.30299118
1663683876600	9.808479	-0.68823564	0.28983065
1663683876610	9.806087	-0.6786643	0.29341987
1663683876621	9.770194	-0.6762715	0.3173481
1663683876631	9.752248	-0.68464637	0.29940194
1663683876641	9.779765	-0.7516454	0.30299118
1663683876651	9.782158	-0.77796644	0.31974092
1663683876662	9.75823	-0.76600236	0.3077768
1663683876679	9.74148	-0.78035927	0.2635096
1663683876689	9.723534	-0.76241314	0.2324029
1663683876698	9.733106	-0.73489565	0.25633112
1663683876708	9.773783	-0.68464637	0.285045
1663683876715	9.816854	-0.68464637	0.2730809
1663683876756	9.82164	-0.6978069	0.28384858
1663683876765	9.77498	-0.70618176	0.29820552
1663683876776	9.719945	-0.76241314	0.2730809
1663683876785	9.7247305	-0.7432705	0.2635096
1663683876795	9.730712	-0.7181459	0.285045
1663683876802	9.760623	-0.6786643	0.2958127
1663683876835	9.783355	-0.65712893	0.28145576
1663683876848	9.782158	-0.69182485	0.27188447
1663683876928	9.772587	-0.71694946	0.2730809
1663683876942	9.782158	-0.70378894	0.28743783
1663683876953	9.755837	-0.69900334	0.325723
1663683876961	9.75823	-0.7013961	0.36041892
1663683876970	9.797711	-0.70977104	0.36400816
1663683876985	9.792926	-0.74446696	0.35204405
1663683876997	9.766604	-0.72053874	0.32213375
1663683877008	9.780962	-0.70618176	0.28743783
1663683877016	9.786943	-0.67387867	0.30538398
1663683877150	9.773783	-0.67148584	0.3269194
1663683877167	9.797711	-0.68105716	0.31375888
1663683877180	9.778569	-0.7085746	0.31256247
1663683877196	9.725926	-0.7001997	0.26829523
1663683877207	9.753445	-0.68105716	0.2754737
1663683877216	9.763016	-0.67387867	0.28145576
1663683877223	9.786943	-0.663111	0.2862414
1663683877231	9.783355	-0.6523433	0.28025934
1663683877242	9.7654085	-0.68345	0.24795625
1663683877357	9.764212	-0.6415756	0.23718855
1663683877366	9.752248	-0.60807604	0.2754737
1663683877374	9.768997	-0.6116653	0.28265217
1663683877381	9.803694	-0.6475576	0.2431706
1663683877395	9.786943	-0.64875406	0.22642085
1663683877404	9.786943	-0.663111	0.26590243
1663683877413	9.75823	-0.68105716	0.3149553
1663683877420	9.733106	-0.71216387	0.285045
1663683877432	9.727123	-0.68345	0.27667013
1663683877443	9.760623	-0.64995044	0.2635096
1663683877452	9.782158	-0.6451648	0.20727827
1663683877459	9.772587	-0.6367899	0.18574286
1663683877581	9.776176	-0.6547361	0.20608185
1663683877591	9.77498	-0.7013961	0.24197419
1663683877601	9.782158	-0.7265208	0.30418757
1663683877610	9.764212	-0.7360921	0.3065804
1663683877623	9.747462	-0.73848486	0.29461628
1663683877632	9.727123	-0.76719874	0.28863424
1663683877640	9.706784	-0.76959157	0.25872394
1663683877653	9.759426	-0.7001997	0.19651055
1663683877665	9.786943	-0.67028946	0.19890338
1663683877676	9.822836	-0.68105716	0.27667013
1663683877688	9.824033	-0.66071814	0.30538398
1663683877696	9.772587	-0.67148584	0.25992036
1663683877707	9.759426	-0.69900334	0.19411774
1663683877757	9.785748	-0.71694946	0.18813568
1663683877767	9.802497	-0.7372885	0.19770697
1663683877785	9.797711	-0.72771716	0.21565314
1663683877795	9.777372	-0.7468598	0.23599213
1663683877804	9.778569	-0.7372885	0.2742773
1663683877814	9.782158	-0.69900334	0.2730809
1663683877836	9.780962	-0.7253244	0.21924238
1663683877846	9.790533	-0.75284183	0.20847467
1663683877930	9.782158	-0.76959157	0.2324029
1663683877947	9.770194	-0.7289136	0.2000998
1663683877955	9.763016	-0.6942177	0.20847467
1663683877961	9.75823	-0.6511469	0.19411774
1663683877973	9.777372	-0.5937191	0.17377874
1663683877984	9.790533	-0.57457656	0.16301104
1663683877993	9.790533	-0.5925227	0.17377874
1663683878002	9.78814	-0.6260222	0.19890338
1663683878014	9.78814	-0.6308079	0.20249261
1663683878168	9.786943	-0.6439684	0.19770697
1663683878178	9.772587	-0.69182485	0.14745769
1663683878189	9.752248	-0.69541407	0.11874382
1663683878200	9.754641	-0.6619146	0.17377874
1663683878208	9.747462	-0.6547361	0.19531415
1663683878217	9.747462	-0.68823564	0.17138593
1663683878225	9.737891	-0.7085746	0.1689931
1663683878236	9.735498	-0.69182485	0.18215363
1663683878247	9.746265	-0.69182485	0.19651055
1663683878255	9.809675	-0.69302124	0.20967108
1663683878387	9.831211	-0.6667002	0.20727827
1663683878395	9.764212	-0.68464637	0.2108675
1663683878401	9.747462	-0.69182485	0.24795625
1663683878411	9.749855	-0.689432	0.2862414
1663683878422	9.749855	-0.67387867	0.30179477
1663683878432	9.784551	-0.6726823	0.29820552
1663683878441	9.792926	-0.6523433	0.2635096
1663683878453	9.830014	-0.64277196	0.2862414
1663683878464	9.819247	-0.6415756	0.3281158
1663683878474	9.803694	-0.65712893	0.3580261
1663683878484	9.749855	-0.69900334	0.2958127
1663683878495	9.733106	-0.7360921	0.3173481
1663683878607	9.75823	-0.74207413	0.3364907
1663683878616	9.798908	-0.7181459	0.33888352
1663683878623	9.785748	-0.69182485	0.30059835
1663683878633	9.780962	-0.6750751	0.2862414
1663683878642	9.772587	-0.6774679	0.29461628
1663683878651	9.791729	-0.68464637	0.31615168
1663683878661	9.764212	-0.7073782	0.34486556
1663683878672	9.747462	-0.72293156	0.30897322
1663683878683	9.752248	-0.7073782	0.27906293
1663683878693	9.766604	-0.69302124	0.29940194
1663683878705	9.755837	-0.6643074	0.30179477
1663683878714	9.753445	-0.663111	0.29820552
1663683878725	9.768997	-0.6870392	0.30418757
1663683878757	9.782158	-0.69900334	0.29341987
1663683878769	9.778569	-0.6966105	0.29820552
1663683878786	9.772587	-0.6774679	0.29940194
1663683878799	9.747462	-0.67387867	0.25633112
1663683878808	9.784551	-0.64636123	0.25752753
1663683878819	9.772587	-0.65353966	0.29222345
1663683878838	9.777372	-0.67028946	0.32213375
1663683878847	9.792926	-0.68345	0.3281158
1663683878927	9.766604	-0.7073782	0.30538398
1663683878943	9.7450695	-0.73369926	0.29461628
1663683878954	9.734302	-0.7181459	0.29461628
1663683878961	9.7450695	-0.7049854	0.27188447
1663683878973	9.766604	-0.71455663	0.25752753
1663683878990	9.763016	-0.71694946	0.31974092
1663683878997	9.753445	-0.74566334	0.30897322
1663683879006	9.717552	-0.7636095	0.28025934
1663683879014	9.713963	-0.7612167	0.29461628
1663683879148	9.735498	-0.7743772	0.3269194
1663683879155	9.77139	-0.77318084	0.31974092
1663683879161	9.789336	-0.75643104	0.29341987
1663683879168	9.776176	-0.7217351	0.25633112
1663683879173	9.776176	-0.6978069	0.29820552
1663683879178	9.776176	-0.70618176	0.34247273
1663683879182	9.740284	-0.73369926	0.38673997
1663683879187	9.731909	-0.7588239	0.39391842
1663683879189	9.755837	-0.7253244	0.35443684
1663683879192	9.783355	-0.6858428	0.32333016
1663683879373	9.826426	-0.68823564	0.3281158
1663683879384	9.827621	-0.6643074	0.3173481
1663683879394	9.78814	-0.68464637	0.3376871
1663683879403	9.782158	-0.7360921	0.33170503
1663683879414	9.752248	-0.74446696	0.33529428
1663683879422	9.776176	-0.72053874	0.2431706
1663683879433	9.779765	-0.6966105	0.2635096
1663683879442	9.749855	-0.6678966	0.31016964
1663683879455	9.797711	-0.669093	0.25992036
1663683879464	9.772587	-0.7217351	0.2515455
1663683879476	9.784551	-0.73011	0.32213375
1663683879485	9.791729	-0.72293156	0.28983065
1663683879576	9.728319	-0.68345	0.19890338
1663683879593	9.748658	-0.62482584	0.20368902
1663683879606	9.780962	-0.63200426	0.24077778
1663683879616	9.808479	-0.6415756	0.285045
1663683879629	9.764212	-0.689432	0.24675983
1663683879636	9.754641	-0.7073782	0.21206391
1663683879658	9.772587	-0.7013961	0.23718855
1663683879665	9.757033	-0.75284183	0.19172491
1663683879673	9.740284	-0.7959126	0.12233306
1663683879681	9.7043915	-0.85214394	0.0840479
1663683879691	9.718748	-0.7935198	0.18693927
1663683879698	9.734302	-0.7372885	0.19292133
1663683879707	9.7654085	-0.7001997	0.2108675
1663683879746	9.6529455	-0.81266236	0.092422776
1663683879755	9.556933	-1.0247263	-0.13280165
1663683879786	9.626625	-1.2616158	-0.083748795
1663683879798	9.5557375	-1.4470595	-0.27876383
1663683879807	9.406186	-1.4051851	-0.25124636
1663683879816	9.4432745	-1.2053844	-0.2656033
1663683879836	9.700802	-0.9517452	0.0071784677
1663683879846	9.919745	-0.7588239	0.24675983
1663683879929	9.960423	-0.69541407	0.4022933
1663683879950	9.876675	-0.82941216	0.42861435
1663683879962	9.795319	-0.96849495	0.23479572
1663683879973	9.746265	-0.9601201	0.090029955
1663683879984	9.70798	-0.9421739	-0.021535404
1663683879992	9.782158	-0.9194421	-0.025124637
1663683879999	9.728319	-0.98644114	-0.029910283
1663683880005	9.667302	-1.1060823	-0.041874398
1663683880155	9.657731	-1.198206	-0.04426722
1663683880165	9.658928	-1.1587243	0.059820566
1663683880176	9.667302	-1.041476	0.10797612
1663683880186	9.679267	-1.0689936	-0.025124637
1663683880195	9.65175	-1.1515459	-0.124426775
1663683880204	9.61466	-1.317847	-0.05742774
1663683880215	9.627821	-1.3716856	-0.13758731
1663683880227	9.754641	-1.3106686	-0.12562318
1663683880236	9.863514	-1.0773684	0.16779669
1663683880246	10.0417795	-0.831805	0.47886363
1663683880257	10.151849	-0.7755736	0.6586244
1663683880389	10.124331	-1.0342976	0.5949155
1663683880399	10.059726	-1.4291133	0.40468612
1663683880411	10.044172	-1.8254246	0.3293122
1663683880421	10.029816	-2.1260228	0.3484548
1663683880431	9.940084	-2.1750758	0.33290145
1663683880441	9.843175	-1.9211375	0.29820552
1663683880451	9.753445	-1.7464614	0.24675983
1663683880462	9.8348	-1.7727824	0.2754737
1663683880470	10.20479	-1.9857436	0.35682967
1663683880480	10.729117	-1.873281	0.17497516
1663683880488	10.952847	-1.2616158	-0.12921242
1663683880499	10.472787	-0.61046886	-0.096909314
1663683880538	10.00469	-0.29312077	0.2000998
1663683880548	9.538987	-0.22851457	0.3711866
1663683880558	9.3511505	-0.13280165	0.37836507
1663683880567	9.486345	0.11964113	0.24915266
1663683880587	9.61825	0.3269194	0.119940236
1663683880598	9.736694	0.6236294	-0.23330021
1663683880610	10.217951	1.0486546	-0.5937191
1663683880620	10.507483	1.1252248	-0.19501504
1663683880630	10.350753	1.0893325	0.80937225
1663683880676	9.8886385	0.9984053	1.1312069
1663683880687	9.302098	0.9385847	0.37597227
1663683880697	8.820842	0.8560323	-0.43788654
1663683880707	8.677272	0.7926225	-0.4534399
1663683880758	8.922537	0.8021938	0.020338992
1663683880768	9.349955	0.9290134	0.51236314
1663683880786	9.458828	0.89312106	0.622433
1663683880798	9.270991	0.8668	0.76630145
1663683880810	9.128618	0.6942177	0.8703892
1663683880819	9.080762	0.5494519	0.9529416
1663683880843	9.131011	0.5159524	0.8847462
1663683880854	9.110672	0.4848457	0.69571316
1663683880927	9.038888	0.49082774	0.62751776
1663683880941	9.162118	0.77796644	0.846461
1663683880950	9.0747795	0.71455663	1.8903298
1663683880960	9.18126	0.3269194	2.2755744
1663683880970	9.554541	0.02871387	2.449353
1663683880994	9.920941	0.22851457	2.9198418
1663683881005	9.835997	0.7600203	2.4254248
1663683881017	9.29492	1.5598212	1.9357935
1663683881030	8.668898	1.7129619	2.3883362
1663683881176	10.543375	1.4294125	1.5957136
1663683881195	15.288641	2.3030918	0.23479572
1663683881208	12.799807	2.76042	2.0087745
1663683881221	10.342378	2.091327	0.80578303
1663683881233	10.678569	0.86081797	-2.271985
1663683881245	12.106785	2.1918256	-1.3501502
1663683881256	11.52503	1.3202399	-0.8102696
1663683881268	10.03819	-0.4872385	-1.2699906
1663683881282	9.427721	-0.7791629	-1.608575
1663683881296	9.085547	-0.392722	-1.9426728
1663683881373	9.092726	0.23718855	-1.751247
1663683881384	9.297313	0.79501534	-0.76719874
1663683881391	9.77498	1.1383854	0.95772725
1663683881399	10.158131	0.9720842	1.739283
1663683881408	9.675677	0.3376871	1.0043873
1663683881415	8.714361	-0.40827537	0.117547415
1663683881427	8.258229	-0.8389834	-0.29910284
1663683881438	8.289336	-1.16351	-0.29192436
1663683881447	8.435298	-1.338186	-0.0741775
1663683881456	8.495418	-1.1264212	-0.18305093
1663683881465	8.890233	-0.6008976	-0.148355
1663683881475	9.165708	-0.1794617	0.6260222
1663683881535	9.220742	0.24556342	1.279861
1663683881542	9.0182495	0.36759737	1.3983058
1663683881551	8.927322	0.096909314	1.3432708
1663683881559	8.843574	-0.40827537	1.0893325
1663683881586	8.7347	-1.2891332	0.8644072
1663683881596	8.823235	-1.5981064	0.79142606
1663683881607	9.140582	-1.4147564	1.2846466
1663683881617	9.427721	-0.9696914	1.7515461
1663683881626	9.401401	-0.68225354	1.814956
1663683881678	9.91496	-0.54705906	2.3273191
1663683881691	10.275378	-0.6128617	2.9760733
1663683881701	10.42493	-0.622433	2.9114668
1663683881710	10.749456	-1.0390832	1.7285153
1663683881763	13.437793	-2.5112674	-2.2564318
1663683881775	13.544573	-3.1579278	1.2954143
1663683881784	11.553744	-0.8991031	5.276772
1663683881799	11.892628	-0.5051847	2.2444677
1663683881811	11.639886	-3.1073792	-2.7206392
1663683881820	12.228819	-2.9482565	-1.8409779
1663683881832	11.86511	-0.5673981	-0.9239286
1663683881845	10.967203	0.770788	-1.0543375
1663683881928	9.529416	1.0007981	-0.98614204
1663683881947	9.115458	1.0307083	-0.58893347
1663683881957	10.34836	1.0642079	0.34127632
1663683881972	11.49512	0.6415756	1.6842481
1663683881979	10.34477	-0.015553347	1.698605
1663683881987	8.245069	0.032303106	-0.29192436
1663683882000	6.7678	0.5422734	-1.6483557
1663683882011	6.48425	1.3250256	-1.6459628
1663683882026	6.843473	1.6208383	-1.4614165
1663683882176	7.3112698	1.1300105	-0.67387867
1663683882192	7.8344007	0.5877371	0.8895318
1663683882206	8.245069	0.20578274	1.3313067
1663683882220	8.5372925	-0.016749758	2.4050858
1663683882230	8.975179	-0.1794617	2.4601207
1663683882238	8.946465	-0.101694964	1.6411772
1663683882246	8.562417	0.2515455	0.9613165
1663683882253	8.219944	0.4441677	0.32452658
1663683882261	7.9304123	0.47527438	0.80817586
1663683882270	8.39462	0.7827521	1.98365
1663683882375	9.640982	1.1240284	3.283551
1663683882393	10.860723	1.4868401	3.984947
1663683882406	10.240683	1.4353945	3.499204
1663683882420	9.265009	1.3501502	2.390729
1663683882431	12.113964	2.1092732	0.5279165
1663683882446	17.951853	4.26401	0.9170493
1663683882458	13.288241	2.9482565	5.8968124
1663683882470	7.9854474	-0.32303107	-0.31106696
1663683882482	9.438489	-1.2831511	-6.966703
1663683882495	13.288241	2.874079	-2.6979074
1663683882507	12.885948	1.9704895	-0.95383894
1663683882519	10.051351	-0.7396813	-2.2061825
1663683882575	9.883853	-0.80907315	-2.6404798
1663683882587	9.943673	-0.47048876	-2.210968
1663683882599	10.129117	-0.076570325	-2.0587249
1663683882611	10.724332	0.59970117	-0.14117654
1663683882623	10.417751	1.0283155	2.0685952
1663683882635	9.042477	0.4118646	2.65035
1663683882646	7.853543	-0.6786643	1.2272189
1663683882657	7.097112	-1.7416757	-0.06580263
1663683882667	6.387341	-2.3150558	-0.831805
1663683882676	6.059225	-2.268396	-1.4338989
1663683882689	6.643373	-1.1575279	-1.0713863
1663683882701	7.6082788	0.13040884	0.08045866
1663683882713	8.903394	1.1647065	1.8580267
1663683882760	9.693624	1.7584256	3.1686954
1663683882769	9.691231	1.1012967	2.8262227
1663683882783	9.078369	-0.37836507	1.5837495
1663683882795	8.203195	-1.7955143	0.45613182
1663683882805	7.9710903	-2.5351956	0.01794617
1663683882816	8.806484	-2.43709	0.6969096
1663683882838	9.669696	-1.8816559	1.8281165
1663683882850	11.2088785	-0.83060855	4.0271206
1663683882929	12.406187	-0.6678966	5.172684
1663683882946	12.080464	-2.3114667	3.0287154
1663683882956	15.390336	-4.4685965	-3.7190447
1663683882966	17.334206	-2.2169502	-0.1794617
1663683882976	13.891532	1.7847466	7.1273212
1663683882987	12.186945	1.806282	0.6538388
1663683882999	11.126327	-2.626422	-5.59741
1663683883014	9.573684	-2.3641088	-3.687938
1663683883071	8.017751	-0.44057846	-2.5746772
1663683883080	8.825627	0.34486556	-1.9761724
1663683883177	12.152249	1.1623136	-0.39720857
1663683883191	12.483953	0.8895318	1.2236297
1663683883200	10.625927	0.02871387	1.1276177
1663683883209	9.192028	0.5566304	-0.38285163
1663683883220	7.622636	1.454537	-1.0845468
1663683883231	6.7223363	2.0949163	-1.4937196
1663683883243	6.2868423	2.530709	-1.3645071
1663683883252	6.183652	2.2767708	-0.93230355
1663683883262	6.005387	1.1503495	0.06849455
1663683883272	6.593124	0.2527419	0.58654064
1663683883338	7.5735826	-0.3687938	1.334896
1663683883351	8.539685	-0.6152545	2.3715863
1663683883362	8.750254	-0.5673981	2.362015
1663683883370	8.488239	-0.43818563	1.2080764
1663683883395	8.166105	0.05742774	0.40947178
1663683883405	8.603095	0.6619146	1.4641083
1663683883414	10.233504	1.2257234	4.1276193
1663683883423	11.55494	1.9968106	4.6555357
1663683883433	11.027024	1.9127626	3.3792639
1663683883444	10.3136635	1.5861423	1.9393828
1663683883453	12.446865	2.3078775	-0.5697909
1663683883551	16.730915	3.6906297	-0.17347965
1663683883559	12.261123	2.9446673	1.4413766
1663683883567	9.159725	1.5047864	-3.0020952
1663683883575	12.808182	2.4538395	-2.7580273
1663683883584	12.38555	2.725724	-0.36490545
1663683883594	9.824033	-0.5279165	-1.7727824
1663683883603	9.05803	-2.4801607	-3.075076
1663683883612	9.82164	-2.7436702	-3.409174
1663683883664	9.910174	-1.3980067	-2.2468605
1663683883675	10.508678	0.18544376	-0.7935198
1663683883685	10.784153	1.2293127	1.4593227
1663683883696	9.682856	1.0211371	2.2504497
1663683883707	8.388638	-0.086141616	2.0231316
1663683883764	7.891828	-1.049851	1.1802598
1663683883775	7.4324064	-1.6818552	0.29820552
1663683883785	7.0731835	-1.7153547	-0.3182454
1663683883797	6.99781	-1.2927225	-0.76959157
1663683883808	7.280163	-0.6415756	-0.5662017
1663683883816	7.731509	-0.22971097	0.45014977
1663683883834	8.493025	0.015553347	1.2978072
1663683883845	9.040084	0.09332009	2.1774685
1663683883877	9.077172	-0.3290131	1.7994026
1663683883886	8.896215	-0.9098708	0.95772725
1663683883928	8.503793	-1.1922239	0.07088737
1663683883945	8.88784	-1.0139586	0.15463616
1663683883954	9.656535	-0.97806627	1.3133606
1663683883985	10.971989	-0.52193445	2.3189442
1663683883997	11.660225	-0.106480606	3.4956148
1663683884005	11.624332	0.19262223	4.1922255
1663683884058	11.303694	-0.21535404	3.649952
1663683884072	13.93221	-2.7101707	-1.9905293
1663683884192	16.838593	-4.2338004	-3.2856445
1663683884203	13.042977	-2.0542383	4.9582276
1663683884215	8.124231	0.39750767	3.5554354
1663683884227	9.625428	-0.76241314	-5.2872405
1663683884238	10.182058	-2.036292	-5.428417
1663683884245	9.672089	0.3376871	-3.0762727
1663683884252	11.119147	2.691028	0.6622137
1663683884259	13.090834	2.14038	2.4302106
1663683884264	12.263515	0.1052842	1.5382859
1663683884269	9.874282	-0.77318084	-0.2644069
1663683884275	8.27139	-0.5937191	-0.9382856
1663683884340	7.520941	-0.078963146	-1.2903296
1663683884353	7.359425	1.0606186	-1.317847
1663683884360	7.5364943	1.6387844	-1.0136595
1663683884385	7.4419775	1.6268203	-0.29192436
1663683884396	7.348358	1.3983058	0.57936215
1663683884404	7.26102	0.99720883	1.6902301
1663683884412	7.3268228	0.5733801	1.6591234
1663683884422	7.589136	0.050249275	1.2774682
1663683884433	7.7183485	-0.4106682	0.8811569
1663683884474	7.9100733	-0.5063811	1.0797613
1663683884540	8.446066	-0.29790643	1.9286151
1663683884553	9.160921	0.12083755	2.9330025
1663683884564	9.979566	0.54466623	3.2093735
1663683884575	10.44168	0.6236294	3.118446
1663683884585	10.567303	0.3915256	2.768795
1663683884593	10.280165	0.3077768	2.2229323
1663683884601	9.922138	0.6750751	2.9629126
1663683884611	10.578071	1.2113664	3.7181473
1663683884655	15.088541	2.268396	0.046660043
1663683884667	19.284355	3.6655052	0.93619186
1663683884676	11.000703	1.570589	3.5530424
1663683884686	8.422137	0.6726823	-3.1492536
1663683884741	9.932906	0.56859446	-5.508577
1663683884753	11.128719	1.6555341	-2.8609185
1663683884784	10.011869	0.3592225	-2.082653
1663683884795	9.243474	-1.4051851	-1.9965113
1663683884802	10.058529	-0.98883396	-1.5511472
1663683884812	10.434502	0.2105684	-0.4127619
1663683884835	10.112368	1.0211371	0.21924238
1663683884847	9.595518	1.2161521	1.2619148
1663683884863	8.580363	0.57816577	1.5131612
1663683884875	7.815258	-0.57577294	0.75673014
1663683884925	7.817651	-1.3944174	0.52911294
1663683884937	7.7626157	-1.6782659	0.50398827
1663683884948	7.6070824	-1.6124634	0.3472584
1663683884985	7.9746795	-0.6858428	0.11874382
1663683884996	8.069196	0.124426775	0.7304091
1663683885005	8.264212	0.55423754	1.1862419
1663683885014	8.617452	0.7001997	1.7081763
1663683885085	8.958429	0.35563326	2.0949163
1663683885095	9.12503	-0.24765715	2.1690936
1663683885104	8.749057	-0.91465646	1.0319048
1663683885148	8.359924	-0.8234301	-0.9131609
1663683885164	8.82443	-0.25004998	-0.6906284
1663683885174	9.956834	0.061016977	0.887139
1663683885182	10.994721	0.3293122	3.5303106
1663683885194	11.310873	0.09451649	5.0587263
1663683885203	12.037394	-1.1240284	3.0311081
1663683885212	14.205291	-2.579762	-0.7109674
1663683885276	15.043077	-2.5232315	0.8751749
1663683885285	11.86511	-0.13519448	4.019942
1663683885297	11.165808	2.0614166	2.3596222
1663683885306	11.676974	-0.9708878	-4.0770707
1663683885347	10.736296	-2.1068804	-2.2169502
1663683885355	9.077172	-1.2436695	-0.18783657
1663683885385	8.647362	-0.8856435	-0.93349993
1663683885395	11.078469	-0.17347965	-0.033499517
1663683885405	13.597215	0.51475596	2.2552354
1663683885414	12.424133	0.31615168	1.9968106
1663683885421	9.254242	-0.1698904	0.12352947
1663683885428	7.4252276	0.41306102	-1.5930216
1663683885439	6.7785673	1.4796617	-2.2552354
1663683885477	6.4423757	2.0721843	-1.6842481
1663683885554	6.3957157	2.14038	-1.0989038
1663683885564	6.450751	1.6435701	-0.041874398
1663683885574	6.576374	0.90149593	1.1587243
1663683885585	6.8602223	0.2324029	1.6471593
1663683885594	7.392925	-0.12323037	1.82692
1663683885602	7.859525	-0.23449662	1.9920249
1663683885612	7.709974	-0.7325028	1.7177476
1663683885668	8.03809	-0.60807604	2.0901306
1663683885678	9.060423	0.32333016	2.567798
1663683885687	10.44168	1.3046865	2.888735
1663683885698	10.885847	1.6184454	2.4421747
1663683885756	10.3746805	1.3046865	1.1192428
1663683885765	10.318449	1.5287145	1.7153547
1663683885785	11.754742	2.2971098	3.0107691
1663683885796	18.7696	3.6463625	0.19411774
1663683885806	17.407187	2.9075787	2.9688947
1663683885814	10.615159	1.4557334	3.039483
1663683885834	9.631411	-0.40947178	-3.065505
1663683885846	11.283355	0.6116653	-4.508078
1663683885866	10.228719	0.45972106	-3.4007993
1663683885927	9.542577	-1.1742777	-2.1882362
1663683885938	9.513863	-2.6168506	-2.597409
1663683885948	9.77139	-1.873281	-2.2157538
1663683885955	10.317253	-0.3278167	-1.1072787
1663683885983	10.810473	1.1395818	0.1893321
1663683885997	10.160523	1.7572291	2.1296122
1663683886007	8.850752	1.015155	1.9932213
1663683886015	7.747062	-0.39391842	1.5406786
1663683886070	7.196414	-1.7919251	1.1443675
1663683886085	6.9906316	-2.4239295	0.1055833
1663683886094	6.920043	-2.243271	-0.2105684
1663683886101	6.5835524	-1.6004993	-0.26919255
1663683886156	7.1485577	-0.68464637	-0.25124636
1663683886164	8.070393	0.28025934	0.78783685
1663683886176	9.15494	0.8392825	2.3018954
1663683886186	10.007083	0.68464637	3.263212
1663683886195	10.161719	0.0849452	2.6826532
1663683886202	9.928121	-0.16151553	1.1060823
1663683886276	9.687641	-0.06819545	0.8488538
1663683886284	9.433703	0.11246266	0.8321041
1663683886296	9.723534	0.18424734	1.7850457
1663683886307	10.815259	-0.2536392	3.6224344
1663683886317	13.132708	-1.3058829	1.7694924
1663683886329	15.328123	-1.5574285	0.5841478
1663683886386	13.496417	-2.0733807	3.5913277
1663683886404	10.205987	-1.0642079	2.6228328
1663683886413	11.642279	-3.6520455	-2.9626136
1663683886420	11.722438	-4.067499	-3.1013973
1663683886429	10.103992	-0.99720883	0.2108675
1663683886440	9.269794	0.5673981	0.0071784677
1663683886508	11.893824	1.5669997	0.474078
1663683886518	13.521542	0.8356933	2.6048865
1663683886588	12.221641	-0.8138588	2.5809584
1663683886600	9.637392	-1.8254246	0.6586244
1663683886611	7.926823	-1.1204392	-1.4901303
1663683886620	7.166504	0.8668	-2.1065812
1663683886632	6.7666035	2.4972095	-1.8110676
1663683886644	6.4088764	2.8465617	-0.84017986
1663683886653	6.2497535	2.1140587	-0.23090738
1663683886677	6.163313	1.1288141	0.06849455
1663683886687	6.678069	0.5985048	0.5494519
1663683886698	7.203593	0.076570325	1.1288141
1663683886708	7.966305	-0.11365908	1.739283
1663683886743	8.673683	-0.16630118	2.1044874
1663683886755	9.030213	-0.5063811	2.251646
1663683886785	9.792926	-0.4549354	2.376372
1663683886796	10.335199	0.21894327	3.3445678
1663683886802	10.454841	0.8668	3.609274
1663683886813	10.570892	1.0941181	1.855634
1663683886835	11.102398	1.7715861	1.0809577
1663683886845	12.876377	2.996113	2.4182463
1663683886872	14.075779	3.4462628	4.432704
1663683886884	11.419746	1.0797613	2.746063
1663683886928	9.510274	-1.1539388	-2.009672
1663683886940	11.657832	1.6591234	-3.5958142
1663683886948	13.1686	3.388835	-0.93708915
1663683886985	11.228022	1.5442679	-1.2017952
1663683886996	10.166505	-0.10887343	-1.3046865
1663683887004	10.08485	-0.6439684	-1.7177476
1663683887017	9.645767	-0.5949155	-1.5092729
1663683887086	9.716355	-0.13998012	-1.2005987
1663683887095	10.772188	0.40947178	-0.08853444
1663683887102	10.458429	0.5626124	1.4820545
1663683887148	9.3308115	0.18783657	1.9812572
1663683887163	8.264212	-0.50039905	1.5143577
1663683887173	7.5532436	-1.2221341	0.93978107
1663683887180	7.251449	-1.6519449	0.4848457
1663683887189	6.5775704	-1.5442679	0.14267205
1663683887199	6.5703917	-0.89431745	-0.44626144
1663683887209	7.066005	-0.1902294	0.42981076
1663683887316	7.5999036	0.49441698	1.2906287
1663683887328	8.156534	0.75643104	2.0183458
1663683887337	8.586345	0.69182485	2.394318
1663683887348	8.691629	-0.17347965	2.0374885
1663683887358	8.788539	-1.4123635	1.1252248
1663683887368	9.382257	-1.779961	0.35682967
1663683887387	9.306884	-1.6531414	0.535095
1663683887396	9.342776	-0.91346	2.3018954
1663683887405	10.137492	-0.07058827	4.001996
1663683887416	11.596815	-0.086141616	4.8529434
1663683887425	13.270295	-0.8748758	3.6667016
1663683887433	16.134804	-3.091826	-2.1556342
1663683887510	14.793028	-4.1033916	0.7328019
1663683887526	11.914163	-0.27038896	5.790332
1663683887535	12.158231	-0.28115666	-0.62961143
1663683887585	12.080464	-2.4765713	-2.7735806
1663683887594	9.32124	-0.9625129	-1.5367904
1663683887604	8.318049	1.3345969	-2.1556342
1663683887616	10.172487	2.8704898	-1.1850454
1663683887625	12.663416	2.1212373	0.84047896
1663683887635	12.01825	-0.1902294	1.576571
1663683887677	10.154541	-1.4569299	1.3971093
1663683887688	8.500203	-1.5155541	-0.41515473
1663683887699	7.3869424	-0.57816577	-1.6220347
1663683887708	6.940382	1.055833	-1.5858432
1663683887755	6.987042	2.1870399	-0.78394854
1663683887764	6.9738817	2.3928227	-0.24885355
1663683887784	6.509375	1.617249	0.51236314
1663683887797	6.370591	0.7962117	0.6334998
1663683887807	6.9248285	0.24197419	1.1862419
1663683887816	7.6405816	-0.0011964113	1.8783658
1663683887836	8.510971	0.3376871	2.2935205
1663683887848	8.592327	0.16031912	2.2791636
1663683887913	8.71795	-0.2416751	1.4114662
1663683887922	8.616255	-0.453739	1.8723837
1663683887933	9.150154	-0.046660043	3.0837502
1663683887944	10.336395	0.60807604	3.6607196
1663683887956	10.800902	0.9601201	3.399603
1663683887985	11.117951	1.1754742	3.4657044
1663683887997	14.247165	1.9127626	0.7962117
1663683888006	19.143179	4.191029	0.60329044
1663683888016	12.456436	2.862115	6.8724856
1663683888126	10.00469	1.3405789	0.45254257
1663683888135	10.525429	0.14476576	-4.34746
1663683888142	12.35205	2.522334	-2.9985058
1663683888154	10.814063	1.0450653	-1.1228321
1663683888164	9.002696	-0.9182457	-2.3665016
1663683888175	9.127422	-1.0259227	-3.807579
1663683888185	9.731909	-0.3364907	-2.7098715
1663683888195	9.946067	0.37597227	-1.1647065
1663683888204	10.532607	0.9720842	0.49441698
1663683888215	10.537393	1.1694921	1.9573289
1663683888316	9.235099	0.29940194	2.2337
1663683888325	8.119446	-0.7815557	0.7639086
1663683888334	7.6130643	-1.7273189	0.04546363
1663683888346	7.550851	-1.9163518	0.20967108
1663683888358	7.2502527	-1.611267	0.24077778
1663683888367	7.426424	-1.0271192	-0.1052842
1663683888386	8.05125	-0.12323037	0.78783685
1663683888395	8.1840515	0.51116675	1.5167505
1663683888407	8.49781	0.86081797	2.472085
1663683888416	8.605488	0.69900334	2.9030921
1663683888428	8.616255	-0.124426775	2.0338993
1663683888440	8.855537	-1.1096715	1.3564314
1663683888505	8.929715	-1.7775681	-0.02632105
1663683888514	9.579665	-1.2616158	-0.47856453
1663683888530	10.197612	-0.4118646	1.1949158
1663683888587	10.920544	-0.25722843	3.92393
1663683888595	11.100005	-0.8234301	5.1125646
1663683888605	11.116755	-1.0055838	4.1180477
1663683888614	11.539387	-1.5789639	0.9445667
1663683888625	15.257534	-2.5615165	-4.4228334
1663683888677	15.817754	-3.370889	2.213361
1663683888690	12.943376	-1.2376875	6.1097736
1663683888700	10.903793	-0.15194423	-0.8533404
1663683888709	10.484751	-0.45134616	-4.5044885
1663683888719	8.4400835	0.16510476	-3.268895
1663683888730	7.623832	2.0195422	-1.9103698
1663683888743	10.029816	2.740081	0.09361918
1663683888786	12.020643	1.5693926	1.3959129
1663683888798	11.411371	-0.65952176	1.7647067
1663683888806	9.619446	-1.5622141	0.8009974
1663683888814	7.908578	-0.91106725	-1.0642079
1663683888836	7.058827	0.39750767	-1.3740784
1663683888847	7.103094	1.5382859	-1.4015958
1663683888912	7.34118	2.2348964	-0.9622138
1663683888921	7.6142607	2.248057	0.062213387
1663683888932	7.579565	1.4389837	0.7830512
1663683888942	7.7410803	0.74566334	1.4294125
1663683888950	7.873882	0.45852464	1.9501505
1663683888986	7.818847	0.17467605	1.5658033
1663683888997	7.7733836	-0.18305093	1.4569299
1663683889005	8.180463	-0.40588254	1.8987048
1663683889013	8.805288	-0.46809593	2.3177478
1663683889126	9.479167	-0.06699903	2.9162526
1663683889135	10.215558	0.34486556	3.761218
1663683889142	10.550553	0.2862414	3.865306
1663683889152	10.499107	0.6547361	2.591726
1663683889165	9.910174	1.3983058	2.5821548
1663683889174	9.345169	1.6471593	3.5829527
1663683889183	10.228719	1.189831	2.9856443
1663683889191	20.41676	2.7209384	-4.3259244
1663683889203	17.212172	2.5486553	1.556232
1663683889350	9.298509	3.0032916	2.1906292
1663683889359	8.607881	1.3345969	-1.5942181
1663683889369	9.500702	-0.38913277	-4.1775694
1663683889381	10.639088	-0.26679972	-2.5543382
1663683889389	10.075279	-1.082154	-2.2492533
1663683889400	9.673285	-1.4518452	-1.8206389
1663683889411	10.341181	0.0	-1.3106686
1663683889424	10.742278	1.617249	-0.6798607
1663683889434	10.552946	1.9441684	0.41545382
1663683889442	9.794122	1.1910275	1.5729818
1663683889453	8.631808	-0.3278167	1.0438689
1663683889461	7.8403826	-1.6280167	0.68135625
1663683889470	7.8702927	-1.9809581	0.602094
1663683889542	7.678867	-1.724926	0.76989067
1663683889554	7.6369925	-1.0115658	0.637089
1663683889568	7.9100733	-0.1591227	0.31375888
1663683889579	8.126624	0.2970091	0.8955139
1663683889587	8.27139	0.83688974	1.4258232
1663683889597	8.416156	1.015155	1.468894
1663683889607	8.678469	0.9589237	1.2284154
1663683889617	8.770593	0.59730834	1.1563315
1663683889677	8.512167	-0.0035892338	1.1335998
1663683889689	8.59472	-0.54705906	0.9708878
1663683889697	9.273384	-0.70618176	0.8141579
1663683889706	9.749855	-0.32422748	2.1308086
1663683889720	10.61157	0.096909314	3.251248
1663683889730	10.804492	-0.4429713	3.929912
1663683889761	10.715957	-0.84735835	3.2380872
1663683889787	11.893824	-2.3665016	-0.1591227
1663683889798	15.206089	-2.9913275	-5.9706907
1663683889808	14.172988	-0.90508515	3.700201
1663683889816	12.694522	1.84696	7.9689965
1663683889837	10.605588	1.9274186	-1.5176477
1663683889848	9.64816	-0.7827521	-6.619445
1663683889942	8.776574	-1.5646069	-3.409174
1663683889953	10.167702	-0.65712893	-1.1994023
1663683889961	12.467204	-0.38554356	1.8879371
1663683889973	14.152649	-0.4657031	2.7029922
1663683889983	12.219248	-0.74566334	1.5861423
1663683889993	8.679665	-0.5422734	-0.0035892338
1663683890001	6.836294	1.2783655	-1.1455638
1663683890012	6.588338	3.1028929	-1.0857433
1663683890023	6.7343	3.4773695	-0.8258229
1663683890129	6.6649084	2.3916261	-0.38883367
1663683890140	6.600302	0.78753775	-0.33738798
1663683890154	7.194021	-0.09571291	0.52193445
1663683890167	8.465208	-0.1591227	1.6363916
1663683890176	9.505488	0.16749759	2.4337997
1663683890185	8.946465	-0.15553348	1.8484555
1663683890196	8.321639	-0.5171488	0.5662017
1663683890206	8.479864	-0.6128617	0.62123656
1663683890217	8.944072	-0.21415763	1.7874385
1663683890335	10.099207	0.61046886	3.8952162
1663683890345	11.212468	1.6806588	4.2364926
1663683890356	11.193325	1.9800607	3.0239296
1663683890366	10.223933	1.7380866	1.8544376
1663683890376	12.589238	2.4960132	-0.62482584
1663683890382	16.421045	3.8461633	-1.5020944
1663683890390	12.133106	3.539583	3.6846478
1663683890396	9.973584	2.3832514	2.4828527
1663683890403	10.473983	-0.062213387	-1.1156535
1663683890414	10.960025	0.04426722	-1.8218354
1663683890422	10.292129	-1.0031909	-1.0519446
1663683890431	9.406186	-2.7699914	-2.2851455
1663683890442	9.454042	-2.3509483	-3.2018957
1663683890546	9.740284	-0.520738	-2.3784657
1663683890556	10.366306	0.8069794	-1.5523437
1663683890563	11.078469	1.5502499	-0.124426775
1663683890575	10.769795	1.076172	1.3157533
1663683890584	9.692428	-0.04546363	1.495215
1663683890593	8.76461	-1.3274183	0.90508515
1663683890604	8.032107	-2.044667	0.10677971
1663683890616	7.635796	-2.2671995	-0.1902294
1663683890679	7.522137	-1.9510478	-0.43429732
1663683890690	7.7853475	-1.474876	-0.07298109
1663683890700	8.045268	-0.8006983	0.4034897
1663683890710	8.414959	-0.023928227	0.96490574
1663683890722	8.817252	0.4549354	1.4784653
1663683890767	9.192028	0.47886363	1.5191432
1663683890776	9.389436	0.046660043	1.5813566
1663683890787	9.406186	-0.44656053	1.6794624
1663683890795	9.314062	-0.6008976	1.698605
1663683890802	9.1681	-0.29910284	1.7333009
1663683890815	8.883055	0.02871387	1.1371889
1663683890836	9.005089	0.325723	1.4222339
1663683890846	9.462418	0.58534425	1.7862421
1663683890927	9.833604	0.5195416	2.070988
1663683890940	9.936495	0.106480606	2.4086752
1663683890950	9.882657	-0.17706887	2.774777
1663683890958	9.889835	-0.8437691	2.5007987
1663683890969	12.209677	-2.1942184	-2.4263222
1663683891006	16.27239	-3.3768709	-2.864508
1663683891015	15.016757	-2.2827528	5.8537416
1663683891025	11.237593	-0.9840483	2.8779674
1663683891097	10.035797	-0.5602196	-1.527219
1663683891111	9.519845	-0.15672988	-3.9251266
1663683891120	8.109874	0.95054877	-3.2533414
1663683891130	8.284551	1.8960128	-1.1503495
1663683891142	9.7450695	1.5047864	0.2000998
1663683891157	11.097612	0.32452658	1.3935201
1663683891167	11.58844	-0.8449655	2.638386
1663683891177	10.582856	-1.2687942	1.1997014
1663683891187	9.141779	-0.08015956	-0.8330014
1663683891199	8.509774	1.0749756	-1.6435701
1663683891324	8.587542	1.7584256	-1.6806588
1663683891335	8.855537	1.6878372	-0.4642076
1663683891343	8.64138	1.1575279	0.36041892
1663683891354	8.606684	0.7432705	1.0570294
1663683891364	8.574381	0.38554356	1.5550356
1663683891376	8.866305	0.32093734	1.1850454
1663683891389	9.0436735	0.34127632	1.3360924
1663683891400	8.994321	0.22372891	1.5023935
1663683891411	9.211171	0.12921242	1.5538392
1663683891420	9.27817	-0.01794617	1.570589
1663683891431	9.0544405	0.16271193	1.556232
1663683891444	9.006286	0.56500524	1.6950158
1663683891457	9.115458	0.8979067	1.9669002
1663683891536	9.314062	0.97567344	2.2576282
1663683891551	9.359526	0.8895318	2.4649065
1663683891560	9.275777	0.91465646	2.1308086
1663683891570	9.144172	1.2364911	1.4533406
1663683891579	9.12144	1.6304095	0.9314062
1663683891593	10.274182	1.8002999	-0.47018966
1663683891605	13.385151	2.312663	-2.7349963
1663683891614	12.25873	2.5283163	-1.8696918
1663683891649	8.79811	1.9298115	2.9389844
1663683891663	10.33161	0.37597227	3.4211383
1663683891675	11.577672	-2.0673988	-0.75643104
1663683891687	11.826526	-2.1714866	-2.3940191
1663683891700	11.012667	-0.015553347	-1.3860425
1663683891774	10.318449	0.86919284	-1.21017
1663683891786	9.668499	1.0235299	-1.393221
1663683891797	9.1872425	0.7851449	-1.1156535
1663683891814	9.000303	0.06580263	-0.45822555
1663683891826	9.044869	-0.8593224	-0.09810573
1663683891837	9.383454	-1.3154542	0.20488544
1663683891849	9.755837	-1.11685	0.5697909
1663683891860	9.9293165	-0.6619146	0.8668
1663683891873	9.875478	-0.907478	0.59730834
1663683891882	9.853943	-1.5358931	0.17138593
1663683891925	9.611072	-1.7584256	0.18813568
1663683891937	9.316455	-1.4291133	0.31256247
1663683891946	9.119047	-1.0211371	-0.16630118
1663683891985	9.260223	-0.56500524	-0.31226337
1663683891997	9.408579	-0.27876383	0.031106694
1663683892007	9.509077	-0.37357944	0.33170503
1663683892096	9.529416	-0.7468598	0.2204388
1663683892108	9.262616	-0.90029955	0.14626129
1663683892119	9.237492	-0.8006983	0.3269194
1663683892129	9.548559	-0.42861435	0.70289165
1663683892141	9.608679	0.17347965	1.0450653
1663683892154	9.688838	0.76600236	1.2343974
1663683892165	9.859925	1.1001002	1.2846466
1663683892178	9.807282	0.9589237	1.1335998
1663683892188	9.599107	0.5279165	0.98644114
1663683892199	9.801301	-0.12083755	0.7304091
1663683892351	10.834402	-1.0474582	0.1905285
1663683892361	11.092827	-1.9534405	0.1055833
1663683892372	9.917353	-1.657927	1.3217354
1663683892386	9.030213	-0.56859446	1.448555
1663683892399	8.981161	0.29820552	0.49202415
1663683892410	9.131011	0.6559325	-0.6942177
1663683892422	9.475577	0.6655038	-0.9179466
1663683892434	9.670892	0.5662017	-0.7648059
1663683892444	9.802497	0.63559353	-0.2943172
1663683892454	9.444471	1.035494	0.474078
1663683892466	8.848359	1.3286148	1.1575279
1663683892480	9.086744	1.3369896	1.2355938
1663683892492	10.063314	1.2412767	1.0295119
1663683892535	11.49512	1.0677971	1.5574285
1663683892542	11.272288	0.8285148	1.7910278
1663683892549	10.141082	1.1072787	1.3037893
1663683892558	9.35474	1.7751753	0.4657031
1663683892588	8.909376	2.105684	0.22761725
1663683892596	8.587542	1.8421743	0.65264237
1663683892606	8.343174	1.3214363	0.9708878
1663683892616	8.862716	0.9098708	0.78783685
1663683892652	10.473983	1.0139586	1.0211371
1663683892663	10.750653	1.5430715	1.8783658
1663683892675	11.82174	2.9338996	-0.2883351
1663683892686	9.766604	-0.72412795	-0.9634102
1663683892699	10.957632	0.5673981	2.9629126
