Timestamp 	 X 	 Y 	 Z 
1663772861019	9.759426	-0.19621146	-1.372882
1663772861025	9.699606	-0.2105684	-0.9586246
1663772861033	9.713963	-0.20578274	-0.8102696
1663772861043	9.831211	-0.22731815	-0.9179466
1663772861050	9.754641	-0.33050862	-1.0666007
1663772861139	9.697213	-0.4621139	-1.2484552
1663772861143	9.668499	-0.5769694	-1.439881
1663772861147	9.615857	-0.6367899	-1.4877375
1663772861151	9.594321	-0.64636123	-1.4542379
1663772861155	9.589237	-0.66071814	-1.5188441
1663772861158	9.642178	-0.70618176	-1.5667006
1663772861263	9.6529455	-0.6439684	-1.0483555
1663772861273	9.654142	-0.602094	-0.9729815
1663772861339	9.740284	-0.56859446	-1.352543
1663772861351	9.75823	-0.60687965	-1.6806588
1663772861359	9.795319	-0.5841478	-1.6627127
1663772861367	9.778569	-0.47886363	-1.4973087
1663772861375	9.676874	-0.41904306	-1.3573287
1663772861382	9.553345	-0.5195416	-1.2293127
1663772861401	9.602696	-0.663111	-1.1467602
1663772861407	9.649357	-0.90508515	-1.1623136
1663772861418	9.743873	-1.0175478	-1.4063815
1663772861463	9.67807	-1.0139586	-1.4673985
1663772861469	9.580862	-0.8892327	-1.5858432
1663772861553	9.643374	-0.74566334	-1.4973087
1663772861561	9.685248	-0.8545368	-1.2137593
1663772861569	9.640982	-0.9720842	-1.1264212
1663772861577	9.61825	-0.9194421	-1.2149557
1663772861587	9.697213	-0.6774679	-1.3034902
1663772861594	9.824033	-0.40468612	-1.189831
1663772861604	9.870692	-0.36161533	-0.8676973
1663772861611	9.883853	-0.43698925	-0.60329044
1663772861649	9.876675	-0.5673981	-0.6308079
1663772861658	9.80489	-0.75284183	-0.8665009
1663772861762	9.666106	-0.89431745	-1.1706885
1663772861774	9.550952	-0.87367934	-1.439881
1663772861782	9.562916	-0.72293156	-1.6399808
1663772861789	9.634999	-0.6774679	-1.6818552
1663772861796	9.716355	-0.73848486	-1.6794624
1663772861800	9.801301	-0.79112697	-1.6423737
1663772861804	9.8348	-0.77677006	-1.5332011
1663772861808	9.827621	-0.6367899	-1.4709877
1663772861812	9.832407	-0.52911294	-1.4003994
1663772861888	9.655338	-0.65712893	-1.3094722
1663772861895	9.517452	-0.86291164	-1.2113664
1663772861900	9.49472	-1.0474582	-1.204188
1663772861905	9.680463	-1.1288141	-1.4195421
1663772861908	9.776176	-1.0163515	-1.6049858
1663772861966	9.661321	-0.77677006	-1.5966109
1663772861977	9.674481	-0.39631125	-1.5906289
1663772862007	9.794122	-0.1052842	-1.7321045
1663772862019	9.743873	-0.04426722	-1.8385851
1663772862031	9.397811	-0.32183465	-1.7763717
1663772862042	9.169296	-0.7719844	-1.9462621
1663772862052	9.250652	-1.1120644	-2.0730817
1663772862059	9.674481	-1.1132607	-2.0575283
1663772862141	9.995119	-0.91585284	-1.9247267
1663772862150	10.009477	-0.6942177	-1.6818552
1663772862158	9.830014	-0.5458627	-1.521237
1663772862172	9.568898	-0.42861435	-1.4781662
1663772862187	9.276974	-0.50039905	-1.3310076
1663772862212	9.407382	-0.8425727	-1.0725827
1663772862226	9.589237	-1.2340983	-1.1611172
1663772862235	9.719945	-1.4279169	-1.7153547
1663772862242	10.05494	-1.2544373	-2.6799614
1663772862377	10.0011015	-0.7492526	-2.96381
1663772862385	9.437292	-0.3400799	-2.3605196
1663772862393	9.15135	-0.12083755	-1.8302102
1663772862400	9.15135	-0.0849452	-1.4614165
1663772862409	9.302098	-0.23330021	-1.1108679
1663772862418	9.715159	-0.6655038	-1.0495518
1663772862429	10.222736	-1.0007981	-1.6890336
1663772862438	10.1016	-1.090529	-2.3389843
1663772862450	9.725926	-0.81625164	-2.6452653
1663772862464	9.444471	-0.5422734	-2.292324
1663772862563	9.256635	-0.37836507	-1.6567305
1663772862578	9.253045	-0.47168517	-1.326222
1663772862593	9.476774	-0.770788	-1.0845468
1663772862605	9.853943	-0.9601201	-1.0016954
1663772862614	10.050154	-1.0283155	-1.0316057
1663772862627	10.130314	-0.9553344	-1.0893325
1663772862641	10.337592	-0.64037913	-1.1491531
1663772862651	10.690534	-0.12083755	-1.265205
1663772862660	10.982757	0.32093734	-1.0941181
1663772862673	10.6510515	0.4118646	-1.1563315
1663772862684	10.514661	0.6786643	-1.5332011
1663772862767	10.0011015	0.72293156	-0.5925227
1663772862776	10.219148	0.7372885	-0.13399807
1663772862791	9.596714	0.7265208	-0.47976094
1663772862805	9.260223	0.45014977	-0.40438703
1663772862815	9.589237	0.6367899	-0.28713873
1663772862829	9.742677	0.7612167	0.17138593
1663772862842	9.389436	0.69541407	0.5602196
1663772862854	9.08794	0.6966105	0.4034897
1663772862865	8.839984	0.8596215	-0.019142581
1663772862888	8.725129	1.0331012	-0.27158538
1663772862898	8.860323	0.97926265	-0.13280165
1663772862913	9.071191	1.015155	-0.083748795
1663772862984	9.254242	1.2089736	-0.30149564
1663772862993	9.328419	1.3779668	-0.465404
1663772863000	9.020642	1.041476	-0.29790643
1663772863012	8.426923	0.5159524	0.0
1663772863024	8.023732	0.0634098	-0.023928227
1663772863033	8.62463	-0.09451649	-0.040677983
1663772863044	9.643374	0.19381863	-0.31345975
1663772863142	10.102797	0.37597227	-0.31465617
1663772863155	10.028619	0.52911294	-0.29072794
1663772863165	9.871889	0.64037913	-0.465404
1663772863173	9.801301	0.73130643	-0.47976094
1663772863182	9.751051	0.7576275	-0.2739782
1663772863190	9.701999	0.73369926	-0.485743
1663772863198	9.912567	0.61046886	-0.59970117
1663772863207	10.288539	0.39870408	-0.7959126
1663772863216	10.462019	0.17228323	-1.3621143
1663772863226	10.489536	-0.09451649	-1.8326031
1663772863239	10.976775	-0.29312077	-2.8525436
1663772863393	11.702099	-0.43818563	-3.4079776
1663772863406	11.675778	-0.5099703	-2.3282163
1663772863420	11.105988	-0.2213361	-1.204188
1663772863428	9.603892	-0.37836507	-0.34337005
1663772863435	8.310871	-0.9314062	-0.28953153
1663772863442	8.198408	-1.5526428	-1.5822539
1663772863455	9.072387	-1.9271195	-3.1540394
1663772863463	10.227522	-1.7632111	-3.758526
1663772863471	10.95165	-1.0582259	-3.3146574
1663772863483	10.560124	-0.27876383	-2.2815564
1663772863603	9.772587	0.096909314	-1.4961123
1663772863621	8.958429	-0.25842485	-1.230509
1663772863634	8.459227	-1.0390832	-1.6938193
1663772863645	8.23789	-1.8505492	-2.3341985
1663772863656	8.686844	-2.0697916	-2.8298118
1663772863667	9.3200445	-1.6902301	-2.935096
1663772863677	9.89821	-1.0199406	-2.4478576
1663772863690	10.17129	-0.43938205	-1.873281
1663772863701	10.015458	-0.36400816	-1.3824533
1663772863715	9.701999	-0.770788	-1.2675978
1663772863727	9.227921	-1.3130615	-1.8254246
1663772863737	8.950054	-1.5717853	-2.169991
1663772863751	9.089137	-1.5442679	-2.2743778
1663772863766	9.416953	-1.3010973	-2.6608188
1663772863778	9.460024	-0.93619186	-2.7338
1663772863789	9.357133	-0.6164509	-2.4825535
1663772863797	9.196814	-0.2943172	-1.9917258
1663772863811	9.138189	0.022731815	-1.4566308
1663772863827	9.353543	-0.14356937	-1.047159
1663772863842	9.188439	-0.8712866	-1.204188
1663772863857	9.005089	-1.4087744	-1.8038892
1663772863917	9.466006	-1.3716856	-2.7843482
1663772863927	10.29811	-0.9421739	-3.0068808
1663772863936	10.540982	-0.44057846	-1.704587
1663772863947	10.401002	-0.069391854	-0.94426763
1663772864000	9.928121	-0.2440679	-0.75284183
1663772864011	9.692428	-0.7109674	-0.7253244
1663772864019	9.538987	-1.4494523	-1.0052847
1663772864032	9.37149	-1.8924236	-1.8421743
1663772864042	9.436096	-1.6160526	-2.6811578
1663772864051	9.743873	-0.9828519	-2.8549366
1663772864142	9.874282	-0.22731815	-2.4705894
1663772864162	9.849157	0.3364907	-1.9881365
1663772864174	9.802497	0.36640096	-1.2472588
1663772864184	9.615857	-0.2536392	-1.4422739
1663772864196	9.506684	-1.1001002	-1.751247
1663772864208	9.504292	-1.4940187	-1.7739788
1663772864217	9.5557375	-1.4099708	-2.2779672
1663772864230	9.607482	-1.0654043	-2.3557339
1663772864244	9.626625	-0.4956134	-2.1544378
1663772864260	9.5557375	-0.15672988	-1.8074784
1663772864275	9.582058	-0.25603202	-1.631606
1663772864289	9.764212	-0.6942177	-1.7368901
1663772864303	9.749855	-1.1072787	-2.0252252
1663772864414	9.603892	-1.1347961	-2.1484556
1663772864425	9.493524	-0.8605189	-2.1556342
1663772864437	9.487542	-0.5458627	-2.1065812
1663772864446	9.466006	-0.3687938	-1.995315
1663772864459	9.4636135	-0.38793638	-1.9677975
1663772864468	9.524631	-0.56859446	-2.0252252
1663772864479	9.594321	-0.8330014	-1.9929222
1663772864490	9.74148	-1.0283155	-2.0168505
1663772864502	9.5868435	-1.1778669	-2.068296
1663772864512	9.200403	-1.1886346	-2.1448665
1663772864523	8.9979105	-0.9182457	-2.4179473
1663772864532	8.991928	-0.31345975	-2.7723842
1663772864603	8.820842	0.12323037	-2.8573294
1663772864616	8.67129	0.124426775	-2.6309085
1663772864627	9.005089	-0.16749759	-2.3856442
1663772864638	9.603892	-0.76959157	-2.42034
1663772864652	9.882657	-1.5119648	-2.9099715
1663772864665	9.666106	-2.143969	-3.0595229
1663772864676	9.48156	-2.6455646	-3.0391839
1663772864689	9.382257	-3.0894332	-3.3409786
1663772864811	9.426525	-2.8920252	-4.322335
1663772864822	9.029017	-1.8900307	-4.9881377
1663772864835	9.006286	-0.2955136	-4.510471
1663772864847	9.323633	1.3441681	-2.754438
1663772864857	9.530613	2.3234308	-0.68823564
1663772864870	9.243474	2.210968	0.050249275
1663772864883	9.364311	0.7576275	-1.0328021
1663772864897	10.263414	-1.0031909	-2.009672
1663772864910	10.7590275	-2.2337	-3.746562
1663772864920	10.627124	-2.1738794	-3.9047875
1663772864933	9.157332	-1.6722839	-2.4023938
1663772864947	8.39821	-0.77318084	-0.9107681
1663772864960	9.466006	0.33529428	-0.19381863
1663772864998	10.209576	1.1994023	-0.39720857
1663772865012	10.225129	1.7177476	-0.919143
1663772865022	10.040583	1.8098712	-1.3776677
1663772865038	9.729516	1.1371889	-1.2903296
1663772865048	9.468399	0.14356937	-1.4973087
1663772865059	9.560523	-0.37597227	-1.8254246
1663772865074	9.623035	-0.4441677	-1.6734804
1663772865086	9.570094	-0.1363909	-1.4075779
1663772865143	9.487542	0.3400799	-1.50688
1663772865156	9.542577	0.7085746	-1.4997016
1663772865166	9.640982	0.76959157	-1.2436695
1663772865176	9.800104	0.62721866	-0.8545368
1663772865190	9.863514	0.19621146	-0.7851449
1663772865208	9.852746	-0.24885355	-1.0630114
1663772865223	9.942477	-0.5183452	-1.3908281
1663772865235	9.922138	-0.63798636	-1.5535401
1663772865242	9.832407	-0.6260222	-1.7488543
1663772865394	9.643374	-0.5877371	-1.6651055
1663772865414	9.6015	-0.63559353	-1.2927225
1663772865428	9.666106	-0.6092725	-1.1419746
1663772865441	9.717552	-0.6056832	-1.0869397
1663772865455	9.710373	-0.6116653	-0.9000004
1663772865472	9.770194	-0.4657031	-0.7683952
1663772865484	9.906585	-0.22971097	-0.92153585
1663772865497	9.967602	-0.010767702	-1.2544373
1663772865507	9.840782	0.07058827	-1.5487545
1663772865521	9.712767	-0.11246266	-1.5080764
1663772865604	9.701999	-0.35682967	-1.1826526
1663772865617	9.709177	-0.47048876	-1.1132607
1663772865630	9.656535	-0.3807579	-1.2484552
1663772865648	9.637392	-0.22372891	-1.3082758
1663772865661	9.692428	-0.09571291	-1.338186
1663772865675	9.713963	-0.09451649	-1.4506488
1663772865685	9.727123	-0.15433706	-1.6902301
1663772865693	9.696016	-0.22731815	-1.7488543
1663772865700	9.625428	-0.3484548	-1.5774683
1663772865712	9.607482	-0.41545382	-1.6109679
1663772865727	9.471989	-0.5027919	-1.6974086
1663772865808	9.357133	-0.53988063	-1.7847466
1663772865816	9.385847	-0.47168517	-1.8541385
1663772865821	9.716355	-0.30508488	-1.806282
1663772865833	9.879067	-0.08135597	-1.602593
1663772865843	9.785748	-0.0059820567	-1.5391831
1663772865854	9.636196	-0.0035892338	-1.5643078
1663772865861	9.537791	-0.08255238	-1.5942181
1663772865872	9.568898	-0.13878371	-1.7344973
1663772865886	9.621839	-0.17826529	-1.8553349
1663772865898	9.713963	-0.20219351	-1.8361923
1663772865912	9.657731	-0.1698904	-1.7751753
1663772865928	9.589237	-0.086141616	-1.7153547
1663772865941	9.646963	0.0035892338	-1.7141583
1663772865954	9.70798	0.13998012	-1.7440686
1663772865966	9.747462	0.15672988	-1.7237296
1663772865974	9.7450695	0.01794617	-1.724926
1663772866033	9.723534	-0.1902294	-1.7285153
1663772866049	9.637392	-0.35682967	-1.724926
1663772866059	9.521041	-0.42382872	-1.7883358
1663772866071	9.533006	-0.42622152	-1.9666011
1663772866139	9.602696	-0.32662028	-2.0407786
1663772866143	9.634999	-0.18903299	-1.8744774
1663772866146	9.662517	-0.03589234	-1.6483557
1663772866148	9.673285	0.043070808	-1.6169499
1663772866151	9.715159	-0.02751746	-1.8098712
1663772866153	9.69482	-0.11365908	-1.9151554
1663772866155	9.578469	-0.20817557	-1.8840487
1663772866213	9.522238	-0.27876383	-1.8888344
1663772866218	9.609875	-0.35204405	-1.8146569
1663772866224	9.669696	-0.3290131	-1.718944
1663772866227	9.657731	-0.1471586	-1.5978073
1663772866393	9.626625	-0.02632105	-1.5176477
1663772866412	9.723534	-0.02871387	-1.5200406
1663772866422	9.833604	-0.104087785	-1.466202
1663772866440	9.812068	-0.21535404	-1.3800604
1663772866452	9.701999	-0.31106696	-1.4003994
1663772866469	9.595518	-0.4322036	-1.541576
1663772866480	9.59163	-0.52552366	-1.5822539
1663772866492	9.620643	-0.5494519	-1.5954145
1663772866507	9.691231	-0.4429713	-1.4673985
1663772866523	9.755837	-0.30867413	-1.326222
1663772866624	9.754641	-0.22851457	-1.2891332
1663772866636	9.696016	-0.24885355	-1.3884354
1663772866649	9.662517	-0.2644069	-1.5762719
1663772866665	9.668499	-0.3472584	-1.5894325
1663772866677	9.698409	-0.49322057	-1.4817554
1663772866692	9.692428	-0.62841505	-1.4973087
1663772866706	9.6122675	-0.70378894	-1.5990037
1663772866715	9.567701	-0.75523466	-1.6495521
1663772866727	9.609875	-0.6547361	-1.5690935
1663772866742	9.680463	-0.5159524	-1.4913267
1663772866759	9.7247305	-0.46929234	-1.480559
1663772866826	9.710373	-0.4872385	-1.4757733
1663772866839	9.676874	-0.6092725	-1.4685949
1663772866850	9.645767	-0.69302124	-1.5164514
1663772866864	9.666106	-0.70259255	-1.6049858
1663772866874	9.687641	-0.63918275	-1.608575
1663772866886	9.684052	-0.53389853	-1.4697913
1663772866901	9.617053	-0.5566304	-1.4099708
1663772866918	9.634999	-0.57577294	-1.4769697
1663772866931	9.685248	-0.52911294	-1.50688
1663772866943	9.723534	-0.5099703	-1.5128621
1663772866957	9.730712	-0.5458627	-1.4913267
1663772866967	9.684052	-0.60807604	-1.4183456
1663772866976	9.625428	-0.63918275	-1.4578272
1663772866987	9.61466	-0.6415756	-1.5164514
1663772867031	9.633803	-0.64995044	-1.5798612
1663772867042	9.654142	-0.65712893	-1.6447664
1663772867054	9.655338	-0.65712893	-1.5942181
1663772867067	9.687641	-0.5602196	-1.4685949
1663772867077	9.698409	-0.4956134	-1.3621143
1663772867090	9.743873	-0.43579283	-1.3657036
1663772867143	9.747462	-0.46929234	-1.4446666
1663772867156	9.71157	-0.52911294	-1.4913267
1663772867168	9.65175	-0.63918275	-1.4781662
1663772867180	9.58804	-0.74207413	-1.4506488
1663772867192	9.590433	-0.750449	-1.527219
1663772867205	9.661321	-0.71455663	-1.5248263
1663772867216	9.7247305	-0.62841505	-1.500898
1663772867229	9.77498	-0.5183452	-1.4733806
1663772867241	9.721141	-0.4334	-1.4614165
1663772867256	9.723534	-0.41904306	-1.3836497
1663772867270	9.777372	-0.3999005	-1.3070793
1663772867394	9.794122	-0.39511484	-1.3669
1663772867408	9.779765	-0.4848457	-1.4255241
1663772867421	9.752248	-0.58893347	-1.4889339
1663772867436	9.663713	-0.663111	-1.5655042
1663772867449	9.5760765	-0.62482584	-1.6519449
1663772867461	9.548559	-0.5518447	-1.7620147
1663772867474	9.58804	-0.5075775	-1.8577276
1663772867485	9.57488	-0.48364928	-1.9043877
1663772867498	9.597911	-0.4860421	-1.9606191
1663772867510	9.55813	-0.46809593	-1.9067806
1663772867522	9.568898	-0.39870408	-1.7775681
1663772867533	9.620643	-0.2656033	-1.7632111
1663772867547	9.54138	-0.16510476	-1.8026928
1663772867560	9.49472	-0.16510476	-1.6663018
1663772867612	9.561719	-0.2117648	-1.5188441
1663772867627	9.585648	-0.17587246	-1.5176477
1663772867636	9.637392	-0.09930214	-1.7213368
1663772867651	9.7247305	-0.096909314	-1.6938193
1663772867664	9.778569	-0.14237295	-1.3944174
1663772867673	10.075279	-0.104087785	-0.68823564
1663772867682	10.278968	0.013160525	-0.51236314
1663772867694	10.0011015	0.22731815	-1.1862419
1663772867811	9.871889	0.38315073	-1.3836497
1663772867827	9.844372	0.42382872	-1.1682956
1663772867838	9.843175	0.42382872	-0.9346963
1663772867851	9.856336	0.50398827	-0.59611195
1663772867865	9.790533	0.44536412	-0.6762715
1663772867874	9.88146	0.3699902	-0.79830545
1663772867883	9.923335	0.31136605	-0.47258246
1663772867897	9.841979	0.36281174	-0.939482
1663772867907	10.154242	0.64636123	-1.3142579
1663772867916	9.962816	0.5374878	-1.224527
1663772867929	9.393025	0.44656053	-1.0749756
1663772867943	9.107083	0.42502514	-1.0797613
1663772867958	9.579665	0.5925227	-1.9917258
1663772868008	10.11835	0.53629136	-2.3365912
1663772868019	10.063314	0.35443684	-2.091028
1663772868030	9.875478	0.32333016	-1.7548363
1663772868041	9.794122	0.3269194	-1.7225332
1663772868057	9.629018	0.19381863	-1.6962122
1663772868070	9.389436	0.0	-1.6902301
1663772868143	9.292527	-0.059820566	-1.6603198
1663772868155	9.3200445	0.23838496	-1.9785652
1663772868165	9.527023	0.6966105	-2.0922244
1663772868173	9.517452	0.9553344	-1.9785652
1663772868189	9.376275	0.9720842	-1.9893329
1663772868204	9.177671	0.68823564	-2.0240288
1663772868215	9.035298	0.22253251	-2.2337
1663772868228	9.042477	-0.22612174	-2.7086751
1663772868244	9.328419	-0.541077	-3.12054
1663772868256	9.796515	-0.75284183	-2.5088747
1663772868271	10.241879	-0.6726823	-0.80548394
1663772868396	10.429716	-0.34127632	0.30179477
1663772868417	10.03819	-0.20219351	0.52193445
1663772868428	9.61825	-0.09810573	0.01794617
1663772868437	9.701999	0.029910283	-0.27517462
1663772868449	10.189237	0.058624156	-0.7588239
1663772868460	10.551749	-0.2440679	-0.91555375
1663772868469	10.380663	-0.8365906	-1.2173486
1663772868484	9.513863	-1.623231	-1.3441681
1663772868495	8.915359	-1.9857436	-1.4015958
1663772868510	8.631808	-2.0817556	-1.0375878
1663772868614	8.86152	-1.9833509	-0.27158538
1663772868633	9.311669	-1.7644076	0.36161533
1663772868648	9.80489	-1.2149557	0.91585284
1663772868663	9.997512	-0.6332007	1.4389837
1663772868674	9.832407	-0.37716866	1.7994026
1663772868687	9.6015	-0.44177487	1.9441684
1663772868699	9.5353985	-0.5494519	1.8855443
1663772868711	9.825229	-0.5099703	1.7838492
1663772868722	10.057333	-0.35443684	1.7635103
1663772868732	9.8682995	-0.3278167	1.6866409
1663772868743	9.700802	-0.46331027	1.2367902
1663772868810	9.693624	-0.52911294	0.5027919
1663772868826	9.668499	-0.5183452	0.040677983
1663772868837	9.529416	-0.44177487	0.112761766
1663772868854	9.131011	-0.37597227	0.48963133
1663772868866	8.963215	-0.4106682	0.86919284
1663772868877	9.436096	-0.6439684	1.2415758
1663772868888	9.430114	-1.4159528	1.8999012
1663772868897	9.537791	-2.1750758	2.0051854
1663772868905	10.41177	-2.4885356	1.623231
1663772868927	11.705688	-2.2372892	0.7962117
1663772868938	11.217254	-1.7488543	0.18813568
1663772868947	8.695218	-1.3405789	0.10797612
1663772868957	8.477471	-0.32542387	-0.17228323
1663772868966	9.619446	0.74446696	-0.40558344
1663772869007	10.188041	1.3429717	-0.17108682
1663772869023	10.387841	1.6040884	0.1594218
1663772869037	10.805688	1.6052849	0.18574286
1663772869049	10.845169	1.2065809	0.029910283
1663772869060	10.350753	0.7013961	0.36161533
1663772869070	9.7247305	0.3376871	0.82612205
1663772869080	9.439685	0.18903299	1.1144571
1663772869141	9.768997	0.09332009	0.9194421
1663772869156	10.076475	-0.19860429	0.7148558
1663772869167	10.420144	-0.34127632	0.50398827
1663772869177	10.112368	-0.12083755	0.20967108
1663772869190	9.415757	0.21535404	0.22761725
1663772869200	9.603892	0.4142574	0.3915256
1663772869211	10.459626	0.4322036	-0.9981061
1663772869222	10.812866	0.7612167	-1.9905293
1663772869236	10.429716	1.2209377	-1.7141583
1663772869252	9.534202	1.4258232	-0.7959126
1663772869387	8.672486	1.489233	-0.54466623
1663772869406	8.124231	1.265205	-0.68823564
1663772869416	7.993822	0.7360921	-0.78634137
1663772869425	8.111071	0.3269194	-1.1108679
1663772869436	8.095517	0.06580263	0.02751746
1663772869446	8.033304	0.0035892338	0.31136605
1663772869462	8.487042	0.11246266	0.8919246
1663772869474	9.2075815	0.22731815	1.361217
1663772869485	9.6529455	0.2754737	1.4210376
1663772869497	10.087243	0.2105684	1.8364913
1663772869510	11.017453	0.42023948	1.7321045
1663772869523	12.0074835	1.035494	0.93978107
1663772869533	12.064911	2.0027926	0.6658029
1663772869545	11.251949	2.618047	1.1216356
1663772869611	10.739885	2.4756742	-0.520738
1663772869626	11.386247	1.11685	-2.7795627
1663772869635	11.242378	0.01794617	-3.6077783
1663772869649	10.392627	-0.7899306	-3.4606197
1663772869663	9.701999	-0.7540382	-3.2509487
1663772869675	10.099207	-0.34965122	-4.1632123
1663772869686	9.570094	-0.40827537	-4.8562336
1663772869812	8.401798	-0.7815557	-4.401298
1663772869833	7.920841	-0.91346	-3.559922
1663772869844	8.273783	-0.9314062	-2.896811
1663772869859	9.262616	-0.9170493	-0.5709873
1663772869870	10.680962	-0.22372891	2.4828527
1663772869880	10.453644	0.3077768	3.309872
1663772869897	9.065208	0.21655045	2.036292
1663772869908	8.969196	-0.14356937	-0.05623133
1663772869919	10.060922	-0.5590232	-1.2113664
1663772869932	11.100005	-1.0103694	-1.9115661
1663772869946	10.328021	-1.9737796	-1.8960128
1663772869955	9.353543	-2.6671	-1.4937196
1663772869970	9.038888	-2.7221348	-1.0351949
1663772869984	9.113065	-2.4179473	-0.6559325
1663772869998	9.399008	-1.8661026	-0.3900301
1663772870010	9.546165	-1.1551352	-0.08973085
1663772870025	9.706784	-0.45732823	0.49920264
1663772870034	9.664909	-0.16390835	1.355235
1663772870045	9.3104725	-0.17587246	1.9513469
1663772870056	8.947661	-0.20697916	2.5558336
1663772870140	8.676076	-0.25962126	3.9035912
1663772870155	8.806484	-0.4884349	5.233701
1663772870166	9.670892	-0.5877371	4.898407
1663772870175	10.155738	-0.5135596	3.3601213
1663772870185	9.709177	-0.5662017	2.2181466
1663772870196	8.750254	-1.5227325	1.9788643
1663772870210	9.525827	-2.3054845	1.1790633
1663772870224	12.591631	-1.759622	0.37716866
1663772870236	13.289438	-1.4219348	-0.51236314
1663772870251	9.989138	-2.5591238	-1.2317054
1663772870268	8.504989	-2.6371896	-2.4107687
1663772870394	10.189237	-0.91465646	-2.617748
1663772870410	11.09163	0.63798636	-1.8433708
1663772870422	10.201201	1.3405789	-0.58534425
1663772870433	9.044869	1.4676976	0.3364907
1663772870445	8.627023	1.4796617	1.1108679
1663772870461	9.217153	1.4030914	2.9724839
1663772870469	10.393824	0.887139	4.505685
1663772870477	11.3575325	0.48245287	4.939085
1663772870482	10.865508	0.29341987	4.174279
1663772870489	9.995119	0.22013968	3.1136606
1663772870498	9.603892	0.17587246	1.3564314
1663772870506	9.594321	0.13040884	-0.37447673
1663772870512	10.336395	0.24436702	-1.3944174
1663772870519	10.909776	0.5075775	-2.0383859
1663772870614	10.43809	0.7360921	-1.2568301
1663772870633	9.317652	1.0474582	-0.5374878
1663772870648	8.570791	1.6160526	0.10797612
1663772870660	8.280961	2.2145574	0.63230336
1663772870675	8.42453	2.396412	1.082154
1663772870688	8.793324	2.091327	1.753939
1663772870699	9.101101	1.3274183	1.9262222
1663772870716	8.695218	0.5566304	1.2451651
1663772870810	8.285747	0.031106694	0.72442704
1663772870820	8.379066	-0.010767702	0.77706915
1663772870838	8.694022	0.4010969	0.7615158
1663772870847	8.860323	0.71455663	0.91226363
1663772870853	8.932108	0.9182457	1.2463615
1663772870860	9.359526	1.1060823	1.5370895
1663772870871	9.8886385	1.189831	1.7333009
1663772870881	10.167702	1.2604194	1.0881361
1663772870892	10.34477	1.2675978	0.15463616
1663772870903	10.393824	1.2125629	-0.0741775
1663772870914	10.497911	1.2604194	0.39750767
1663772870925	10.373485	1.2436695	0.5518447
1663772870940	10.4464655	1.1240284	0.13190435
1663772870953	10.415359	0.7588239	-0.16510476
1663772870966	10.107582	0.14596218	0.6693921
1663772871010	9.487542	-0.5171488	0.3376871
1663772871022	9.15494	-0.7049854	-2.367698
1663772871033	9.84796	-0.37597227	-4.5822554
1663772871047	11.149058	0.062213387	-4.816752
1663772871078	12.031411	0.9242278	-3.6568313
1663772871092	13.212868	2.0662024	-2.108974
1663772871144	11.540584	2.1463618	0.2527419
1663772871155	9.4432745	1.495215	0.8153543
1663772871166	8.767003	0.43579283	-0.61884373
1663772871178	8.59472	-0.7432705	-1.8505492
1663772871190	9.211171	-1.6136597	-2.076671
1663772871208	9.780962	-1.5071791	-1.6495521
1663772871224	9.667302	-0.9385847	-1.4386846
1663772871235	9.444471	-0.40827537	-0.9921241
1663772871244	9.323633	-0.0047856453	-0.55064833
1663772871387	9.633803	0.42981076	-0.6152545
1663772871400	9.897014	0.62482584	-0.9311071
1663772871415	9.746265	0.34247273	-1.0570294
1663772871431	9.751051	-0.32422748	-1.1994023
1663772871445	10.051351	-1.2077773	-1.0977074
1663772871458	9.9089775	-2.0108683	-0.7540382
1663772871472	9.719945	-2.4059832	-0.58893347
1663772871481	9.430114	-2.3306093	-0.38404804
1663772871497	8.994321	-1.7775681	-0.031106694
1663772871507	8.473883	-1.0630114	0.29461628
1663772871518	8.59472	-0.4968098	0.7399804
1663772871530	8.988339	-0.16390835	1.3002
1663772871609	9.343972	-0.047856454	1.8029919
1663772871626	9.311669	-0.32542387	1.942972
1663772871636	9.159725	-0.61046886	1.948954
1663772871643	9.193225	-0.7827521	2.1714866
1663772871656	9.495916	-0.7959126	2.2648067
1663772871668	9.760623	-0.84735835	2.4804597
1663772871678	9.85155	-1.1264212	2.9521449
1663772871693	10.023833	-1.4434702	3.1986058
1663772871705	10.304092	-1.3513466	2.885146
1663772871715	10.183255	-0.9696914	2.2492533
1663772871726	9.333204	-0.64995044	1.3181462
1663772871739	8.696415	-0.392722	0.5590232
1663772871751	8.786145	-0.13878371	0.23958136
1663772871760	9.212367	0.10289137	0.46331027
1663772871809	9.403793	-0.16749759	0.9098708
1663772871824	9.113065	-1.0271192	1.637588
1663772871835	9.41456	-1.5382859	2.423032
1663772871847	10.0214405	-1.4470595	2.585744
1663772871859	9.782158	-1.7021942	1.7356937
1663772871889	9.597911	-2.0638096	0.49202415
1663772871897	9.94487	-2.248057	-0.39840496
1663772871902	11.059327	-2.2528424	-0.3505485
1663772871907	12.449258	-1.6974086	0.5159524
1663772872009	12.481561	-1.3692927	1.8855443
1663772872021	10.31486	-1.2927225	2.0889342
1663772872030	7.9256268	-0.8246265	1.8975084
1663772872041	8.217551	0.046660043	2.3632114
1663772872049	9.400204	0.54346985	2.429014
1663772872054	9.519845	0.36400816	1.8101703
1663772872059	9.286545	-0.046660043	1.0247263
1663772872064	9.133404	-0.38913277	0.56380886
1663772872140	9.366704	-0.73011	1.0737791
1663772872153	10.162916	-0.80907315	2.213361
1663772872162	11.070095	-0.47886363	2.5498517
1663772872171	11.425728	-0.17826529	1.4880366
1663772872180	11.06531	-0.19381863	0.6152545
1663772872206	10.829617	-0.10887343	0.12831512
1663772872218	11.117951	0.31375888	-0.31465617
1663772872226	11.238789	0.5805586	-0.46181476
1663772872233	10.763814	0.64277196	-0.022731815
1663772872289	9.943673	0.92303133	0.48963133
1663772872299	8.648559	1.2999009	0.19651055
1663772872383	7.7039914	1.7811574	0.02751746
1663772872395	7.5699935	2.1248264	0.4549354
1663772872403	7.4826555	2.0745773	1.1156535
1663772872415	7.8966136	1.3779668	1.6651055
1663772872424	8.058429	0.5769694	1.5442679
1663772872432	8.332407	0.21655045	0.6801598
1663772872441	8.410173	0.21535404	0.2670988
1663772872450	8.172088	0.12562318	-0.24526432
1663772872461	7.9854474	-0.1268196	-0.086141616
1663772872469	8.379066	-0.27038896	0.651446
1663772872604	9.533006	0.11844472	1.6603198
1663772872610	11.116755	0.58534425	3.3792639
1663772872614	12.577274	1.0127622	2.201397
1663772872632	12.993924	1.3624134	-0.010767702
1663772872639	12.360424	1.7333009	0.67058855
1663772872646	11.169397	1.6926229	3.0705895
1663772872658	9.838389	1.2484552	2.5725834
1663772872673	8.83161	0.5315057	-0.17108682
1663772872683	8.227122	-0.086141616	-1.4721842
1663772872694	8.008179	-0.30867413	-1.6998014
1663772872704	9.412168	0.2970091	-2.9506495
1663772872811	12.761521	1.1934203	-4.1440697
1663772872827	15.592529	1.7967107	-3.342175
1663772872838	12.868002	1.887638	0.16181463
1663772872849	8.380263	2.1272194	1.049851
1663772872859	7.9794655	2.0075781	0.049052864
1663772872870	8.111071	0.5662017	-0.7408777
1663772872878	8.525328	-0.80548394	-1.5547365
1663772872891	9.15135	-1.6794624	-2.5902305
1663772872905	9.437292	-1.7105691	-3.0008986
1663772872920	9.692428	-1.474876	-2.1834507
1663772873011	10.051351	-1.061815	-1.2843475
1663772873024	10.537393	-0.50039905	-0.45583272
1663772873035	10.439287	-0.33170503	-0.30867413
1663772873046	10.244272	-0.39391842	0.09122636
1663772873060	9.835997	-0.770788	0.27667013
1663772873074	9.303294	-1.326222	0.3472584
1663772873088	9.109476	-1.623231	0.4429713
1663772873101	9.473185	-1.3489537	0.7375876
1663772873113	9.579665	-0.6978069	1.3396816
1663772873125	9.153743	-0.062213387	1.5287145
1663772873133	8.802896	0.37238303	1.2164512
1663772873143	8.554042	0.27906293	0.7579266
1663772873153	8.650951	-0.17587246	0.52911294
1663772873165	9.006286	-0.49082774	0.52552366
1663772873174	9.430114	-0.49202415	1.0091729
1663772873213	9.609875	-0.520738	1.9034904
1663772873228	10.064511	-0.52552366	2.9006991
1663772873242	10.351949	-0.56859446	3.592524
1663772873257	9.938888	-0.72412795	3.8030925
1663772873293	9.1669035	-0.8593224	3.7516468
1663772873309	8.896215	-0.9385847	3.1722846
1663772873394	9.064013	-0.73130643	2.3679972
1663772873405	9.123833	-0.42622152	1.7476579
1663772873417	9.116654	-0.14356937	1.4653047
1663772873430	9.032906	-0.03589234	1.6339988
1663772873443	8.807681	-0.26799613	2.1296122
1663772873461	8.45803	-0.689432	2.5031915
1663772873476	8.005786	-1.1623136	2.7125635
1663772873487	8.327621	-1.7584256	2.5989046
1663772873498	9.937692	-2.5495524	1.7081763
1663772873511	12.458829	-3.6843486	1.0331012
1663772873524	15.319748	-3.5060835	0.65264237
1663772873615	13.398312	-3.0439694	0.35443684
1663772873633	8.672486	-2.1738794	0.03708875
1663772873646	8.035697	-0.68345	0.5518447
1663772873658	9.053245	0.41784665	0.7112665
1663772873669	9.853943	1.2257234	0.83090764
1663772873679	10.233504	1.7237296	1.5586249
1663772873690	10.523036	2.0685952	2.4565315
1663772873703	10.247861	1.8637097	3.289533
1663772873717	9.663713	1.1706885	3.4007993
1663772873727	9.68166	0.37238303	3.214159
1663772873810	10.3136635	-0.23330021	2.7831519
1663772873826	11.3575325	-0.24646074	1.0366904
1663772873836	11.737991	0.2324029	-0.23449662
1663772873846	10.671391	0.31615168	-0.23688944
1663772873859	9.327223	0.8751749	-0.013160525
1663772873870	8.243873	1.576571	0.16779669
1663772873882	7.873882	2.2145574	0.846461
1663772873894	7.763812	2.428715	1.6351951
1663772873906	7.8547397	1.9055841	2.2444677
1663772873919	8.011768	1.0319048	2.0015962
1663772873935	7.9555373	0.474078	1.3624134
1663772874010	7.906185	0.31375888	1.20688
1663772874026	7.973483	0.55782676	1.6220347
1663772874038	7.9543405	0.8225328	1.8281165
1663772874051	8.204391	0.9529416	2.2959132
1663772874064	9.129815	1.2137593	2.7496524
1663772874073	10.484751	1.4796617	2.6886353
1663772874131	11.4018	1.4724833	2.1020947
1663772874137	11.126327	1.1958131	0.7962117
1663772874142	10.721939	1.015155	0.6056832
1663772874151	10.642677	0.8045866	1.4724833
1663772874162	10.512268	0.4106682	2.6192434
1663772874180	10.339985	-0.19980069	3.9418762
1663772874195	9.729516	-0.622433	1.6351951
1663772874208	9.660124	-0.19381863	-1.1575279
1663772874222	10.139885	0.67028946	-2.5184457
1663772874237	11.608779	1.3082758	-3.268895
1663772874251	13.111173	2.1894326	-2.9446673
1663772874280	12.832109	2.7699914	-1.3513466
1663772874295	10.050154	2.7005994	-0.36610186
1663772874307	9.139386	2.3856442	-1.1180464
1663772874384	8.799306	0.8392825	-1.2747762
1663772874395	8.5349	-0.4226323	-1.5104693
1663772874405	8.218747	-1.2029916	-2.2707887
1663772874415	8.570791	-1.5466608	-3.53719
1663772874423	8.873484	-1.5957136	-3.7537405
1663772874434	9.428918	-1.2137593	-2.1858435
1663772874443	10.337592	-0.59970117	0.023928227
1663772874499	10.822437	-0.16630118	1.5167505
1663772874512	10.418948	-0.27876383	1.6674982
1663772874526	10.201201	-0.48364928	1.2320045
1663772874537	9.760623	-0.974477	0.54705906
1663772874610	9.23151	-1.3704891	0.016749758
1663772874626	9.066405	-1.4362918	-0.12083755
1663772874638	9.201599	-1.3142579	0.21206391
1663772874651	9.485149	-1.1204392	0.56500524
1663772874665	9.442079	-0.95054877	0.5171488
1663772874678	9.08794	-0.82701933	0.21804596
1663772874692	8.799306	-0.6798607	-0.078963146
1663772874716	8.65813	-0.62961143	-0.0035892338
1663772874730	8.725129	-0.535095	0.474078
1663772874743	8.996714	-0.3819543	1.2678969
1663772874753	9.406186	-0.21894327	2.0171494
1663772874811	9.825229	-0.25842485	2.5809584
1663772874828	10.00828	-0.5937191	2.7580273
1663772874840	9.791729	-1.1132607	2.8226335
1663772874854	9.479167	-1.4051851	2.6575286
1663772874866	9.570094	-1.2951152	2.160719
1663772874876	9.567701	-1.0594223	1.6220347
1663772874900	9.639785	-0.811466	1.3229318
1663772874911	9.668499	-0.5985048	1.5346966
1663772874919	9.571291	-0.5602196	2.2217357
1663772874935	9.315259	-0.6667002	2.9617162
1663772874947	8.959625	-1.0450653	2.9318058
1663772874956	8.638987	-1.7931215	2.5115664
1663772875012	9.01466	-2.2731814	1.9405792
1663772875029	10.289736	-2.600101	0.6466603
1663772875040	12.379567	-2.9255247	0.65264237
1663772875054	14.836099	-2.2289143	1.4174483
1663772875124	12.818949	-2.4705894	1.6076777
1663772875137	8.516953	-2.746063	0.92542416
1663772875146	6.808777	-1.9354944	1.0869397
1663772875156	7.739884	-0.51116675	2.4792633
1663772875170	9.80489	0.6547361	3.8413777
1663772875185	11.0964155	0.90388876	3.4199417
1663772875199	11.114362	0.9062816	2.382354
1663772875211	10.692926	0.7408777	1.5430715
1663772875221	10.643873	0.34965122	1.3217354
1663772875234	10.943275	0.14476576	0.4034897
1663772875243	11.196915	0.076570325	0.1689931
1663772875279	10.800902	-0.029910283	1.0187442
1663772875293	9.905389	0.19980069	1.2810575
1663772875335	8.507381	0.67148584	0.86919284
1663772875349	7.5843506	1.0941181	0.8895318
1663772875392	7.1856465	1.2975081	0.8895318
1663772875404	7.4192457	1.4114662	1.0941181
1663772875415	7.49462	1.3369896	1.259522
1663772875427	7.6944203	1.102493	1.428216
1663772875438	7.544869	0.6774679	1.1539388
1663772875448	7.2011995	0.14356937	1.082154
1663772875496	7.565208	-0.12801601	0.7160522
1663772875512	8.530113	-0.16271193	0.9493524
1663772875524	9.768997	0.05503492	2.740081
1663772875533	10.597214	0.37716866	5.374878
1663772875544	11.23161	0.5051847	6.6448684
1663772875612	12.197713	1.0139586	4.6232324
1663772875630	12.238391	2.1738794	2.7640092
1663772875640	10.150653	2.4768705	2.3380868
1663772875652	8.349156	1.5251254	2.181058
1663772875668	8.7418785	0.49082774	1.5131612
1663772875685	11.4018	0.4764708	-0.81625164
1663772875697	14.763118	1.1084751	-2.4670002
1663772875730	14.927026	2.1272194	-4.2421756
1663772875745	9.688838	1.9441684	-3.2365918
1663772875758	6.6158557	1.8326031	-1.3812568
1663772875810	7.300502	1.5083755	0.38673997
1663772875823	8.818449	0.30299118	-0.12323037
1663772875831	9.487542	-0.91226363	-1.8026928
1663772875839	9.916156	-1.6567305	-2.5292134
1663772875848	10.635498	-1.7967107	-0.7253244
1663772875859	11.12154	-1.6674982	1.6064813
1663772875889	10.69173	-1.2329018	2.350051
1663772875900	9.94487	-0.93260264	1.9166509
1663772875907	9.537791	-0.77796644	1.1240284
1663772875915	9.315259	-0.76959157	0.61764735
1663772875923	9.085547	-1.0402796	0.2527419
1663772875946	9.026625	-1.2436695	-0.09810573
1663772876010	9.123833	-1.3573287	-0.09332009
1663772876031	9.127422	-1.4665012	0.4010969
1663772876048	9.089137	-1.4015958	1.1431711
1663772876064	9.360723	-1.015155	1.4928222
1663772876076	9.542577	-0.602094	1.4497514
1663772876085	9.430114	-0.51116675	1.3169497
1663772876136	9.122637	-0.6511469	1.3013964
1663772876145	8.88784	-0.6008976	1.602892
1663772876153	8.753842	-0.6559325	2.0673988
1663772876164	8.9057865	-0.8341978	2.4768705
1663772876180	9.065208	-1.1766706	2.547459
1663772876210	9.437292	-1.5167505	2.8405795
1663772876223	9.897014	-1.4665012	3.246462
1663772876233	9.94846	-1.2795619	3.409174
1663772876241	9.624231	-1.1407782	3.3684962
1663772876274	9.302098	-1.0606186	3.1507492
1663772876289	9.290133	-0.80907315	2.7723842
1663772876336	8.953643	-0.5243273	2.2528424
1663772876348	8.612666	-0.29072794	2.1798615
1663772876361	8.696415	-0.91226363	3.1435707
1663772876393	10.296914	-1.7021942	3.086143
1663772876405	13.441382	-2.3078775	2.2456641
1663772876415	16.4689	-2.321038	0.98644114
1663772876429	13.240385	-2.556731	-0.9634102
1663772876444	7.597511	-1.724926	-1.9462621
1663772876493	6.4459653	-0.33050862	-1.5224334
1663772876505	7.4802628	0.4106682	-0.7683952
1663772876515	8.702396	0.51116675	0.5829514
1663772876526	10.086046	0.63559353	3.1770704
1663772876536	10.899008	0.5051847	5.508876
1663772876607	11.050952	0.09092726	6.043971
1663772876620	10.4668045	-0.23928227	4.5451665
1663772876634	10.646266	-0.021535404	2.2564318
1663772876645	11.019846	0.20937198	0.33888352
1663772876658	10.864312	0.4884349	-1.2664014
1663772876672	10.246665	0.6870392	-1.7237296
1663772876723	9.5919285	0.974477	-1.1766706
1663772876734	9.129815	1.1682956	-0.11844472
1663772876748	8.582756	1.489233	0.3281158
1663772876759	8.192427	1.6842481	0.5087739
1663772876773	8.0345	1.6363916	1.0713863
1663772876808	7.9447694	1.2520444	1.7033906
1663772876821	8.155337	0.75523466	1.9501505
1663772876832	8.400602	0.51116675	1.5370895
1663772876844	8.339585	0.3807579	1.1611172
1663772876857	8.211569	0.5195416	1.2056835
1663772876891	8.278568	0.70977104	1.4126626
1663772876905	8.536096	0.83688974	1.4246268
1663772876916	9.024232	1.0977074	1.7141583
1663772876925	9.6015	1.3477573	2.193022
1663772876936	10.287343	1.5143577	2.8633113
1663772876950	10.596017	1.4593227	3.2524443
1663772877011	10.214361	1.198206	3.1962128
1663772877029	9.699606	0.96490574	2.8585258
1663772877038	9.466006	0.5554339	3.2009985
1663772877051	9.661321	0.30418757	3.1016963
1663772877064	10.098011	0.67028946	2.204986
1663772877074	10.295717	1.4102699	1.2056835
1663772877143	10.849956	2.1762722	-0.83778703
1663772877154	12.101999	2.3509483	-1.6998014
1663772877161	12.560524	2.4804597	-1.474577
1663772877173	12.165409	2.847758	-1.183849
1663772877185	11.2603245	2.9207392	-0.9502497
1663772877210	9.215957	1.9704895	-0.18783657
1663772877225	7.9651084	1.0462617	-0.08973085
1663772877235	8.467601	0.35324043	-0.3481557
1663772877244	8.989535	-0.7719844	-1.6268203
1663772877273	9.052048	-2.0542383	-2.6069803
1663772877284	10.135099	-1.7584256	-0.96819586
1663772877325	10.913365	-0.86889374	-0.011964113
1663772877334	10.7279215	-0.11485548	0.5482555
1663772877343	10.573285	0.60329044	1.0211371
1663772877384	10.150653	0.8021938	1.3707882
1663772877396	9.479167	0.25992036	1.314557
1663772877409	9.071191	-0.2620141	1.1718849
1663772877421	8.9775715	-0.4968098	1.1706885
1663772877437	8.867501	-0.59730834	1.4916258
1663772877498	9.083155	-0.5805586	1.8580267
1663772877515	9.449257	-0.5877371	1.59691
1663772877530	9.764212	-0.5626124	0.90149593
1663772877544	9.52822	-0.581755	0.35204405
1663772877565	8.745467	-0.50039905	0.7471589
1663772877577	8.593523	-0.32063824	1.3959129
1663772877609	9.027821	-0.16271193	2.3715863
1663772877625	9.273384	-0.31345975	3.5961134
1663772877636	9.333204	-0.7289136	4.5909295
1663772877645	9.567701	-1.1060823	5.0862436
1663772877774	9.57488	-1.4494523	5.009673
1663772877787	9.24826	-1.6555341	4.202993
1663772877802	9.069994	-1.2592229	3.0693932
1663772877817	8.959625	-0.45613182	1.861616
1663772877827	8.636594	-0.034695927	0.9804591
1663772877835	8.241479	0.22971097	0.7088737
1663772877844	8.432905	0.3269194	0.9349955
1663772877854	8.702396	-0.4142574	1.9932213
1663772877866	9.973584	-1.2125629	2.5498517
1663772877876	12.253943	-1.8696918	2.5462625
1663772877888	14.825331	-1.9857436	2.5881367
1663772877901	14.245969	-2.0602202	1.2559328
1663772877916	9.684052	-2.3102703	-0.2835495
1663772877927	6.6505513	-1.6914265	-0.43669012
1663772877954	7.6142607	-0.2009971	0.22642085
1663772877968	9.638589	1.0977074	1.2044871
1663772877981	10.770992	1.7823538	2.9126635
1663772878010	10.785349	1.779961	4.3645086
1663772878024	9.883853	1.230509	4.9007998
1663772878038	9.115458	0.3807579	4.673482
1663772878050	9.430114	0.18903299	3.3122647
1663772878064	10.572088	0.41784665	1.5693926
1663772878078	11.942877	0.9026923	-0.16031912
1663772878144	11.883057	1.3010973	-1.1551352
1663772878159	10.421341	1.0857433	-0.5949155
1663772878172	9.046066	1.1874382	0.06969096
1663772878182	8.327621	1.2687942	0.8883354
1663772878210	7.888239	1.3779668	1.1575279
1663772878219	8.118249	1.4784653	1.5957136
1663772878230	8.113463	1.4174483	1.8281165
1663772878243	8.028518	1.0331012	1.9621146
1663772878275	7.806883	0.48245287	1.7587247
1663772878289	7.7997046	0.49800622	1.2379866
1663772878378	7.9483585	0.72771716	1.1431711
1663772878393	7.920841	0.8249256	1.4868401
1663772878406	7.6274214	0.79860455	1.9118652
1663772878417	8.060822	0.8979067	2.9365916
1663772878429	9.585648	1.4437693	4.031906
1663772878441	10.867902	1.9322042	3.958626
1663772878460	11.75833	2.28036	3.4453654
1663772878475	11.54178	2.457429	3.205784
1663772878496	10.593624	2.4646072	2.7388847
1663772878502	9.564112	2.070988	2.6623142
1663772878507	8.801699	1.2867404	2.530709
1663772878513	8.362317	0.39870408	2.1272194
1663772878559	8.358727	-0.0526421	2.085345
1663772878577	8.7682	0.05742774	1.7862421
1663772878587	9.373882	0.5087739	0.581755
1663772878599	10.617552	1.0606186	-1.1766706
1663772878613	13.859229	1.9322042	-1.4578272
1663772878625	15.499209	3.01047	-0.98973125
1663772878636	11.513066	3.5479577	0.7148558
1663772878751	7.888239	3.8294137	0.7148558
1663772878767	8.660522	3.2201412	1.847259
1663772878777	9.255438	1.1359925	2.1379871
1663772878788	9.664909	-0.4884349	0.1582254
1663772878802	9.251849	-1.495215	-2.2085752
1663772878816	9.107083	-1.8852451	-3.5539398
1663772878827	9.012267	-1.9510478	-3.2676985
1663772878837	9.165708	-1.2077773	-2.0898316
1663772878850	9.845568	-0.30388847	-0.7265208
1663772878863	10.806885	0.29940194	1.1949158
1663772878888	11.389835	0.9768698	2.5737798
1663772878899	10.706087	1.1467602	3.1232316
1663772878911	9.12503	0.31974092	2.4804597
1663772878927	8.422137	-0.5554339	1.9597218
1663772878940	8.796913	-0.9182457	1.8329022
1663772878958	9.333204	-0.95772725	1.861616
1663772878975	9.480363	-0.7791629	1.814956
1663772879009	9.21476	-0.52911294	1.5502499
1663772879020	8.733503	-0.45134616	1.0677971
1663772879029	8.468798	-0.5913263	0.74476606
1663772879042	8.729915	-0.581755	0.79740816
1663772879143	9.266206	-0.4034897	0.98644114
1663772879157	9.442079	-0.2847459	1.8807586
1663772879166	9.383454	-0.06580263	2.6443682
1663772879176	9.369097	-0.061016977	3.3445678
1663772879188	9.452846	-0.44895336	4.2831526
1663772879205	9.326026	-1.3812568	5.3353963
1663772879216	9.54138	-1.9271195	5.866902
1663772879224	9.8886385	-1.995315	4.929514
1663772879236	9.7450695	-1.6878372	3.2285159
1663772879246	8.957232	-0.71216387	1.8281165
1663772879367	8.4858465	0.68225354	0.7112665
1663772879385	8.22473	1.6004993	0.08883354
1663772879396	7.818847	1.4736797	0.17736799
1663772879407	7.917252	0.19860429	1.1180464
1663772879417	9.223135	-1.3669	1.2355938
1663772879426	12.414562	-2.0195422	0.8775677
1663772879437	16.033108	-2.001297	2.2205393
1663772879446	14.800206	-2.536392	2.5175486
1663772879460	9.930513	-2.6252255	1.4653047
1663772879468	6.940382	-1.5957136	0.98644114
1663772879496	6.8925257	-0.0849452	1.5849459
1663772879504	8.597113	1.1862419	2.9150562
1663772879517	10.196416	1.468894	3.2309089
1663772879535	10.812866	0.90149593	3.6990047
1663772879577	10.520643	0.30538398	4.476971
1663772879586	9.870692	-0.20458634	4.486542
1663772879599	10.074082	-0.14356937	4.3178487
1663772879610	10.860723	0.44656053	2.6216364
1663772879622	11.475977	1.2257234	0.3687938
1663772879636	10.586446	1.495215	-0.87607217
1663772879649	9.406186	1.5729818	-0.9083753
1663772879726	8.733503	1.6734804	0.25034907
1663772879739	8.4400835	1.7285153	1.0941181
1663772879755	7.980662	1.8050855	1.5466608
1663772879768	7.2287173	1.6770695	1.8843478
1663772879778	7.402496	1.5131612	2.4589243
1663772879788	7.6956167	1.265205	2.5546372
1663772879803	7.7853475	1.0031909	2.4098716
1663772879818	7.6956167	0.79860455	2.4014966
1663772879830	7.9854474	0.8129615	2.9282167
1663772879841	8.3994055	0.91106725	3.3254254
1663772879891	8.851949	0.9529416	3.5207393
1663772879906	9.221938	0.9302098	3.8413777
1663772879916	9.503095	0.93619186	4.199404
1663772879928	9.910174	1.1718849	3.8988054
1663772879962	10.197612	1.5957136	3.114857
1663772879975	10.1904335	1.8541385	2.5785656
1663772879986	9.833604	1.9115661	2.4529424
1663772880015	9.676874	1.8290138	3.551846
1663772880027	9.828818	1.509572	4.26401
1663772880040	10.351949	1.4760724	2.9078777
1663772880052	10.083653	1.2173486	0.3269194
1663772880065	8.847162	0.58654064	-0.37806597
1663772880074	7.6752777	0.31016964	-0.56380886
1663772880143	7.9423766	0.8009974	-1.2580265
1663772880155	11.127522	1.6363916	-0.92273223
1663772880165	15.502799	1.9549361	1.0534402
1663772880177	14.565411	2.1272194	0.6681957
1663772880186	10.511071	3.118446	-0.52313083
1663772880210	8.788539	2.7652056	0.59970117
1663772880224	7.6142607	1.5837495	0.65982085
1663772880233	8.079964	0.2527419	0.17617157
1663772880388	9.4839525	-0.9242278	-0.32063824
1663772880403	10.009477	-1.0031909	-1.2472588
1663772880417	10.191629	-0.52193445	-0.8437691
1663772880433	10.095618	0.15792629	0.07806584
1663772880446	10.235897	0.68823564	0.41545382
1663772880465	10.403395	0.6678966	0.7220342
1663772880472	10.2107725	0.25633112	1.1611172
1663772880485	9.692428	-0.13399807	1.3336995
1663772880498	9.397811	-0.29312077	1.1742777
1663772880510	9.136993	-0.392722	1.1937194
1663772880522	9.119047	-0.36400816	1.5131612
1663772880535	9.110672	-0.2943172	1.8807586
1663772880548	8.98475	-0.276371	1.963311
1663772880560	8.860323	-0.34486556	1.7946169
1663772880599	8.859127	-0.53389853	1.7057835
1663772880611	8.782557	-0.6678966	1.8340986
1663772880622	8.752646	-0.5554339	1.9728823
1663772880633	8.880662	-0.4106682	2.1008983
1663772880645	8.811271	-0.39511484	2.6539395
1663772880655	8.685647	-0.4764708	4.28076
1663772880666	8.879466	-0.5901299	6.3661046
1663772880806	9.452846	-0.7181459	6.5886374
1663772880813	9.543773	-0.7755736	5.3497534
1663772880820	8.79811	-0.39631125	4.1587257
1663772880830	7.94118	0.4022933	3.3672996
1663772880837	7.2155566	0.77318084	2.862115
1663772880850	7.6453676	-0.3592225	2.3811576
1663772880862	9.742677	-2.001297	2.178665
1663772880874	13.382758	-3.1543384	2.728117
1663772880887	17.230118	-1.8565313	1.4389837
1663772880901	13.590036	-1.1467602	0.20368902
1663772880915	8.990732	-0.47168517	-0.37806597
1663772880928	7.591529	0.7325028	-0.70378894
1663772880943	7.6573315	1.745265	0.14147563
1663772880957	8.3013	2.091327	1.3600205
1663772880966	9.952048	2.0518453	4.6507497
1663772880976	11.511869	1.2161521	7.2038918
1663772881014	11.565708	0.21774685	7.129714
1663772881026	10.063314	0.3077768	4.0845485
1663772881034	9.717552	0.73489565	1.489233
1663772881042	10.393824	1.218545	-0.43908295
1663772881054	10.368699	1.6615162	-1.2077773
1663772881069	9.394221	1.8373886	-0.2536392
1663772881144	8.192427	2.053042	0.90508515
1663772881156	7.2346992	1.9417756	1.6052849
1663772881165	6.2063837	1.7153547	1.5753746
1663772881176	6.200402	1.3070793	1.602892
1663772881187	6.795616	1.1144571	1.5047864
1663772881197	7.3989067	1.0725827	1.875973
1663772881212	7.817651	1.1682956	2.5211377
1663772881225	8.170891	1.1587243	3.1435707
1663772881235	8.504989	1.1240284	3.7037904
1663772881275	9.328419	1.2879368	4.712963
1663772881289	10.582856	1.238884	4.7416773
1663772881396	11.969198	0.9517452	4.188636
1663772881410	12.78186	1.2293127	3.1220353
1663772881421	11.341979	2.0805593	3.1304102
1663772881434	9.705587	2.4299114	3.798307
1663772881445	8.319246	1.4856437	3.777968
1663772881459	7.2346992	0.086141616	3.057429
1663772881476	8.062017	-0.6200402	0.97806627
1663772881486	11.06531	-0.53629136	-2.2707887
1663772881496	15.663118	1.1515459	-3.8904305
1663772881506	16.034304	2.876472	-4.098606
1663772881515	10.3340025	2.6024938	-2.0407786
1663772881526	8.881859	2.300699	-0.36610186
1663772881598	8.3013	1.3851452	-0.09212367
1663772881612	7.7925262	0.21655045	-1.2580265
1663772881626	7.8571324	-0.55304116	-3.051148
1663772881637	8.540881	-1.096511	-1.8900307
1663772881646	10.341181	-1.1371889	2.0458634
1663772881656	11.502298	-0.13399807	3.749254
1663772881667	10.937293	0.7181459	3.6355948
1663772881718	10.022636	1.2329018	2.9186454
1663772881731	9.892228	1.3166506	2.193022
1663772881746	9.419347	0.31256247	1.483251
1663772881755	8.988339	-0.98644114	0.8847462
1663772881769	9.286545	-1.7069799	0.8632108
1663772881789	9.77139	-1.7428722	1.3336995
1663772881801	9.810872	-1.4410775	1.7706888
1663772881810	9.174082	-1.2496517	1.875973
1663772881819	8.392227	-1.015155	1.814956
1663772881828	8.139785	-0.7049854	1.8987048
1663772881890	8.307282	-0.54466623	2.3799613
1663772881898	8.248658	-0.6092725	2.9533412
1663772881907	8.522935	-0.5315057	3.6439698
1663772881915	9.189635	-0.2883351	4.51406
1663772882013	9.666106	-0.09571291	5.0491548
1663772882020	9.52822	-0.04546363	5.0276194
1663772882029	8.806484	-0.2943172	4.6914277
1663772882039	8.242676	-0.64277196	4.334598
1663772882048	8.597113	-0.92183495	3.7013974
1663772882057	9.3104725	-1.2329018	3.1998022
1663772882067	9.680463	-1.5263218	2.6096723
1663772882075	9.480363	-1.7057835	2.036292
1663772882141	8.991928	-1.6459628	1.8245273
1663772882151	8.464012	-1.4665012	1.7754744
1663772882158	7.9854474	-1.6746768	1.7647067
1663772882167	8.985947	-1.9785652	1.6734804
1663772882176	11.574083	-1.6339988	2.105684
1663772882207	13.464114	-1.2580265	3.1256247
1663772882218	13.068102	-1.1994023	2.9856443
1663772882227	10.56491	-1.1479566	2.103291
1663772882235	8.151749	-0.6044868	1.5897316
1663772882271	7.6537423	0.3687938	1.963311
1663772882280	8.401798	1.055833	2.9318058
1663772882404	9.169296	1.0103694	3.5757744
1663772882413	9.857532	0.6655038	3.4283166
1663772882420	10.080065	0.33290145	3.431906
1663772882431	9.852746	-0.025124637	3.818646
1663772882439	10.158131	-0.0634098	3.9717865
1663772882447	10.385448	0.015553347	4.392026
1663772882462	10.562517	0.2623132	3.5709887
1663772882468	10.625927	0.30538398	1.7910278
1663772882495	10.92174	0.6966105	0.2670988
1663772882503	10.872687	1.076172	-0.6583253
1663772882510	10.087243	1.2412767	-0.465404
1663772882522	9.126225	1.4186447	0.30059835
1663772882614	8.444869	1.5981064	1.4270196
1663772882627	7.7566338	1.9812572	1.9573289
1663772882637	6.966703	2.1834507	2.2911277
1663772882646	7.056434	2.2983062	2.5749762
1663772882654	7.7626157	1.9788643	2.5582266
1663772882662	8.111071	1.3743775	2.239682
1663772882674	7.990233	0.90508515	2.248057
1663772882818	7.717152	0.6164509	2.41705
1663772882828	7.591529	0.6152545	2.472085
1663772882840	7.696813	0.69182485	2.774777
1663772882854	8.314461	0.7360921	3.4055848
1663772882867	8.969196	0.6906284	4.4207397
1663772882876	9.407382	0.8153543	4.4985065
1663772882889	9.9293165	1.448555	3.4247274
1663772882905	10.866705	2.2731814	2.3668008
1663772882915	11.192129	2.4358935	2.7125635
1663772882928	10.973186	2.0733807	3.5207393
1663772882941	10.414163	1.6974086	3.0179477
1663772882950	9.751051	1.6244274	2.1631117
1663772882962	9.09153	1.4186447	2.0267208
1663772882977	8.327621	0.87278205	0.61764735
1663772883020	9.35474	1.1144571	-1.466202
1663772883035	13.443775	2.3509483	-1.9390837
1663772883048	16.661524	3.0897322	-1.5439688
1663772883058	12.607184	2.2695923	0.01794617
1663772883072	8.130213	1.8122641	0.5913263
1663772883085	7.5149584	1.2795619	0.35682967
1663772883143	8.19123	0.3915256	-0.8449655
1663772883155	8.593523	-0.7193423	-2.6919255
1663772883165	8.545667	-1.6208383	-3.9191444
1663772883175	9.968799	-1.5933207	-2.2408783
1663772883184	11.437693	-0.9936196	0.75673014
1663772883196	11.709277	-0.18903299	2.7317061
1663772883207	10.970793	0.10049855	2.7496524
1663772883217	9.843175	-0.40827537	1.8185452
1663772883229	8.880662	-1.1132607	1.2032907
1663772883242	8.607881	-1.3704891	1.3755739
1663772883255	8.616255	-1.3573287	1.7647067
1663772883389	8.796913	-0.9086744	1.6698911
1663772883404	8.935697	-0.37238303	1.2894323
1663772883420	8.877073	-0.0634098	0.9206385
1663772883432	8.7215395	-0.0047856453	0.76510507
1663772883442	8.495418	-0.28235307	1.076172
1663772883453	8.689237	-0.34606197	1.5514464
1663772883467	8.8543415	-0.20458634	1.7129619
1663772883476	9.056833	-0.14117654	2.0075781
1663772883490	8.918947	-0.48963133	2.7424738
1663772883498	9.035298	-1.061815	3.9885364
1663772883617	9.802497	-1.7033906	5.482555
1663772883627	10.587642	-2.1966112	6.4965134
1663772883637	10.202397	-2.353341	6.0140605
1663772883651	9.230313	-1.6543378	4.6136613
1663772883665	8.765806	-0.30867413	2.9102705
1663772883675	8.373085	1.1240284	1.4509479
1663772883685	7.7123666	2.0434706	0.98524475
1663772883697	7.3953176	1.5311074	1.4246268
1663772883709	8.426923	-0.6044868	2.585744
1663772883720	10.294521	-2.3545375	2.925824
1663772883736	14.122738	-2.91715	3.0634112
1663772883821	15.501602	-3.4426737	2.754438
1663772883835	10.926525	-4.1907296	1.2032907
1663772883845	7.2490563	-2.4837499	0.88235337
1663772883855	7.6812596	-0.474078	0.9302098
1663772883867	8.383852	0.2551347	1.6148561
1663772883875	9.728319	0.41665024	4.132405
1663772883888	11.661421	0.45732823	6.5455666
1663772883900	11.905788	0.2862414	6.680761
1663772883911	11.2017	-0.26081768	4.8996034
1663772883926	11.104791	0.07776674	2.567798
1663772883939	11.623136	0.6786643	1.2236297
1663772883951	11.135898	1.2436695	-0.19740787
1663772883960	9.782158	1.7823538	-0.71694946
1663772883976	8.418549	1.975275	0.21565314
1663772883989	7.534101	1.8708882	1.3887345
1663772883999	6.3275204	1.4066806	1.6950158
1663772884015	5.542076	0.84047896	1.5394822
1663772884025	6.047261	0.45972106	1.8640088
1663772884033	6.6912293	0.31016964	2.0350957
1663772884038	7.088737	0.22971097	2.024328
1663772884144	7.3052874	0.10767702	1.7623138
1663772884158	7.5125656	-0.18305093	1.6686947
1663772884173	7.873882	-0.29671	2.6276183
1663772884187	9.008678	-0.02632105	4.0235314
1663772884197	11.933306	1.0642079	5.7460647
1663772884210	15.501602	2.7520452	3.9083767
1663772884225	14.737993	3.437888	2.9617162
1663772884236	11.170593	3.6224344	4.5837507
1663772884249	7.894221	2.440679	3.4151561
1663772884264	6.411269	0.63798636	1.6363916
1663772884275	6.855437	-0.4322036	-0.29072794
1663772884396	10.890634	-0.5805586	-1.3393825
1663772884411	16.112072	0.18065812	-2.7349963
1663772884422	14.994025	1.198206	-4.6037908
1663772884437	11.331212	2.1631117	-2.565106
1663772884448	8.970393	1.8349959	0.20249261
1663772884467	7.4563346	0.4884349	0.6346962
1663772884479	7.392925	-1.3369896	-0.9741779
1663772884493	8.903394	-2.675475	-0.20578274
1663772884506	10.682158	-2.5845475	0.3185445
1663772884521	11.583654	-1.9821545	1.2834502
1663772884608	11.363515	-1.3046865	1.8173488
1663772884620	10.078868	-1.1790633	1.6998014
1663772884630	8.823235	-1.3992031	1.6782659
1663772884643	8.272586	-1.8038892	1.5167505
1663772884656	8.314461	-2.0267208	1.4174483
1663772884670	8.467601	-1.7823538	1.6148561
1663772884684	8.476275	-1.1766706	1.9238294
1663772884695	8.466405	-0.5183452	2.1367905
1663772884708	8.5576315	-0.13998012	2.3464618
1663772884724	8.464012	-0.16630118	2.1822543
1663772884740	8.481061	-0.28115666	1.7380866
1663772884812	8.922537	-0.20937198	1.617249
1663772884825	9.734302	0.020338992	2.3321047
1663772884838	9.992726	-0.21894327	3.4680972
1663772884851	9.779765	-0.96849495	4.505685
1663772884870	9.706784	-1.5311074	4.941478
1663772884886	9.718748	-1.879263	4.465007
1663772884895	9.475577	-2.1296122	3.7660038
1663772884900	9.489935	-2.1080768	2.5809584
1663772884908	9.433703	-1.6890336	1.7105691
1663772884911	9.129815	-1.0319048	1.6411772
1663772884916	8.640183	-0.6308079	2.0350957
1663772884919	8.298907	-0.6236294	2.3225334
1663772884925	8.509774	-0.61405814	2.1798615
1663772884932	8.972786	-0.86171526	2.0673988
1663772884938	9.147761	-1.378864	2.2779672
1663772884946	9.38824	-1.6328024	3.1639097
1663772884956	9.916156	-1.3908281	5.1882377
1663772884963	9.879067	-1.8409779	4.0845485
1663772884997	10.215558	-2.201397	2.7149563
1663772885006	11.508281	-2.1499512	2.8657043
1663772885021	12.3448715	-1.623231	2.2731814
1663772885032	10.326824	-1.5861423	0.6753742
1663772885056	8.491829	-1.5418751	0.015553347
1663772885076	8.662915	-1.0749756	1.0259227
1663772885095	9.54138	-0.34127632	3.9741793
1663772885110	9.942477	0.02871387	4.9606204
1663772885129	10.316056	-0.059820566	5.6392846
1663772885153	10.678569	-0.33170503	4.9606204
1663772885169	10.703694	-0.50159544	4.354937
1663772885187	10.167702	-0.5267201	3.2656047
1663772885203	10.587642	-0.17826529	1.6782659
1663772885237	10.82842	0.5087739	0.02871387
1663772885246	10.4261265	1.1527423	-0.8545368
1663772885264	9.650553	1.590928	-0.45104706
1663772885287	8.790932	1.9202402	0.5099703
1663772885304	8.109874	1.852942	1.4294125
1663772885321	7.628618	1.5646069	2.1379871
1663772885338	7.528119	1.3058829	2.6539395
1663772885369	7.5496545	0.86919284	2.394318
1663772885380	7.4419775	0.37357944	1.9046868
1663772885401	7.4096746	0.11006984	1.4162519
1663772885429	7.629814	0.16749759	0.9696914
1663772885441	8.1840515	0.35084763	1.3229318
1663772885454	8.805288	0.35443684	2.2755744
1663772885474	8.823235	0.18664017	3.7253258
1663772885502	8.945269	0.53270215	4.689035
1663772885525	9.747462	1.1970096	4.8637114
1663772885537	10.980364	1.5681962	5.1176496
1663772885552	11.199307	1.5658033	3.6343985
1663772885571	10.7279215	1.7261224	3.3433714
1663772885592	10.109975	1.6663018	3.1196425
1663772885629	9.317652	1.1886346	2.4912274
1663772885648	8.563613	0.4645067	1.5514464
1663772885655	8.575577	-0.15553348	0.16420746
1663772885669	10.120743	-0.11964113	-1.1706885
1663772885686	12.859627	0.27786654	-1.5367904
1663772885705	14.971293	1.0283155	-0.7193423
1663772885730	13.137494	1.6818552	0.17497516
1663772885746	9.334401	2.801098	0.6116653
1663772885767	7.455138	2.821437	0.7088737
1663772885789	8.012965	1.9980069	0.9457632
1663772885803	9.044869	0.6152545	0.11395818
1663772885836	9.802497	-0.4214359	-0.8605189
1663772885853	10.372288	-1.0546366	-2.1759732
1663772885868	9.764212	-1.238884	-0.78394854
1663772885901	9.085547	-1.0797613	0.07328019
1663772885917	9.05803	-0.87248296	0.47527438
1663772885937	10.090832	-0.72412795	1.3791631
1663772885955	11.043774	-0.42502514	2.2791636
1663772885971	10.8918295	-0.09212367	2.6922245
1663772885985	9.94487	-0.17108682	1.8735801
1663772886003	9.564112	-0.61046886	1.0642079
1663772886022	9.42174	-1.4075779	0.6765706
1663772886054	9.241081	-1.9486549	0.5733801
1663772886072	9.275777	-1.9845473	0.8859426
1663772886087	9.364311	-1.6591234	1.3037893
1663772886102	9.270991	-1.1036894	1.7117655
1663772886120	8.848359	-0.54705906	1.9728823
1663772886138	8.481061	-0.17467605	2.1451654
1663772886167	8.381459	-0.08255238	2.315355
1663772886187	8.402995	-0.05383851	2.7041886
1663772886202	8.346764	-0.086141616	3.0358937
1663772886221	8.408977	-0.1471586	3.0263224
1663772886253	8.952447	-0.43100718	3.025126
1663772886263	9.315259	-1.0019945	3.4187453
1663772886272	9.42174	-1.6016957	4.549952
1663772886300	9.328419	-1.9007984	6.0379887
1663772886312	8.867501	-2.1798615	6.061917
1663772886335	8.599505	-2.2588246	4.7416773
1663772886353	8.643773	-1.1682956	3.551846
1663772886372	8.362317	0.05623133	2.8345976
1663772886391	7.626225	-0.18664017	2.2145574
1663772886407	8.727522	-1.2029916	2.1332014
1663772886429	14.33211	-1.0438689	4.462614
1663772886459	20.541185	0.42981076	3.301497
1663772886469	13.99203	-0.84855473	-0.7791629
1663772886486	6.9523463	-1.9127626	-2.1317058
1663772886505	5.211867	-1.0366904	-0.6523433
1663772886524	7.3256264	0.5374878	1.4509479
1663772886542	10.416555	0.73130643	3.0993035
1663772886566	11.699706	0.36640096	3.545864
1663772886586	11.899806	0.74566334	3.464508
1663772886607	10.82842	1.1455638	2.8501508
1663772886627	9.449257	1.6435701	1.7922242
1663772886655	8.242676	2.1894326	0.57577294
1663772886669	7.6716886	2.3306093	0.08644072
1663772886687	7.689635	2.0697916	0.2527419
1663772886705	8.050054	1.5358931	0.5733801
1663772886717	8.03809	0.90149593	0.7686943
1663772886736	7.969894	0.45134616	1.1132607
1663772886752	7.9794655	0.2970091	1.6746768
1663772886775	8.3994055	0.6774679	1.8687944
1663772886796	8.990732	1.0247263	2.3189442
1663772886821	9.408579	1.1850454	2.992823
1663772886852	9.889835	1.1300105	3.8138602
1663772886858	10.336395	1.0019945	4.5451665
1663772886871	10.618749	1.0953146	4.2592244
1663772886890	10.678569	1.4976078	3.1710882
1663772886908	10.215558	1.7404794	2.5079772
1663772886934	9.416953	1.8541385	2.5558336
1663772886953	8.959625	1.8373886	2.5486553
1663772886969	8.655737	1.7261224	2.288735
1663772886985	8.507381	1.5586249	2.082952
1663772887004	8.566006	1.3082758	1.9561325
1663772887025	8.555239	0.95653087	1.5251254
1663772887064	8.454441	0.44057846	0.96849495
1663772887072	8.496614	0.11006984	0.5159524
1663772887089	8.739486	0.06460621	0.3711866
1663772887102	9.262616	0.27906293	0.48125646
1663772887125	10.827224	0.87996054	0.7268199
1663772887140	14.51875	1.8517456	0.42502514
1663772887167	15.31257	2.3485553	-0.44745782
1663772887184	13.641482	3.039483	-0.12323037
1663772887201	9.339187	3.7145581	0.87278205
1663772887221	6.4698935	2.6778677	1.2990036
1663772887245	6.0508504	1.2364911	0.65982085
1663772887259	8.515757	0.05623133	0.44895336
1663772887275	9.97478	-0.87607217	-1.4542379
1663772887301	10.227522	-1.0989038	-3.4558342
1663772887317	11.021042	-0.62482584	-2.6045876
1663772887334	10.59841	-0.05383851	-0.5494519
1663772887354	9.393025	0.4764708	0.43938205
1663772887370	8.668898	0.56859446	0.16181463
1663772887390	8.859127	0.26949164	0.37836507
1663772887409	10.099207	0.14237295	2.2815564
1663772887446	11.345569	0.57457656	3.568596
1663772887463	11.241181	0.4334	3.5614173
1663772887468	10.570892	-0.25603202	2.373979
1663772887489	9.827621	-1.2616158	1.326521
1663772887505	9.559326	-1.887638	0.7423732
1663772887524	9.673285	-1.8780667	0.5518447
1663772887551	9.223135	-1.3908281	0.3807579
1663772887569	8.425727	-1.0199406	0.47168517
1663772887586	8.231908	-0.47048876	0.54346985
1663772887603	8.429316	0.23958136	0.43818563
1663772887621	8.507381	0.5566304	0.66699934
1663772887643	8.540881	0.44536412	1.6351951
1663772887659	9.098708	0.4334	2.9138598
1663772887683	9.984351	0.42622152	3.757629
1663772887700	10.272985	-0.09092726	4.5885367
1663772887725	10.409377	-0.8341978	5.4239306
1663772887741	10.105189	-1.5047864	5.3090754
1663772887766	9.290133	-1.5047864	4.085745
1663772887777	9.075976	-0.5805586	2.646761
1663772887794	8.936893	0.37357944	1.8747765
1663772887812	8.670094	0.92303133	1.4437693
1663772887838	8.253444	0.26590243	1.2116655
1663772887857	8.983554	-1.2149557	0.97567344
1663772887870	11.578869	-1.6519449	1.2750753
1663772887889	12.962817	-1.9319052	0.83688974
1663772887914	10.714461	-2.9793632	-0.60687965
1663772887940	9.4432745	-2.819044	-1.5643078
1663772887957	10.179666	-0.9936196	-0.76600236
1663772887973	10.560124	0.62841505	0.4764708
1663772887986	9.783355	1.3719847	1.5993029
1663772888007	9.176475	1.625624	2.4601207
1663772888026	9.505488	1.8900307	3.281158
1663772888049	9.922138	2.0003998	3.2009985
1663772888071	9.473185	1.3489537	3.5434713
1663772888085	9.827621	0.7085746	3.6834514
1663772888101	11.047363	0.25872394	1.1826526
1663772888120	11.214861	0.06460621	-2.5591238
1663772888142	10.305289	0.67148584	-3.6424742
1663772888157	9.075976	1.1623136	-3.3290145
1663772888186	7.7590265	1.5131612	-2.1966112
1663772888202	6.984649	1.7823538	-1.3884354
1663772888220	7.4599237	1.9680966	-0.9000004
1663772888244	8.631808	1.7105691	-0.1794617
1663772888262	9.504292	0.8703892	0.8703892
1663772888276	10.202397	0.16031912	2.9042885
1663772888301	11.662618	0.35682967	5.340182
1663772888320	13.855639	0.65353966	6.5898337
1663772888331	12.036197	1.21017	4.970192
1663772888354	7.9890366	1.0283155	1.9884356
1663772888372	7.50778	0.27068806	0.3580261
1663772888389	9.815658	0.49202415	-2.0443678
1663772888420	10.786546	0.61884373	-3.1217363
1663772888446	10.22154	0.56380886	-2.8202405
1663772888468	9.537791	0.37477586	-2.288735
1663772888474	9.021839	-0.09810573	-1.5332011
1663772888490	9.590433	-0.29072794	-0.16749759
1663772888506	10.682158	-0.3580261	1.2092727
1663772888526	11.140683	-0.25842485	1.8424734
1663772888544	10.524232	-0.0526421	1.7213368
1663772888568	9.471989	-0.15672988	1.3049856
1663772888586	9.0747795	-0.3711866	0.8883354
1663772888601	9.404989	-0.581755	0.3077768
1663772888624	9.924531	-0.84137625	-0.4833502
1663772888643	10.069297	-0.93738824	-1.0112667
1663772888676	9.5353985	-0.8246265	-1.2795619
1663772888687	9.0341015	-0.4441677	-1.3752748
1663772888831	8.981161	-0.013160525	-0.9945169
1663772888849	9.208778	0.15792629	-0.01794617
1663772888863	9.562916	-0.08015956	0.9828519
1663772888871	10.086046	-0.5805586	1.6674982
1663772888879	10.341181	-1.0091729	1.8197416
1663772888888	10.143475	-1.21017	1.3827524
1663772888898	9.797711	-1.2592229	0.4956134
1663772888907	9.674481	-1.1682956	-0.25962126
1663772888919	9.759426	-1.0366904	-0.5721837
1663772888936	9.783355	-0.80907315	-0.39840496
1663772889035	9.853943	-0.53629136	0.019142581
1663772889043	9.715159	-0.2739782	0.44057846
1663772889050	9.629018	0.010767702	0.8500503
1663772889057	9.631411	0.20338993	1.0247263
1663772889063	9.530613	-0.086141616	0.79142606
1663772889068	10.434502	-0.31465617	0.58893347
1663772889073	10.922936	-0.689432	0.7579266
1663772889079	10.33161	-1.0546366	0.9708878
1663772889083	9.253045	-0.7791629	0.39631125
1663772889089	8.696415	0.38913277	-0.37447673
1663772889096	9.340384	1.0953146	-0.69541407
1663772889142	9.935299	0.65353966	-0.16271193
1663772889156	10.405787	-0.4848457	0.94695956
1663772889258	10.105189	-0.8808578	2.9425735
1663772889273	9.515059	-0.58534425	2.9676983
1663772889286	9.285348	0.062213387	1.9369899
1663772889296	9.537791	0.50159544	1.4138591
1663772889307	9.816854	0.2754737	1.7165512
1663772889318	9.589237	-0.08135597	1.745265
1663772889330	9.556933	-0.0634098	1.896312
1663772889341	9.837193	0.11006984	1.867598
