Timestamp 	 X 	 Y 	 Z 
1663680890343	-0.05635066	0.29099235	-0.0092390645
1663680890509	0.015347538	0.077501245	-0.011682454
1663680890733	0.03321482	0.025426516	-0.020997874
1663680890921	0.068033114	0.023899399	-0.018325418
1663680891125	0.053601846	-0.011606098	-0.021303298
1663680891345	0.048027866	-0.02443389	-0.004810422
1663680891577	0.0381016	0.02725906	0.002519745
1663680891721	-0.013973131	7.635591E-4	0.009926268
1663680892049	-0.059252184	-0.0077119465	0.014202199
1663680892176	-0.03657448	0.010918895	0.007482879
1663680892339	0.0122933015	0.004810422	0.004886778
1663680892550	0.07566871	0.069178455	-0.0017561859
1663680892845	0.10392039	0.040850412	0.013973131
1663680893038	0.0659715	0.042835664	0.015271181
1663680893291	-0.07108735	0.033138465	0.00167983
1663680893457	-0.10498937	-0.011453386	0.00671932
1663680893549	-0.038559735	0.016569233	-0.004275931
1663680893774	-0.011911522	-0.0069483877	-0.005421269
1663680894044	0.016645588	2.2906772E-4	7.635591E-5
1663680894284	0.09429955	-0.053525493	-0.0070247436
1663680894535	0.20081604	-0.024968382	0.0014507623
1663680894576	0.2990861	-0.09849912	0.037643462
1663680894815	0.11338852	-0.02535016	-0.12881242
1663680895096	0.0018325418	0.036116343	-0.083915144
1663680895180	0.18539214	-0.0076355906	-0.050242186
1663680895473	0.11461022	-0.07872294	-0.096972
1663680895611	-0.06681142	0.012216945	-0.07383616
1663680895860	-0.008475506	-0.09345963	0.03634541
1663680896095	0.1350736	0.01977618	0.009620844
1663680896298	0.086663954	-0.00503949	0.027106347
1663680896452	-0.014049487	0.004963134	0.030924143
1663680896591	-0.032909397	0.03191677	0.019318044
1663680896855	-0.043217443	0.0219905	0.0055739814
1663680897076	0.010155336	0.01718008	-0.01099525
1663680897293	0.022983128	0.034054734	-0.023364907
1663680897453	0.031840414	0.013744064	-0.026266431
1663680897593	0.034436513	0.013362284	-0.020768806
1663680897851	0.026648212	-0.0122933015	-0.012980504
1663680898084	-0.006413896	0.018249061	-0.014202199
1663680898321	7.635591E-4	0.03130592	-1.5271181E-4
1663680898547	0.0022906773	0.027182704	0.0031305922
1663680898596	0.024357535	0.004963134	0.0055739814
1663680898855	0.01565296	-0.010918895	0.00167983
1663680899162	0.005497625	0.01099525	0.0151184695
1663680899216	0.0060321167	-0.0052685575	0.014354911
1663680899568	-0.022983128	-0.018630842	0.01641652
1663680899720	-0.020387027	-0.06322269	0.010231691
1663680899880	-0.02260135	-0.037108973	-0.0061084726
1663680900123	-0.0581832	-0.05650337	-0.006872032
1663680900342	0.0038941512	-0.021608721	-0.013362284
1663680900471	0.0193944	-0.01641652	-0.014431266
1663680900691	0.046958882	-0.012446013	-0.016569233
1663680900856	0.0019088977	-0.003436016	-0.007482879
1663680901052	0.0062611843	-0.016798299	4.5813544E-4
1663680901311	0.13873868	-0.07314896	0.007482879
1663680901543	0.17378604	-0.08429692	-0.065513365
1663680901722	0.15614784	0.056427017	-0.18837002
1663680901914	0.16790664	0.21853061	-0.343907
1663680902057	0.20921518	-0.34230354	0.011606098
1663680902312	-0.13438639	0.14935215	-0.20845163
1663680902510	0.20715357	0.0025961008	0.0943759
1663680902792	0.09193251	-0.27068168	0.24533153
1663680902923	-0.07650862	0.32985753	0.15950748
1663680903051	-0.0070247436	0.21295662	-0.076432265
1663680903362	0.20921518	-0.19539477	-0.06253549
1663680903576	0.21998137	0.47859883	-0.1279725
1663680903802	-0.32359633	-0.41278005	0.059023116
1663680903944	-0.26701662	-0.3008423	0.14110571
1663680904135	-0.124001995	0.11766446	0.077501245
1663680904354	0.1692047	0.1913479	-0.06467345
1663680904746	0.32268006	-0.06910209	-0.16057648
1663680904761	0.32359633	0.33657685	-0.11331217
1663680904934	-0.12972869	-0.2851893	-0.11178505
1663680905138	-0.1447708	-0.2835095	0.2873273
1663680905374	-0.031076854	0.1963874	0.04123219
1663680905571	0.00633754	0.1511847	0.028480753
1663680905817	0.06123744	-0.06383354	-0.18943901
1663680905921	0.20990239	0.32756683	0.00503949
1663680906132	-0.13942589	-0.17164809	-0.054899897
1663680906344	-0.114839286	-0.40063944	0.121176824
1663680906597	-0.010308048	0.16882291	0.0022143214
1663680906776	-0.21165858	0.19241689	0.05505261
1663680906918	0.41293275	-0.0936887	-0.2339545
1663680907131	0.53693473	-0.040163208	-0.08101362
1663680907381	0.0704765	0.4608079	-0.20982604
1663680907572	-0.5804576	-0.45874628	0.38872793
1663680907784	-0.21952324	-0.08620582	-0.0045813546
1663680907923	-0.2780882	0.4258369	0.21471281
1663680908133	0.41392538	-0.102545984	-0.30618718
1663680908324	0.08857285	-0.23433629	-0.04023956
1663680908585	0.07711947	0.3832303	-0.1577513
1663680908799	-0.52578676	-0.4237753	0.29534465
1663680908980	0.085900396	-0.074217945	0.027717194
1663680909155	-0.14515258	0.5172349	0.01137703
1663680909398	0.45133978	-0.3381803	-0.10743276
1663680909591	0.48799062	0.3991123	-0.20463383
1663680909796	-0.103691325	-0.0827698	0.063909896
1663680910020	-0.34100547	-0.41048935	0.11712996
1663680910219	-0.1298814	0.45019442	0.10964708
1663680910369	0.022524992	0.2003579	-0.1672958
1663680910583	0.47256672	-0.5503734	-0.030160584
1663680910807	0.038865156	0.5422033	-0.33275905
1663680911032	-0.09185616	-0.3645231	0.26510772
1663680911175	-0.13026318	-0.21959959	0.030695075
1663680911368	-0.27236152	0.3773509	0.458899
1663680911560	0.0917798	0.23097663	-0.41529977
1663680911800	0.26526043	-0.3302393	0.18126893
1663680911966	0.25357798	0.32825404	-0.46256408
1663680912201	-0.23021306	-0.20654273	0.24250636
1663680912410	-0.29343575	-0.3250471	0.08025006
1663680912599	-0.13728791	0.33932567	0.45462307
1663680912804	0.03466558	0.02687728	-0.45515758
1663680913140	0.12308572	-0.37582377	0.11132691
1663680913342	0.5699205	0.45133978	-0.34153998
1663680913414	0.022066858	-0.35849097	0.21875967
1663680913686	-0.04161397	-0.066506	-0.19180603
1663680913836	-0.026724568	0.41812494	0.21188764
1663680914140	0.3481066	-0.2741177	-0.13484453
1663680914338	0.5601469	-0.030847786	0.078035735
1663680914505	0.28083703	0.08047912	0.043370154
1663680914809	0.34749573	-0.13186665	-0.05612159
1663680914824	-0.029167956	0.04734066	0.031840414
1663680915093	-0.05833591	0.030924143	0.02069245
1663680915277	-0.11438115	-0.05993939	-0.03787253
1663680915439	-0.19875443	-0.014278554	-0.024510246
