Timestamp 	 X 	 Y 	 Z 
1663681439104	10.563714	-0.60687965	5.8154564
1663681439108	10.463215	-1.0725827	3.205784
1663681439112	10.342378	-1.189831	-0.61405814
1663681439116	10.2825575	-0.3074777	-3.4163525
1663681439119	9.839586	-0.17347965	-2.0659032
1663681439124	9.920941	-0.40827537	0.82612205
1663681439137	9.611072	-0.6655038	1.4868401
1663681439147	9.208778	-0.8006983	0.46091747
1663681439238	9.219545	-0.6343971	-0.2644069
1663681439243	9.433703	-0.5721837	-0.17347965
1663681439248	9.68166	-0.57816577	0.25633112
1663681439254	10.013065	-0.5841478	0.5159524
1663681439258	10.292129	-0.64995044	0.5937191
1663681439264	10.305289	-0.71336025	0.57816577
1663681439268	10.105189	-0.7540382	0.60329044
1663681439273	9.810872	-0.70378894	0.3999005
1663681439279	9.552148	-0.62123656	0.2324029
1663681439326	9.314062	-0.6451648	0.2431706
1663681439340	9.2590275	-0.70618176	0.2335993
1663681439470	9.387043	-0.6978069	0.1905285
1663681439484	9.564112	-0.6008976	0.13908282
1663681439497	9.5868435	-0.52911294	-0.047856454
1663681439515	9.491131	-0.5027919	-0.16390835
1663681439535	9.359526	-0.581755	-0.023928227
1663681439544	9.4229355	-0.6678966	0.20488544
1663681439550	9.638589	-0.6667002	0.36041892
1663681439558	10.083653	-0.6260222	0.4657031
1663681439570	10.5996065	-0.6343971	0.6044868
1663681439582	10.829617	-0.7372885	0.8428718
1663681439595	10.582856	-0.8676973	0.8739785
1663681439607	10.036994	-0.89431745	0.5099703
1663681439621	9.572487	-0.79471624	0.08883354
1663681439663	9.312865	-0.6008976	-0.124426775
1663681439676	9.397811	-0.43818563	-0.20937198
1663681439691	9.613464	-0.38434714	-0.06819545
1663681439705	9.783355	-0.36520454	0.21326032
1663681439716	9.806087	-0.42622152	0.37477586
1663681439727	9.795319	-0.5075775	0.37477586
1663681439754	9.802497	-0.61046886	0.26470602
1663681439767	9.757033	-0.7085746	0.18454644
1663681439803	9.731909	-0.75523466	0.18215363
1663681439813	9.785748	-0.7073782	0.19651055
1663681439826	9.856336	-0.6367899	0.1905285
1663681439840	9.861121	-0.56859446	0.18813568
1663681439850	9.85155	-0.5063811	0.16540386
1663681439864	9.835997	-0.49441698	0.17377874
1663681439878	9.822836	-0.4860421	0.17377874
1663681439890	9.795319	-0.46929234	0.1689931
1663681439938	9.767801	-0.4226323	0.13549358
1663681439951	9.709177	-0.41545382	0.119940236
1663681439979	9.658928	-0.4621139	0.12233306
1663681439993	9.740284	-0.520738	0.09361918
1663681440021	9.713963	-0.57457656	0.07088737
1663681440034	9.725926	-0.56380886	0.11874382
1663681440046	9.904192	-0.5494519	0.14147563
1663681440058	9.984351	-0.53389853	0.16660027
1663681440070	9.883853	-0.4956134	0.14386846
1663681440081	9.78814	-0.4334	0.0840479
1663681440139	9.729516	-0.39750767	0.059820566
1663681440151	9.697213	-0.39750767	0.05383851
1663681440161	9.69482	-0.4034897	0.050249275
1663681440171	9.772587	-0.39511484	0.07686943
1663681440270	9.784551	-0.3819543	0.061016977
1663681440286	9.790533	-0.39631125	0.06610172
1663681440296	9.802497	-0.3687938	0.051445685
1663681440312	9.813265	-0.35204405	0.05503492
1663681440322	9.943673	-0.41904306	0.17736799
1663681440331	9.989138	-0.53629136	0.34247273
1663681440341	9.920941	-0.58534425	0.44895336
1663681440355	9.889835	-0.50039905	0.3484548
1663681440368	9.8682995	-0.43100718	0.16660027
1663681440469	9.812068	-0.4010969	0.12113664
1663681440483	9.730712	-0.4860421	0.11874382
1663681440492	9.742677	-0.5243273	0.11874382
1663681440497	9.730712	-0.54466623	0.20727827
1663681440510	9.798908	-0.60687965	0.29222345
1663681440527	9.861121	-0.6559325	0.38913277
1663681440537	9.97837	-0.70618176	0.67417777
1663681440547	10.350753	-0.73848486	1.0450653
1663681440559	10.478768	-0.71216387	1.218844
1663681440572	10.059726	-0.56500524	0.9206385
1663681440587	9.339187	-0.3711866	-0.12083755
1663681440603	8.783752	-0.3278167	-0.6786643
1663681440616	9.041281	-0.43100718	-0.36011982
1663681440665	9.327223	-0.5590232	0.42502514
1663681440680	9.479167	-0.70378894	1.0067801
1663681440696	9.688838	-0.6750751	0.7220342
1663681440710	9.748658	-0.57577294	0.33290145
1663681440723	9.751051	-0.57816577	0.5374878
1663681440737	9.9089775	-0.65353966	0.80937225
1663681440747	9.900602	-0.7157531	0.71246296
1663681440758	9.794122	-0.63200426	0.581755
1663681440775	9.780962	-0.5171488	0.6260222
1663681440813	9.642178	-0.46929234	0.5913263
1663681440823	9.5557375	-0.48364928	0.50039905
1663681440833	9.607482	-0.47527438	0.47168517
1663681440845	9.77498	-0.53389853	0.657428
1663681440865	9.934102	-0.5709873	0.8021938
1663681440877	9.867104	-0.6726823	0.7495517
1663681440891	9.730712	-0.7109674	0.5386842
1663681440935	9.59163	-0.6343971	0.49322057
1663681440950	9.582058	-0.5709873	0.5099703
1663681440966	9.624231	-0.52911294	0.5315057
1663681440979	9.729516	-0.5949155	0.6008976
1663681441065	9.782158	-0.6678966	0.6562316
1663681441081	9.662517	-0.7325028	0.5733801
1663681441091	9.768997	-0.6942177	0.637089
1663681441097	9.925728	-0.7289136	0.799801
1663681441107	9.954441	-0.77318084	0.8644072
1663681441119	9.876675	-0.74566334	0.6418747
1663681441139	9.757033	-0.6906284	0.46091747
1663681441153	9.686445	-0.6056832	0.45254257
1663681441163	9.639785	-0.49082774	0.5195416
1663681441172	9.606286	-0.38554356	0.3687938
1663681441266	9.61466	-0.34965122	0.3819543
1663681441277	9.728319	-0.37357944	0.47886363
1663681441285	9.824033	-0.49082774	0.53988063
1663681441295	9.838389	-0.49800622	0.43698925
1663681441303	9.830014	-0.46331027	0.3364907
1663681441311	9.812068	-0.39032918	0.36759737
1663681441319	9.739087	-0.3580261	0.46331027
1663681441327	9.686445	-0.36281174	0.4226323
1663681441336	9.621839	-0.3592225	0.35324043
1663681441468	9.519845	-0.33050862	0.31974092
1663681441484	9.462418	-0.3472584	0.31974092
1663681441494	9.5760765	-0.3472584	0.3281158
1663681441503	9.729516	-0.36520454	0.32452658
1663681441513	9.895817	-0.38315073	0.4334
1663681441528	10.025029	-0.4441677	0.56859446
1663681441538	9.967602	-0.5458627	0.6044868
1663681441551	9.864711	-0.57457656	0.44177487
1663681441561	9.813265	-0.61046886	0.30418757
1663681441573	9.748658	-0.62841505	0.20368902
1663681441584	9.686445	-0.6128617	0.090029955
1663681441597	9.597911	-0.5195416	0.03589234
1663681441606	9.515059	-0.3915256	-0.0741775
1663681441668	9.573684	-0.30029923	-0.20578274
1663681441681	9.721141	-0.23569304	-0.25124636
1663681441693	9.910174	-0.16510476	-0.11006984
1663681441706	10.048958	-0.1268196	0.07328019
1663681441720	10.080065	-0.08135597	0.12831512
1663681441777	9.960423	-0.020338992	0.08644072
1663681441790	9.803694	-0.016749758	-0.041874398
1663681441797	9.801301	0.032303106	-0.14596218
1663681441805	9.9089775	0.06819545	-0.23330021
1663681441835	10.036994	0.07058827	-0.148355
1663681441849	10.074082	0.061016977	-0.02871387
1663681441863	10.023833	0.07058827	-0.09092726
1663681441874	9.966406	0.11724831	-0.24646074
1663681441886	9.889835	0.17347965	-0.37447673
1663681441900	9.825229	0.17347965	-0.38763726
1663681441914	9.806087	0.18544376	-0.35413775
1663681441940	9.853943	0.25992036	-0.34456646
1663681441953	9.9089775	0.2958127	-0.3278167
1663681441977	10.007083	0.33888352	-0.29192436
1663681441986	10.113564	0.44057846	-0.29910284
1663681442066	10.182058	0.5135596	-0.27517462
1663681442082	10.261022	0.55782676	-0.22731815
1663681442095	10.2347	0.5171488	-0.18065812
1663681442108	10.019048	0.4106682	-0.12203395
1663681442117	9.767801	0.2958127	-0.1591227
1663681442127	9.516255	0.28863424	-0.26919255
1663681442141	9.38465	0.24675983	-0.13519448
1663681442150	9.394221	0.20817557	0.18693927
1663681442177	9.32124	0.15194423	0.541077
1663681442187	9.241081	0.039481573	0.81894356
1663681442268	9.29133	-0.032303106	0.98644114
1663681442281	9.419347	-0.13998012	1.0630114
1663681442293	9.440882	-0.2213361	1.1706885
1663681442305	9.397811	-0.3290131	1.1060823
1663681442313	9.192028	-0.40588254	1.0749756
1663681442325	9.175279	-0.42861435	0.9098708
1663681442336	9.381062	-0.3278167	0.37836507
1663681442349	9.8348	-0.01794617	-0.2656033
1663681442362	10.642677	0.70618176	-0.43908295
1663681442466	12.032608	1.3899308	-0.41754755
1663681442480	12.462419	1.4066806	-0.08255238
1663681442492	11.198111	0.91226363	0.5518447
1663681442500	9.800104	0.24795625	0.57936215
1663681442509	8.982357	-0.38673997	0.12233306
1663681442520	8.732307	-0.811466	-0.058624156
1663681442535	8.893823	-0.9242278	0.0059820567
1663681442547	9.066405	-0.8425727	0.020338992
1663681442558	9.245867	-0.54705906	-0.14237295
1663681442568	9.262616	-0.24765715	-0.52911294
1663681442577	9.32483	-0.104087785	-0.84017986
1663681442587	9.6529455	-0.038285162	-0.47377887
1663681442602	10.032208	-0.031106694	0.17497516
1663681442665	10.20479	-0.1363909	0.6116653
1663681442678	10.154541	-0.32422748	0.7399804
1663681442690	9.923335	-0.51116675	0.7280163
1663681442702	9.633803	-0.6655038	0.56859446
1663681442713	9.475577	-0.82941216	0.29940194
1663681442736	9.479167	-0.88683987	0.058624156
1663681442748	9.630214	-0.8545368	0.046660043
1663681442777	9.713963	-0.770788	0.1055833
1663681442788	9.729516	-0.6200402	0.22881366
1663681442800	9.757033	-0.41545382	0.4621139
1663681442823	9.80489	-0.34127632	0.69332033
1663681442834	9.877871	-0.3074777	0.76630145
1663681442845	9.869496	-0.3580261	0.6454639
1663681442867	9.813265	-0.541077	0.42981076
1663681442882	9.742677	-0.64995044	0.29222345
1663681442895	9.667302	-0.6583253	0.2431706
1663681442941	9.658928	-0.6092725	0.28265217
1663681442955	9.674481	-0.57577294	0.34366915
1663681442984	9.746265	-0.6044868	0.46091747
1663681442998	9.852746	-0.61764735	0.6406783
1663681443067	9.942477	-0.581755	0.76510507
1663681443085	9.924531	-0.5087739	0.74596244
1663681443095	9.859925	-0.49322057	0.5482555
1663681443107	9.856336	-0.53988063	0.35682967
1663681443121	9.946067	-0.63798636	0.4872385
1663681443132	9.987941	-0.6798607	0.6466603
1663681443145	9.863514	-0.7600203	0.738784
1663681443158	9.760623	-0.73130643	0.4118646
1663681443179	9.753445	-0.669093	0.2431706
1663681443188	9.684052	-0.67028946	0.32333016
1663681443201	9.639785	-0.5829514	0.27188447
1663681443266	9.6326065	-0.48364928	0.27786654
1663681443278	9.64457	-0.46809593	0.4022933
1663681443291	9.629018	-0.4621139	0.3364907
1663681443300	9.666106	-0.4118646	0.28983065
1663681443309	9.67807	-0.35084763	0.26470602
1663681443320	9.748658	-0.317049	0.29461628
1663681443331	9.739087	-0.317049	0.2228316
1663681443342	9.752248	-0.2847459	0.20847467
1663681443391	9.786943	-0.21535404	0.21206391
1663681443405	9.845568	-0.15792629	0.23718855
1663681443464	9.840782	-0.18424734	0.24675983
1663681443480	9.74148	-0.25004998	0.22522444
1663681443494	9.685248	-0.3364907	0.18215363
1663681443504	9.685248	-0.39391842	0.12233306
1663681443513	9.806087	-0.4214359	0.10917253
1663681443530	9.907782	-0.4142574	0.1905285
1663681443545	9.930513	-0.36400816	0.3400799
1663681443553	9.906585	-0.29671	0.42023948
1663681443570	9.893424	-0.2727818	0.40827537
1663681443582	9.845568	-0.3290131	0.2862414
1663681443594	9.800104	-0.4441677	0.1797608
1663681443668	9.783355	-0.4848457	0.1271187
1663681443683	9.759426	-0.45134616	0.10917253
1663681443694	9.70798	-0.41665024	0.14027923
1663681443703	9.735498	-0.392722	0.14985052
1663681443718	9.839586	-0.42981076	0.1893321
1663681443739	9.930513	-0.43818563	0.2958127
1663681443751	9.8682995	-0.45254257	0.29940194
1663681443777	9.782158	-0.40947178	0.15583257
1663681443786	9.730712	-0.39631125	0.009571291
1663681443798	9.697213	-0.38673997	0.06729814
1663681443823	9.70798	-0.37956148	0.17617157
1663681443834	9.768997	-0.4010969	0.2324029
1663681443845	9.856336	-0.44895336	0.26829523
1663681443865	9.966406	-0.4621139	0.25752753
1663681443877	9.876675	-0.45972106	0.17497516
1663681443889	9.730712	-0.36520454	0.20368902
1663681443944	9.740284	-0.2943172	0.33888352
1663681443959	9.80489	-0.32422748	0.49441698
1663681443981	9.809675	-0.35563326	0.4956134
1663681443991	9.760623	-0.4022933	0.32452658
1663681444002	9.672089	-0.45254257	0.112761766
1663681444015	9.650553	-0.46091747	-0.01794617
1663681444097	9.719945	-0.4884349	0.06610172
1663681444115	9.81805	-0.45852464	0.23838496
1663681444127	9.833604	-0.4668995	0.34366915
1663681444142	9.778569	-0.43818563	0.3400799
1663681444154	9.740284	-0.36281174	0.2551347
1663681444165	9.723534	-0.2955136	0.14027923
1663681444183	9.797711	-0.23090738	0.14147563
1663681444195	9.85155	-0.2632105	0.20249261
1663681444201	9.877871	-0.33170503	0.2730809
1663681444263	9.846765	-0.42023948	0.3687938
1663681444272	9.798908	-0.34127632	0.29102704
1663681444279	9.698409	-0.21415763	0.2108675
1663681444284	9.6529455	-0.1363909	0.13190435
1663681444289	9.668499	-0.19860429	0.17617157
1663681444318	9.713963	-0.32662028	0.25752753
1663681444325	9.777372	-0.4668995	0.2324029
1663681444332	9.820443	-0.5099703	0.23838496
1663681444396	9.835997	-0.5075775	0.29222345
1663681444407	9.803694	-0.453739	0.32452658
1663681444420	9.7247305	-0.4429713	0.28743783
1663681444465	9.638589	-0.48245287	0.18215363
1663681444479	9.663713	-0.56141603	0.06849455
1663681444492	9.716355	-0.58534425	0.09720842
1663681444503	9.776176	-0.50398827	0.16540386
1663681444513	9.812068	-0.40707895	0.22881366
1663681444548	9.8348	-0.41665024	0.31256247
1663681444559	9.892228	-0.43100718	0.3915256
1663681444572	9.91137	-0.45972106	0.37716866
1663681444585	9.883853	-0.4441677	0.28863424
1663681444595	9.828818	-0.48006004	0.285045
1663681444667	9.802497	-0.49441698	0.2958127
1663681444685	9.78814	-0.5279165	0.21804596
1663681444695	9.753445	-0.56500524	0.17856438
1663681444709	9.691231	-0.59970117	0.2204388
1663681444723	9.667302	-0.52552366	0.2216352
1663681444738	9.667302	-0.453739	0.1689931
1663681444753	9.727123	-0.40588254	0.14027923
1663681444779	9.894621	-0.3699902	0.2623132
1663681444793	9.9089775	-0.31345975	0.35682967
1663681444803	9.801301	-0.34247273	0.36041892
1663681444814	9.698409	-0.3687938	0.28983065
1663681444826	9.68166	-0.38793638	0.21206391
1663681444839	9.778569	-0.42861435	0.23001008
1663681444864	9.840782	-0.41904306	0.34247273
1663681444880	9.844372	-0.45732823	0.5171488
1663681444891	9.828818	-0.48125646	0.5805586
1663681444940	9.807282	-0.5027919	0.5135596
1663681444961	9.757033	-0.51116675	0.45014977
1663681444978	9.734302	-0.57577294	0.42502514
1663681444988	9.719945	-0.5697909	0.44775695
1663681444999	9.672089	-0.55782676	0.42981076
1663681445018	9.640982	-0.5243273	0.4010969
1663681445068	9.700802	-0.4968098	0.4118646
1663681445083	9.784551	-0.45972106	0.4549354
1663681445096	9.827621	-0.44057846	0.44656053
1663681445108	9.806087	-0.4334	0.44057846
1663681445146	9.755837	-0.44895336	0.42622152
1663681445163	9.746265	-0.43938205	0.36400816
1663681445184	9.746265	-0.45613182	0.30538398
1663681445193	9.712767	-0.48125646	0.37597227
1663681445206	9.737891	-0.35084763	0.4645067
1663681445270	9.71157	-0.22372891	0.5458627
1663681445286	9.719945	-0.22851457	0.46929234
1663681445296	9.764212	-0.28594232	0.39391842
1663681445312	9.796515	-0.3074777	0.38673997
1663681445324	9.743873	-0.29790643	0.42861435
1663681445333	9.59163	-0.19740787	0.41545382
1663681445344	9.479167	-0.106480606	0.3364907
1663681445361	9.521041	-0.10289137	0.31136605
1663681445395	9.770194	-0.13519448	0.39511484
1663681445408	9.897014	-0.16630118	0.5518447
1663681445420	9.850353	-0.27756742	0.71365935
1663681445464	9.812068	-0.39631125	0.657428
1663681445474	9.699606	-0.61405814	0.5733801
1663681445485	9.527023	-0.9708878	0.4848457
1663681445494	9.370294	-1.2843475	0.37597227
1663681445508	9.159725	-1.6339988	0.23838496
1663681445548	9.254242	-1.7727824	-0.148355
1663681445563	9.357133	-1.7668004	-0.30149564
1663681445576	9.3308115	-1.6220347	-0.1471586
1663681445587	9.533006	-1.2807583	0.24197419
1663681445602	9.870692	-0.8330014	0.88235337
1663681445611	10.180862	-0.45972106	1.2631112
1663681445622	10.293324	-0.39511484	1.2475579
1663681445662	10.099207	-0.6858428	1.4318053
1663681445673	9.682856	-0.9385847	1.2631112
1663681445685	9.309277	-1.1120644	1.0378869
1663681445743	9.0341015	-1.2197413	0.7423732
1663681445762	9.080762	-1.1790633	0.66341007
1663681445819	9.225528	-1.0259227	0.9302098
1663681445834	9.352347	-0.8150552	1.3133606
1663681445847	9.493524	-0.57457656	1.5382859
1663681445856	9.637392	-0.2213361	1.3815559
1663681445871	9.64816	-0.0011964113	1.2044871
1663681445884	9.432507	-0.050249275	1.2439687
1663681445898	9.243474	-0.33409786	1.4401802
1663681445911	9.170493	-0.8955139	1.5287145
1663681445922	9.366704	-1.6710875	1.4090735
1663681445931	9.5868435	-2.3174486	1.3648062
1663681445943	9.985548	-2.2528424	1.6363916
1663681446035	10.142278	-1.7380866	1.8484555
1663681446050	9.94487	-1.4159528	1.8843478
1663681446062	9.810872	-1.2951152	1.8065811
1663681446074	9.630214	-1.3274183	1.3971093
1663681446086	10.066904	-1.8421743	0.20727827
1663681446101	10.833205	-2.9183464	-1.5774683
1663681446112	12.080464	-3.478566	-1.5224334
1663681446127	14.761921	-1.7967107	-0.27517462
1663681446139	17.231314	0.29820552	-0.124426775
1663681446149	15.602101	0.80937225	-0.63200426
1663681446223	12.918251	0.62841505	-1.9175483
1663681446237	10.375877	0.031106694	-2.5040889
1663681446250	8.670094	0.16749759	-2.5112674
1663681446262	7.912466	0.72053874	-2.4466612
1663681446273	7.6944203	1.082154	-2.0359929
1663681446283	7.9686975	1.096511	-1.6663018
1663681446297	8.241479	1.0809577	-1.5702899
1663681446310	8.236693	1.2496517	-1.9869401
1663681446334	8.154141	1.5610176	-2.4071796
1663681446344	8.167302	1.6339988	-2.347359
1663681446355	8.64138	1.5993029	-1.7572291
1663681446399	9.385847	1.6519449	-0.9526425
1663681446417	9.97837	1.7979071	-0.13280165
1663681446432	10.05494	1.9992033	0.5183452
1663681446444	9.626625	1.9992033	0.96729857
1663681446466	9.105886	1.6136597	0.93619186
1663681446479	8.6294155	0.91226363	0.5721837
1663681446493	8.298907	0.13878371	0.15463616
1663681446504	8.180463	-0.39750767	-0.010767702
1663681446550	8.209176	-0.6343971	0.090029955
1663681446562	8.326425	-0.541077	0.392722
1663681446570	8.472686	-0.0526421	0.59970117
1663681446583	8.753842	0.4022933	0.5159524
1663681446594	9.247063	0.68464637	0.33170503
1663681446608	9.940084	0.9314062	0.41904306
1663681446621	10.259826	0.81894356	0.8572287
1663681446665	10.311271	0.8321041	1.0450653
1663681446680	10.215558	1.0175478	0.8739785
1663681446693	9.853943	1.0606186	0.602094
1663681446744	9.64816	0.6726823	0.6056832
1663681446763	9.359526	-0.08973085	1.0163515
1663681446823	9.377472	-0.37357944	1.5693926
1663681446842	9.452846	0.021535404	2.3141587
1663681446852	9.696016	0.6870392	1.1901301
1663681446861	11.877074	1.4246268	-1.3704891
1663681446874	14.011173	3.5647075	-2.0862422
1663681446884	13.581661	4.108177	-1.3010973
1663681446895	11.620743	2.7448666	-3.4522448
1663681446909	10.477572	1.5801603	-4.918447
1663681446923	11.213664	0.63798636	-4.2912283
1663681446949	11.181361	-0.15792629	-3.2473595
1663681446963	10.495519	-0.18903299	-3.1348968
1663681447022	9.919745	-0.26799613	-2.6620152
1663681447035	9.503095	-0.44775695	-1.2221341
1663681447046	9.009874	-0.30269206	-0.22253251
1663681447057	8.352746	0.043070808	-0.039481573
1663681447072	7.947162	-0.061016977	-0.28235307
1663681447083	7.9914293	-0.36281174	-0.9454641
1663681447094	8.194819	-0.32303107	-1.311865
1663681447107	8.503793	-0.2883351	-0.4426722
1663681447146	9.103494	-0.21535404	0.9242278
1663681447160	9.536594	-0.3376871	1.6866409
1663681447222	9.409775	-0.64037913	1.5622141
1663681447228	8.868698	-1.061815	0.79740816
1663681447237	7.9746795	-1.3369896	0.30538398
1663681447246	7.220342	-1.2987045	0.25393832
1663681447252	6.890133	-1.1419746	0.49441698
1663681447261	7.2909307	-1.055833	0.67776704
1663681447270	8.412566	-1.1300105	1.1961123
1663681447278	9.9293165	-1.338186	2.0315065
1663681447324	10.85833	-1.7847466	2.986841
1663681447340	10.843973	-2.1343977	3.0287154
1663681447354	10.198809	-2.3114667	1.7587247
1663681447432	9.642178	-1.8326031	0.5697909
1663681447443	9.870692	-0.9553344	0.033499517
1663681447452	12.152249	-0.7360921	-0.93589276
1663681447466	14.994025	-2.2636101	-1.5056837
1663681447480	15.192629	-2.8393831	1.015155
1663681447493	15.466907	0.12562318	1.3420744
1663681447503	14.437394	0.887139	-2.3174486
1663681447513	11.430513	0.34606197	-3.766901
1663681447548	8.991928	0.56380886	-3.2162528
1663681447558	7.7697945	0.8141579	-3.042773
1663681447572	7.160522	1.1204392	-2.5328028
1663681447587	7.574779	1.204188	-2.4801607
1663681447597	9.038888	1.0043873	-2.3198416
1663681447667	9.867104	0.61046886	-1.5846468
1663681447685	9.32124	0.2730809	-0.58654064
1663681447695	8.494222	0.148355	0.110368945
1663681447710	7.9316087	0.51116675	0.37597227
1663681447722	7.8020973	1.0043873	0.4441677
1663681447743	8.125427	0.72053874	0.7615158
1663681447754	8.580363	0.45254257	1.1937194
1663681447829	8.666505	-0.10767702	1.9250258
1663681447849	8.509774	-0.64277196	2.2121646
1663681447862	8.318049	-0.79950184	1.6603198
1663681447875	8.155337	-0.750449	1.0402796
1663681447888	8.194819	-0.88683987	1.3827524
1663681447897	8.799306	-0.97926265	1.5311074
1663681447910	9.824033	-0.6619146	0.7722835
1663681447919	10.481161	0.16151553	0.2335993
1663681447976	10.889437	1.4306089	0.3711866
1663681447989	11.06172	2.801098	0.994816
1663681447997	10.7685995	3.4965122	1.7021942
1663681448009	11.330015	3.44387	0.65024954
1663681448049	13.670196	3.3565319	-3.1683962
1663681448058	16.678272	2.9159534	-4.086642
1663681448070	16.278372	1.3911272	-3.5886357
1663681448079	12.714861	-0.72412795	-4.357031
1663681448091	9.314062	-2.0207388	-5.07069
1663681448100	8.569595	-2.495714	-5.055137
1663681448140	7.9591265	-1.7560327	-4.3414774
1663681448153	7.413264	-0.25004998	-3.4247274
1663681448255	8.807681	0.45254257	-3.1683962
1663681448270	9.843175	0.21296121	-1.7404794
1663681448278	9.437292	-0.11365908	-0.07178468
1663681448289	8.68804	0.05503492	0.8775677
1663681448300	8.069196	-0.5662017	0.7268199
1663681448311	7.932805	-1.2879368	0.13070793
1663681448323	8.044071	-1.4928222	0.18215363
1663681448333	8.327621	-1.4171492	0.541077
1663681448343	8.603095	-1.1144571	0.9625129
1663681448351	8.678469	-0.8712866	0.9409775
1663681448362	8.710772	-0.6942177	0.70169526
1663681448396	8.738289	-0.5183452	0.9086744
1663681448408	9.019445	-0.22851457	1.3576277
1663681448427	9.158528	0.26590243	1.637588
1663681448446	9.220742	0.38913277	1.5406786
1663681448455	9.081959	-0.013160525	1.3851452
1663681448467	8.8543415	-0.65952176	1.2607185
1663681448479	8.42453	-1.4712868	0.84406817
1663681448492	8.790932	-1.7991035	0.4334
1663681448542	10.685748	-2.0889342	0.031106694
1663681448555	14.407484	-3.173481	-1.0435698
1663681448574	17.115263	-6.1265235	-1.8146569
1663681448585	14.223237	-5.788836	-1.4099708
1663681448597	15.952949	2.0889342	-1.5248263
1663681448640	15.748063	5.022834	-3.9287157
1663681448652	11.757134	4.1635113	-3.9909291
1663681448664	8.863913	3.6655052	-2.3808584
1663681448678	7.4359956	2.9578278	-1.1910275
1663681448694	6.3107705	1.355235	-1.7321045
1663681448704	7.0672016	0.015553347	-3.301497
1663681448754	8.328817	-0.53270215	-3.4007993
1663681448766	8.707183	-0.3819543	-2.015654
1663681448798	8.59113	-0.13998012	0.2000998
1663681448811	8.653344	0.70378894	1.3097713
1663681448823	8.893823	1.6184454	1.4880366
1663681448835	9.035298	1.989632	1.1587243
1663681448848	8.491829	1.6304095	0.87637126
1663681448861	7.5269227	0.7360921	1.0259227
1663681448877	6.897311	-0.22372891	1.1730813
1663681448888	6.8015985	-1.102493	1.4114662
1663681448990	7.160522	-1.9067806	1.5000007
1663681448999	8.109874	-2.3461626	1.1754742
1663681449011	9.059227	-2.2169502	0.8213364
1663681449021	9.864711	-1.3800604	0.8117651
1663681449051	10.873883	0.14237295	0.61884373
1663681449063	11.673386	1.852942	0.75673014
1663681449071	11.912967	3.0320053	1.4521443
1663681449079	10.786546	3.114857	1.6148561
1663681449095	10.391431	3.0272198	0.25034907
1663681449104	12.3149605	3.688237	-2.2037897
1663681449140	15.267106	4.8469615	-2.9793632
1663681449153	17.668303	4.1524444	-3.0966115
1663681449256	14.268701	-0.37956148	-4.8933225
1663681449267	9.717552	-3.5730824	-5.8654065
1663681449284	9.728319	-3.4677982	-5.3913283
1663681449297	8.393424	-3.1710882	-4.2888355
1663681449303	6.6338015	-2.2588246	-3.69392
1663681449313	7.004988	-0.27876383	-2.9973094
1663681449321	8.496614	1.1778669	-1.5786648
1663681449330	9.752248	1.509572	-0.5554339
1663681449336	9.713963	1.3417753	0.38913277
1663681449342	9.200403	0.87637126	1.2535399
1663681449348	8.597113	0.1471586	1.6495521
1663681449468	8.060822	-0.40947178	1.3169497
1663681449484	7.747062	-0.8210373	0.738784
1663681449494	7.682456	-0.92542416	0.5769694
1663681449505	7.6980095	-0.56500524	0.5099703
1663681449521	7.902596	-0.09930214	0.45254257
1663681449530	8.193623	0.20937198	0.43818563
1663681449541	8.563613	0.16031912	0.8249256
1663681449546	9.066405	-0.5171488	1.4557334
1663681449557	10.026226	-1.4784653	1.7623138
1663681449572	10.576875	-2.646761	2.4828527
1663681449587	10.011869	-3.5838501	2.5666013
1663681449603	9.607482	-3.1025937	1.183849
1663681449614	10.51825	-1.8158532	-0.051445685
1663681449655	12.576077	-1.0713863	-1.0220344
1663681449667	14.424234	-1.9725832	-1.9163518
1663681449681	14.110774	-4.071089	-2.8860433
1663681449693	11.868699	-4.3357944	-5.427221
1663681449703	12.600006	0.78035927	-6.4495544
1663681449776	12.960424	6.0882382	-3.2413774
1663681449789	10.962418	6.5575304	-0.63559353
1663681449799	9.564112	4.9031925	0.40468612
1663681449809	10.249058	2.0673988	-1.2711871
1663681449821	9.798908	-0.5733801	-2.1771696
1663681449831	8.636594	-2.1343977	-2.076671
1663681449841	7.9567337	-2.3234308	-0.3062813
1663681449855	7.7853475	-1.9630119	1.1778669
1663681449866	8.115856	-1.2867404	0.72442704
1663681449876	8.664112	-0.42981076	0.30897322
1663681449889	8.176873	0.10767702	0.40707895
1663681449927	7.392925	0.73848486	0.48245287
1663681449937	6.798009	1.041476	0.8739785
1663681450052	6.4627147	1.1060823	1.1539388
1663681450063	6.873383	1.4413766	1.1072787
1663681450073	8.180463	1.704587	1.6663018
1663681450084	9.546165	1.2795619	1.9645073
1663681450093	10.957632	0.6966105	1.8101703
1663681450103	12.087643	0.26111677	1.7225332
1663681450112	11.816955	-0.086141616	1.9357935
1663681450123	10.532607	-0.05623133	1.2176477
1663681450144	9.1465645	0.24556342	0.6164509
1663681450154	9.260223	1.2903296	0.42502514
1663681450257	11.568101	3.1339993	-1.5583258
1663681450272	16.077375	5.617749	-3.4127634
1663681450282	17.612072	5.8537416	-1.7021942
1663681450289	12.708879	0.8775677	-2.2145574
1663681450301	8.8746805	-3.4606197	-5.0132627
1663681450313	10.550553	-3.9107695	-6.1660047
1663681450323	11.210075	-2.585744	-5.2884374
1663681450332	8.963215	-1.3597214	-4.067499
1663681450340	8.59472	-0.17467605	-1.5104693
1663681450353	9.497113	1.102493	-0.37208393
1663681450365	9.37149	1.2376875	0.047856454
1663681450469	8.62463	0.78873414	0.28265217
1663681450485	7.8344007	0.49202415	0.49800622
1663681450496	7.3172517	0.34965122	0.5841478
1663681450506	7.3304124	0.2670988	0.2970091
1663681450520	7.8427753	-0.02871387	0.14147563
1663681450533	8.616255	-0.47048876	0.3077768
1663681450542	8.8746805	-1.1443675	0.6801598
1663681450552	8.673683	-1.5227325	0.7579266
1663681450561	8.252247	-1.5346966	0.54705906
1663681450565	7.913663	-1.4075779	0.71007013
1663681450583	8.001	-0.98883396	1.4641083
1663681450591	8.434102	-0.36161533	2.3129623
1663681450596	8.886644	0.09332009	2.996412
1663681450665	9.050852	-0.040677983	2.99043
1663681450675	8.877073	-0.8808578	2.056631
1663681450684	8.677272	-1.7943178	1.2296118
1663681450698	9.394221	-2.0673988	1.1216356
1663681450711	10.945668	-2.0386848	2.0027926
1663681450773	13.428222	-2.4885356	1.4186447
1663681450785	16.520346	-3.7947176	-1.3058829
1663681450797	15.313766	-4.564309	-4.039982
1663681450811	13.434204	-0.84735835	-4.2673
1663681450822	13.464114	2.8094728	-3.409174
1663681450831	11.78824	4.325027	-2.926721
1663681450841	10.320843	5.043173	-1.6914265
1663681450851	9.083155	4.3334017	-0.58534425
1663681450863	8.139785	2.4681966	-1.8780667
1663681450872	8.640183	0.7217351	-3.3373895
1663681450883	9.343972	-0.37716866	-2.6021945
1663681450921	9.746265	-0.7049854	0.2635096
1663681450930	9.282955	-1.2675978	1.9286151
1663681451058	9.0015	-1.1503495	1.6842481
1663681451074	8.808877	-0.6343971	1.0319048
1663681451088	8.3013	-0.31345975	1.0666007
1663681451101	7.54128	-0.22492532	1.2355938
1663681451113	6.806384	-0.45254257	1.4605191
1663681451126	6.401698	-0.7827521	2.0135603
1663681451142	6.54766	-1.2484552	2.4003003
1663681451156	7.2358956	-1.3417753	1.8999012
1663681451171	8.740682	-0.99601245	0.8500503
1663681451186	10.159327	-0.20578274	-0.0023928226
1663681451257	11.242378	1.1407782	0.5458627
1663681451275	11.902199	2.1714866	2.0350957
1663681451289	11.844771	2.8788648	2.7903304
1663681451303	12.056536	3.2285159	1.8939191
1663681451315	14.187345	4.0974097	-0.53988063
1663681451329	15.640387	5.407181	-2.2408783
1663681451342	15.446568	4.848158	-3.699902
1663681451353	13.54218	1.1694921	-5.657231
1663681451365	10.1016	-3.118147	-5.7230334
1663681451377	9.092726	-4.8385863	-4.307978
1663681451391	8.431708	-4.9031925	-3.0176485
1663681451465	7.004988	-3.2416766	-2.9542387
1663681451481	7.638189	-0.7600203	-2.4909284
1663681451495	9.21476	0.8632108	-1.3489537
1663681451508	10.433305	1.4126626	-0.23330021
1663681451520	10.337592	1.5167505	0.8919246
1663681451538	9.540184	1.3995022	1.474876
1663681451547	8.889037	1.0689936	1.1515459
1663681451556	8.315657	0.7432705	0.42861435
1663681451563	7.648957	0.3711866	-0.05742774
1663681451574	7.1162543	-0.096909314	-0.2440679
1663681451583	6.7378893	-0.63200426	0.01794617
1663681451667	6.8482585	-0.78753775	0.29341987
1663681451687	7.4862447	-0.8389834	0.5841478
1663681451701	8.389834	-0.9086744	0.92662054
1663681451710	9.122637	-0.73011	1.5550356
1663681451721	9.516255	-0.59611195	2.423032
1663681451735	9.766604	-0.9170493	3.0753753
1663681451745	10.300504	-1.8373886	3.1842487
1663681451761	10.683355	-2.9075787	2.7556343
1663681451776	9.764212	-3.5132618	2.5761726
1663681451787	9.249456	-3.0463624	2.1164517
1663681451800	11.175379	-2.2564318	0.2742773
1663681451814	14.583357	-2.5543382	-2.597409
1663681451824	14.648262	-3.042773	-4.191926
1663681451860	13.131512	-1.090529	-3.80399
1663681451873	14.55225	2.734099	-2.7314072
1663681451882	13.584054	4.631308	-2.1149561
1663681451891	10.902597	4.490132	-1.265205
1663681451901	9.727123	3.4151561	-0.61764735
1663681451915	9.047262	1.7069799	-1.2544373
1663681451927	9.12144	-0.15553348	-2.5878377
1663681452027	8.774181	-1.2460624	-2.3425734
1663681452043	8.102695	-1.3657036	-0.28953153
1663681452053	7.629814	-1.2376875	1.0737791
1663681452064	7.605886	-0.5195416	0.7292127
1663681452077	8.243873	0.46091747	0.36759737
1663681452087	8.522935	1.0247263	0.7423732
1663681452100	8.210373	1.2903296	1.3731811
1663681452109	7.800901	1.1347961	1.774278
1663681452264	7.629814	0.43938205	1.9513469
1663681452277	7.4826555	-0.45254257	2.032703
1663681452289	7.4730844	-1.352543	2.1511476
1663681452303	7.835597	-2.044667	1.8029919
1663681452313	8.555239	-1.9259231	1.0462617
1663681452327	9.525827	-0.9637093	0.60329044
1663681452337	10.371092	0.5087739	1.1347961
1663681452350	11.007881	2.0195422	1.4533406
1663681452363	11.650654	3.4127634	1.7898313
1663681452375	13.180565	4.4554358	1.509572
1663681452388	15.744473	5.1257253	-0.41994038
1663681452464	16.309479	4.875675	-1.2029916
1663681452485	15.683457	3.222534	-2.5375884
1663681452497	14.813367	-1.0031909	-4.214658
1663681452510	10.1446705	-5.5244293	-4.918447
1663681452525	7.8978105	-6.9116683	-4.29721
1663681452541	7.719545	-5.581857	-3.519244
1663681452552	6.552446	-3.1495528	-4.2182474
1663681452562	6.893722	-0.5027919	-3.2437701
1663681452569	8.619844	1.6268203	-1.6938193
1663681452579	10.269397	2.984149	-0.2955136
1663681452591	10.7997055	3.135196	1.3133606
1663681452602	10.281361	2.51037	1.6351951
1663681452665	9.345169	1.2209377	1.1587243
1663681452676	8.520542	0.058624156	0.47886363
1663681452685	7.7039914	-0.83060855	0.1797608
1663681452698	7.3232336	-1.41356	0.0634098
1663681452713	7.233503	-1.7105691	0.16301104
1663681452725	7.475477	-1.6459628	0.4956134
1663681452734	7.865507	-1.5777674	0.6092725
1663681452746	8.346764	-1.4494523	0.52552366
1663681452757	8.799306	-0.9924232	1.1156535
1663681452794	9.606286	-0.25124636	2.1044874
1663681452805	10.629517	0.009571291	2.8298118
1663681452815	11.226825	-0.55423754	3.3960135
1663681452826	10.70489	-1.7560327	3.5434713
1663681452838	9.839586	-2.6682963	2.891128
1663681452854	9.298509	-2.8597221	1.6722839
1663681452869	10.87508	-2.96381	-0.6475576
1663681452883	13.746766	-3.984947	-2.2528424
1663681452891	14.779867	-4.7365923	-2.4741786
1663681452902	13.61875	-2.670689	-2.6333013
1663681453035	14.013566	1.6806588	-3.6233318
1663681453052	13.40549	4.7919264	-2.6392834
1663681453061	10.977971	5.2441697	-0.8844471
1663681453074	9.0544405	4.4458647	0.43698925
1663681453084	8.155337	2.565405	-0.30029923
1663681453094	8.703593	0.4621139	-2.079064
1663681453106	9.433703	-1.0390832	-2.53041
1663681453121	9.29492	-1.3022938	-1.0594223
1663681453136	8.446066	-1.393221	1.2954143
1663681453148	7.5233335	-1.387239	1.5382859
1663681453157	7.281359	-0.6906284	0.58534425
1663681453167	7.3136625	0.0059820567	0.29820552
1663681453263	7.4599237	0.28743783	0.9242278
1663681453277	7.824829	0.3592225	1.7093726
1663681453290	8.303693	-0.04546363	2.5007987
1663681453305	8.526525	-0.88205427	3.1579278
1663681453317	8.599505	-1.6926229	3.460919
1663681453331	8.886644	-1.7033906	2.7568307
1663681453343	9.037691	-1.0235299	0.86081797
1663681453355	9.311669	0.020338992	-0.61046886
1663681453368	10.032208	1.4473586	-0.2620141
1663681453424	11.131112	2.4717858	1.0319048
1663681453435	11.650654	2.4936204	2.6922245
1663681453444	11.183754	1.5753746	3.5063825
1663681453453	10.329217	0.8979067	3.118446
1663681453465	10.177273	1.0450653	1.6423737
1663681453480	11.453245	1.8828523	-1.9378872
1663681453492	13.551751	3.6667016	-3.3086755
1663681453500	15.04906	4.2245283	-5.317151
1663681453514	14.409877	2.1834507	-5.7194443
1663681453528	10.506286	-1.8493528	-4.2074795
1663681453542	9.364311	-3.2273195	-3.7980077
1663681453551	8.583952	-2.4119651	-3.0738797
1663681453561	8.438888	-1.3824533	-2.1906292
1663681453643	9.509077	-0.54705906	-0.38763726
1663681453663	9.759426	0.36400816	0.8644072
1663681453675	9.606286	1.1994023	0.6260222
1663681453689	9.250652	1.4114662	-0.31944183
1663681453703	8.3013	0.9314062	-0.9275179
1663681453713	7.687242	0.45134616	-0.8210373
1663681453725	7.900203	0.5901299	-0.1160519
1663681453737	8.056036	0.29102704	0.54466623
1663681453774	8.069196	-0.1471586	0.92183495
1663681453788	8.230712	-0.5590232	1.096511
1663681453800	8.507381	-0.7109674	1.1503495
1663681453816	8.448459	-0.7253244	1.3564314
1663681453824	8.562417	-0.69900334	1.5801603
1663681453843	8.759825	-0.68105716	1.82692
1663681453857	9.148957	-0.73130643	2.0111675
1663681453869	9.767801	-0.7815557	2.501995
1663681453879	10.099207	-1.3669	2.8875387
1663681453893	10.402198	-2.32702	2.2085752
1663681453916	10.50509	-2.7173493	1.5454643
1663681453931	10.396216	-2.2648067	1.4174483
1663681454034	11.080863	-1.5550356	1.448555
1663681454051	12.286247	-1.7703897	-1.096511
1663681454065	12.757932	-2.2983062	-2.7831519
1663681454077	11.23161	-1.6567305	-2.400001
1663681454087	10.975578	0.047856454	-2.7699914
1663681454098	12.61197	2.969792	-4.0148573
1663681454107	13.258331	5.5950174	-2.3569303
1663681454123	11.475977	5.4263234	-0.06819545
1663681454136	9.876675	2.9099715	0.28983065
1663681454149	9.668499	0.7480562	-0.9705887
1663681454222	9.717552	-0.72053874	-1.3310076
1663681454232	8.960822	-1.2867404	-0.3912265
1663681454244	7.8463645	-1.4533406	0.8225328
1663681454256	7.3749785	-1.50359	1.0857433
1663681454270	7.8870425	-0.89042914	0.09601201
1663681454284	8.873484	-0.1268196	-0.02632105
1663681454294	9.236296	0.1471586	0.96490574
1663681454305	8.85793	-0.10289137	1.7503498
1663681454315	8.243873	-0.5386842	2.1774685
1663681454331	7.8966136	-0.6092725	2.315355
1663681454346	7.85115	-0.40827537	2.2624137
1663681454360	8.228319	-0.051445685	1.8041883
1663681454374	8.786145	0.3364907	1.2224332
1663681454424	9.163314	0.5949155	0.5267201
1663681454435	9.403793	0.69182485	0.4848457
1663681454464	9.871889	0.7926225	0.59611195
1663681454475	10.605588	1.2831511	0.9170493
1663681454487	11.361122	2.0410776	1.8747765
1663681454497	11.5932255	2.2648067	2.9593234
1663681454509	11.936894	1.8433708	2.5989046
1663681454525	12.387942	1.4258232	0.17617157
1663681454598	12.762718	1.8649062	-1.7225332
1663681454613	12.90868	2.7580273	-2.1978076
1663681454626	13.811373	2.9626136	-2.6225336
1663681454666	11.770294	0.49441698	-3.746562
1663681454680	8.429316	-2.333002	-4.0615172
1663681454693	8.112267	-2.6336005	-4.3618164
1663681454703	8.257032	-1.5681962	-4.6528435
1663681454713	8.610273	-0.85812604	-3.7704902
1663681454725	9.7247305	0.20219351	-1.3202399
1663681454735	10.158131	0.7755736	0.37716866
1663681454746	9.889835	0.8213364	1.0977074
1663681454778	9.629018	0.5769694	1.4030914
1663681454793	9.468399	0.022731815	0.7818548
1663681454805	9.201599	-0.2656033	0.5135596
1663681454836	8.694022	-0.48364928	0.5422734
1663681454850	8.512167	-0.39511484	0.041874398
1663681454864	8.546864	-0.42023948	-0.41635114
1663681454879	8.346764	-0.53270215	-0.41635114
1663681454892	7.949555	-0.65353966	0.12472588
1663681454987	7.9304123	-0.60687965	0.74117684
1663681455004	8.540881	-0.62123656	1.1706885
1663681455013	9.3200445	-0.87367934	1.7587247
1663681455023	9.926924	-1.0869397	2.457728
1663681455034	10.243075	-1.1910275	2.7556343
1663681455045	10.401002	-1.3669	2.4996023
1663681455057	10.300504	-1.5478572	1.8484555
1663681455070	9.8886385	-1.5083755	1.1491531
1663681455082	9.602696	-1.0474582	0.7280163
1663681455094	9.582058	-0.4968098	-0.0071784677
1663681455137	10.830812	-0.6451648	-0.811466
1663681455150	13.23201	-1.5370895	-2.0001006
1663681455175	14.802599	-3.24048	-1.7560327
1663681455188	13.843676	-1.6459628	-0.7588239
1663681455199	13.113565	2.1822543	-0.7001997
1663681455210	11.083256	3.2105699	-1.2783655
1663681455268	9.470792	3.539583	-1.7333009
1663681455282	8.782557	3.926323	-1.3621143
1663681455294	8.138588	3.388835	-1.3369896
1663681455305	7.913663	1.617249	-2.1065812
1663681455319	9.192028	0.08853444	-1.9211375
1663681455334	11.059327	-0.72053874	-0.5949155
1663681455343	11.594422	-1.230509	1.2020943
1663681455354	10.044172	-1.4470595	1.7057835
1663681455365	8.117053	-1.1958131	1.0426725
1663681455467	7.1365933	-0.3999005	0.3807579
1663681455484	6.9822564	0.520738	0.10079765
1663681455495	7.2969127	1.2460624	0.21924238
1663681455508	7.6812596	1.4365909	0.7495517
1663681455522	8.157731	1.1515459	1.5215361
1663681455540	8.683254	0.602094	1.9298115
1663681455547	9.250652	0.1794617	1.7694924
1663681455555	9.37149	-0.14356937	1.7021942
1663681455565	8.67129	-0.474078	1.5849459
1663681455674	7.8978105	-0.35084763	1.0235299
1663681455691	7.975876	0.0526421	0.16061822
1663681455706	9.073584	0.62721866	0.15104693
1663681455721	10.087243	0.9804591	1.0091729
1663681455732	10.797313	1.2233306	1.4270196
1663681455742	11.977572	1.7033906	2.1822543
1663681455752	13.908281	2.111666	1.9860427
1663681455763	14.74876	2.632404	0.59970117
1663681455773	14.78585	2.9303105	-1.4626129
1663681455785	13.716856	2.3174486	-2.5088747
1663681455793	10.7685995	0.6750751	-1.9522442
1663681455804	7.953144	-1.5490535	-2.1568305
1663681455844	7.652546	-2.3485553	-3.0978081
1663681455858	8.500203	-1.1682956	-3.7238302
1663681455874	9.912567	0.5841478	-3.6807594
1663681455883	10.902597	1.3070793	-2.3437698
1663681455894	10.635498	1.3345969	-0.6655038
1663681455904	9.904192	1.1587243	0.25034907
1663681455915	9.52822	0.61884373	0.03708875
1663681455928	9.2997055	0.10289137	-0.6523433
1663681456033	9.126225	-0.13998012	-1.1515459
1663681456048	9.285348	-0.11724831	-1.1240284
1663681456060	9.495916	-0.14117654	-0.5901299
1663681456074	9.627821	-0.0526421	-0.52193445
1663681456084	9.634999	0.051445685	-0.9000004
1663681456097	9.437292	-0.1591227	-0.8605189
1663681456111	9.347562	-0.3807579	-0.7073782
1663681456123	9.3200445	-0.53270215	-0.64875406
1663681456133	9.250652	-0.5829514	-0.7360921
1663681456147	9.335598	-0.29072794	-0.86171526
1663681456263	9.673285	-0.034695927	-0.9514461
1663681456275	10.017851	-0.09092726	-0.7480562
1663681456284	10.20479	-0.5805586	-0.32662028
1663681456296	10.0417795	-1.3716856	-0.2213361
1663681456308	9.850353	-2.204986	-0.7516454
1663681456315	10.03819	-2.8932216	-1.3298112
1663681456322	10.861919	-3.0846474	-1.7021942
1663681456330	11.972787	-2.4430718	-2.3832514
1663681456337	12.286247	-0.8437691	-0.965803
1663681456346	11.462817	0.6750751	1.4401802
1663681456357	10.710873	1.9067806	1.617249
1663681456466	9.904192	2.4996023	-0.3589234
1663681456481	9.111869	2.5929224	-1.5092729
1663681456489	8.091928	2.0889342	-1.2568301
1663681456496	7.743473	1.3719847	-0.94666046
1663681456502	8.321639	0.93738824	-0.49172506
1663681456510	9.009874	0.74566334	0.1378864
1663681456523	9.456435	0.5171488	0.78424764
1663681456527	9.739087	0.33888352	1.218844
1663681456531	10.019048	0.4226323	1.3073785
1663681456535	10.287343	0.68823564	1.2056835
1663681456543	10.339985	0.9529416	1.0331012
1663681456667	10.240683	1.0785648	0.92662054
1663681456679	9.930513	1.0833504	0.91226363
1663681456688	9.54497	1.0319048	0.6969096
1663681456696	9.255438	0.90029955	0.40468612
1663681456703	9.162118	0.81655073	-0.0059820567
1663681456712	9.067601	0.9601201	-0.20817557
1663681456721	9.015857	1.2699906	-0.14237295
1663681456732	8.948857	1.6004993	-0.13519448
1663681456774	9.060423	1.765604	-0.21894327
1663681456784	9.364311	1.7261224	-0.55064833
1663681456793	9.664909	1.3600205	-0.5901299
1663681456801	9.75823	0.91106725	-0.24646074
1663681456810	9.658928	0.453739	0.06460621
1663681456835	9.365508	-0.05503492	0.18095721
1663681456843	9.115458	-0.33529428	-0.096909314
1663681456863	10.226326	-0.19621146	-1.2197413
1663681456872	12.595221	-0.033499517	-1.9917258
1663681456934	13.473685	-0.35682967	-0.83778703
1663681456949	11.456835	-0.3999005	1.4102699
1663681457028	9.4432745	-0.85094756	1.8161523
1663681457044	8.600702	-1.21017	0.9170493
1663681457055	9.15494	-1.2113664	0.7160522
1663681457068	9.8886385	-1.3202399	0.9637093
1663681457077	10.143475	-1.5071791	0.9816555
1663681457091	10.002297	-1.4784653	0.37238303
1663681457105	9.349955	-1.4518452	-0.2416751
1663681457118	8.927322	-1.3980067	-0.70618176
1663681457132	9.176475	-1.2017952	-0.7480562
1663681457141	9.61466	-0.8919246	-0.18185452
1663681457147	9.962816	-0.64875406	0.30897322
1663681457154	10.133903	-0.520738	0.5662017
1663681457162	10.34477	-0.5183452	0.5805586
1663681457269	10.430912	-0.68464637	0.7746763
1663681457284	10.185648	-0.75643104	0.8632108
1663681457299	9.782158	-0.73369926	0.8141579
1663681457313	9.538987	-0.58534425	0.38913277
1663681457327	9.500702	-0.4549354	-0.2440679
1663681457336	9.498309	-0.21415763	-0.54705906
1663681457362	9.578469	0.16510476	-0.40079778
1663681457370	9.639785	0.4884349	-0.14356937
1663681457384	9.864711	0.5566304	0.092422776
1663681457464	10.3028965	0.41665024	0.10677971
1663681457475	10.790134	0.20578274	0.23599213
1663681457485	10.855937	-0.1052842	0.5494519
1663681457493	10.34836	-0.40468612	0.6056832
1663681457502	9.655338	-0.5805586	0.285045
1663681457512	9.120243	-0.71694946	-0.096909314
1663681457521	8.8651085	-0.73130643	-0.31106696
1663681457540	9.32124	1.6878372	-1.4303098
1663681457546	8.243873	-0.933799	-3.1947174
1663681457552	9.364311	-1.6974086	1.9513469
