Timestamp 	 X 	 Y 	 Z 
1663772528750	9.450453	-0.5374878	0.79142606
1663772528762	9.661321	-0.52313083	0.8596215
1663772528775	9.748658	-0.4764708	0.98883396
1663772528779	9.754641	-0.45134616	1.0402796
1663772528784	9.723534	-0.45014977	1.0079765
1663772528788	9.827621	0.47886363	-0.939482
1663772528791	8.996714	-1.2759727	0.0023928226
1663772528794	10.141082	-1.3657036	4.973781
1663772528797	10.513465	0.022731815	2.2468605
1663772528800	9.375079	-0.65353966	-1.5499508
1663772528804	9.442079	-0.5602196	-1.11685
1663772528808	9.812068	-0.3711866	1.0079765
1663772528812	9.861121	-0.37477586	1.7958134
1663772528817	9.690035	-0.47527438	1.2714862
1663772528883	9.593125	-0.51236314	0.6128617
1663772528886	9.687641	-0.49202415	0.67776704
1663772528897	9.778569	-0.5159524	1.0091729
1663772528904	9.824033	-0.58893347	1.0342976
1663772528907	9.841979	-0.6116653	0.90029955
1663772528909	9.858728	-0.6451648	0.8596215
1663772528919	9.814461	-0.62841505	0.90508515
1663772529025	9.749855	-0.58654064	0.87996054
1663772529037	9.715159	-0.59611195	0.8321041
1663772529050	9.728319	-0.63559353	0.7830512
1663772529063	9.786943	-0.6906284	0.7830512
1663772529073	9.843175	-0.7480562	0.80578303
1663772529084	9.85155	-0.7851449	0.79142606
1663772529098	9.838389	-0.8234301	0.76271224
1663772529110	9.815658	-0.8545368	0.7902297
1663772529121	9.785748	-0.8497511	0.8009974
1663772529131	9.729516	-0.81984085	0.7818548
1663772529255	9.679267	-0.79112697	0.7543373
1663772529270	9.682856	-0.7253244	0.7423732
1663772529281	9.70798	-0.7013961	0.79860455
1663772529294	9.696016	-0.73489565	0.8644072
1663772529305	9.727123	-0.770788	0.91585284
1663772529315	9.754641	-0.7923234	0.92183495
1663772529324	9.749855	-0.79830545	0.9302098
1663772529337	9.727123	-0.79710907	0.8847462
1663772529350	9.705587	-0.79471624	0.88354975
1663772529360	9.673285	-0.7815557	0.9242278
1663772529465	9.725926	-0.7743772	0.9912268
1663772529474	9.815658	-0.7815557	0.9936196
1663772529486	9.873085	-0.78394854	0.98644114
1663772529500	9.894621	-0.73011	0.96490574
1663772529515	9.882657	-0.73369926	0.9601201
1663772529527	9.827621	-0.73011	0.91226363
1663772529539	9.734302	-0.71694946	0.8033902
1663772529552	9.655338	-0.7109674	0.6969096
1663772529566	9.595518	-0.7217351	0.631107
1663772529580	9.573684	-0.7073782	0.6765706
1663772529592	9.602696	-0.689432	0.7220342
1663772529606	9.600304	-0.7289136	0.7962117
1663772529676	9.631411	-0.7576275	0.8356933
1663772529697	9.684052	-0.81266236	0.887139
1663772529713	9.751051	-0.82941216	0.9457632
1663772529727	9.815658	-0.84855473	0.9625129
1663772529736	9.841979	-0.831805	0.93978107
1663772529748	9.822836	-0.77796644	0.93738824
1663772529762	9.786943	-0.7289136	0.9421739
1663772529773	9.763016	-0.6978069	0.9290134
1663772529787	9.682856	-0.63918275	0.8967103
1663772529797	9.676874	-0.6332007	0.95653087
1663772529811	9.747462	-0.6164509	0.9696914
1663772529826	9.761819	-0.6200402	0.96490574
1663772529838	9.719945	-0.64277196	1.0127622
1663772529850	9.763016	-0.6559325	1.0211371
1663772529864	9.814461	-0.61764735	1.0031909
1663772529913	9.856336	-0.5662017	0.95653087
1663772529925	9.82164	-0.5422734	0.92662054
1663772529933	9.768997	-0.50159544	0.9302098
1663772529944	9.75823	-0.52552366	0.9457632
1663772529957	9.752248	-0.5590232	0.9708878
1663772530027	9.7247305	-0.56380886	0.97567344
1663772530049	9.718748	-0.581755	0.97926265
1663772530066	9.735498	-0.58893347	0.9553344
1663772530080	9.721141	-0.59730834	0.90388876
1663772530092	9.685248	-0.58654064	0.87637126
1663772530101	9.669696	-0.55423754	0.8811569
1663772530115	9.691231	-0.53629136	0.91346
1663772530127	9.7450695	-0.53389853	0.9517452
1663772530137	9.75823	-0.5566304	1.0103694
1663772530147	9.779765	-0.57816577	1.0582259
1663772530269	9.798908	-0.57457656	1.1204392
1663772530278	9.786943	-0.54466623	1.1324034
1663772530290	9.7247305	-0.5303093	1.1096715
1663772530304	9.690035	-0.48963133	1.1012967
1663772530316	9.699606	-0.4657031	1.0941181
1663772530328	9.71157	-0.46091747	1.0881361
1663772530343	9.736694	-0.49082774	1.0785648
1663772530355	9.746265	-0.47886363	1.1180464
1663772530361	9.733106	-0.4860421	1.1874382
1663772530376	9.687641	-0.4872385	1.2092727
1663772530471	9.630214	-0.43938205	1.2224332
1663772530480	9.691231	-0.41904306	1.2439687
1663772530494	9.727123	-0.42382872	1.2343974
1663772530504	9.701999	-0.4776672	1.2200404
1663772530516	9.67807	-0.5135596	1.2152548
1663772530523	9.667302	-0.55064833	1.2475579
1663772530533	9.700802	-0.55423754	1.2726825
1663772530545	9.700802	-0.53389853	1.2355938
1663772530558	9.705587	-0.4764708	1.2391831
1663772530571	9.705587	-0.44775695	1.2619148
1663772530585	9.698409	-0.44057846	1.2894323
1663772530593	9.675677	-0.42861435	1.3133606
1663772530692	9.642178	-0.4142574	1.2834502
1663772530707	9.577272	-0.44775695	1.2583256
1663772530724	9.562916	-0.474078	1.2367902
1663772530736	9.6122675	-0.49322057	1.2272189
1663772530748	9.639785	-0.49920264	1.2463615
1663772530762	9.699606	-0.47527438	1.2786646
1663772530774	9.717552	-0.41665024	1.3109677
1663772530785	9.728319	-0.3807579	1.314557
1663772530793	9.70798	-0.35682967	1.2655041
1663772530805	9.686445	-0.3592225	1.2308081
1663772530814	9.6529455	-0.39511484	1.2104691
1663772530822	9.645767	-0.43459642	1.2152548
1663772530833	9.642178	-0.4776672	1.2439687
1663772530845	9.658928	-0.55304116	1.3002
1663772530855	9.670892	-0.5841478	1.3049856
1663772530887	9.675677	-0.5626124	1.2906287
1663772530896	9.688838	-0.5195416	1.2702898
1663772530902	9.70798	-0.4776672	1.2116655
1663772530908	9.728319	-0.45134616	1.1790633
1663772530915	9.699606	-0.453739	1.1706885
1663772531023	9.680463	-0.474078	1.1973087
1663772531033	9.69482	-0.49920264	1.2415758
1663772531041	9.699606	-0.55782676	1.3109677
1663772531050	9.690035	-0.602094	1.3648062
1663772531058	9.675677	-0.63559353	1.3588241
1663772531066	9.69482	-0.64636123	1.3420744
1663772531078	9.7043915	-0.6439684	1.3181462
1663772531092	9.685248	-0.59970117	1.2810575
1663772531106	9.654142	-0.55782676	1.2643076
1663772531117	9.654142	-0.56141603	1.3049856
1663772531253	9.70798	-0.5626124	1.3755739
1663772531275	9.757033	-0.5721837	1.3947165
1663772531289	9.772587	-0.5482555	1.3755739
1663772531299	9.734302	-0.5733801	1.3396816
1663772531309	9.693624	-0.5829514	1.3025929
1663772531319	9.658928	-0.61884373	1.2702898
1663772531333	9.634999	-0.60687965	1.2056835
1663772531342	9.608679	-0.58893347	1.1826526
1663772531349	9.634999	-0.56500524	1.2523435
1663772531357	9.690035	-0.581755	1.3097713
1663772531461	9.721141	-0.5985048	1.3193426
1663772531469	9.743873	-0.5877371	1.3037893
1663772531477	9.755837	-0.5626124	1.2930216
1663772531488	9.727123	-0.55423754	1.2738789
1663772531498	9.715159	-0.53270215	1.2619148
1663772531511	9.7043915	-0.5554339	1.279861
1663772531524	9.69482	-0.56500524	1.2930216
1663772531537	9.674481	-0.5949155	1.279861
1663772531550	9.67807	-0.6200402	1.2583256
1663772531563	9.661321	-0.63798636	1.2523435
1663772531573	9.637392	-0.6583253	1.2212368
1663772531585	9.613464	-0.622433	1.2260225
1663772531695	9.597911	-0.5518447	1.2092727
1663772531707	9.619446	-0.5183452	1.2020943
1663772531721	9.650553	-0.5027919	1.2008978
1663772531733	9.682856	-0.50398827	1.1826526
1663772531747	9.731909	-0.5171488	1.1949158
1663772531757	9.760623	-0.55782676	1.233201
1663772531767	9.747462	-0.5985048	1.2583256
1663772531776	9.713963	-0.63559353	1.2667005
1663772531788	9.682856	-0.68464637	1.2487543
1663772531801	9.692428	-0.6966105	1.2284154
1663772531818	9.70798	-0.7157531	1.2260225
1663772531831	9.701999	-0.7253244	1.2499508
1663772531845	9.698409	-0.69541407	1.2678969
1663772531854	9.731909	-0.6583253	1.2583256
1663772531864	9.777372	-0.6367899	1.2248261
1663772531895	9.815658	-0.5733801	1.2260225
1663772531909	9.816854	-0.5422734	1.2403795
1663772531926	9.801301	-0.5279165	1.2403795
1663772531935	9.759426	-0.5087739	1.198505
1663772531944	9.713963	-0.5243273	1.1694921
1663772532027	9.667302	-0.5494519	1.1599208
1663772532044	9.679267	-0.5733801	1.1778669
1663772532057	9.713963	-0.60807604	1.1611172
1663772532071	9.71157	-0.6559325	1.1706885
1663772532078	9.685248	-0.68345	1.1718849
1663772532088	9.700802	-0.6942177	1.1802598
1663772532100	9.699606	-0.68823564	1.2056835
1663772532114	9.716355	-0.6978069	1.2200404
1663772532125	9.709177	-0.69182485	1.1901301
1663772532135	9.705587	-0.68464637	1.1527423
1663772532269	9.697213	-0.6762715	1.1276177
1663772532285	9.669696	-0.6332007	1.1240284
1663772532293	9.718748	-0.60807604	1.1300105
1663772532301	9.737891	-0.5805586	1.1419746
1663772532310	9.721141	-0.6056832	1.1264212
1663772532317	9.693624	-0.6236294	1.1467602
1663772532326	9.673285	-0.622433	1.1407782
1663772532333	9.703195	-0.6164509	1.1240284
1663772532341	9.731909	-0.63559353	1.090529
1663772532350	9.759426	-0.63559353	1.0929217
1663772532360	9.727123	-0.6332007	1.1431711
1663772532477	9.712767	-0.6260222	1.1479566
1663772532489	9.69482	-0.6332007	1.1347961
1663772532498	9.690035	-0.622433	1.1204392
1663772532507	9.664909	-0.6044868	1.0989038
1663772532518	9.673285	-0.6044868	1.082154
1663772532533	9.685248	-0.6044868	1.0534402
1663772532547	9.675677	-0.602094	1.0283155
1663772532562	9.693624	-0.58893347	1.0474582
1663772532573	9.693624	-0.5877371	1.0989038
1663772532586	9.703195	-0.61046886	1.1240284
1663772532599	9.697213	-0.6164509	1.1072787
1663772532677	9.69482	-0.62482584	1.11685
1663772532693	9.733106	-0.63798636	1.1670992
1663772532706	9.739087	-0.63918275	1.1766706
1663772532721	9.705587	-0.58534425	1.1312069
1663772532733	9.666106	-0.5985048	1.0857433
1663772532746	9.663713	-0.58893347	1.076172
1663772532759	9.690035	-0.61764735	1.0606186
1663772532771	9.699606	-0.63798636	1.0486546
1663772532782	9.703195	-0.67148584	1.0546366
1663772532795	9.69482	-0.70378894	1.1084751
1663772532806	9.691231	-0.7217351	1.1730813
1663772532818	9.727123	-0.7085746	1.1766706
1663772532831	9.783355	-0.68105716	1.2020943
1663772532847	9.791729	-0.6643074	1.1862419
1663772532856	9.78814	-0.6332007	1.1491531
1663772532906	9.734302	-0.6056832	1.1132607
1663772532919	9.685248	-0.59611195	1.0737791
1663772532930	9.669696	-0.58654064	1.0546366
1663772532939	9.682856	-0.59970117	1.0785648
1663772533028	9.722338	-0.62961143	1.090529
1663772533044	9.753445	-0.622433	1.1192428
1663772533054	9.773783	-0.6343971	1.1443675
1663772533060	9.792926	-0.6343971	1.1682956
1663772533074	9.768997	-0.63559353	1.1754742
1663772533086	9.731909	-0.6415756	1.1563315
1663772533095	9.679267	-0.67028946	1.1371889
1663772533108	9.64816	-0.68345	1.1479566
1663772533119	9.645767	-0.69182485	1.1300105
1663772533130	9.68166	-0.68105716	1.11685
1663772533140	9.717552	-0.6667002	1.1240284
1663772533278	9.742677	-0.64995044	1.1276177
1663772533288	9.725926	-0.64636123	1.1587243
1663772533301	9.713963	-0.61764735	1.1802598
1663772533314	9.7247305	-0.61884373	1.1790633
1663772533325	9.712767	-0.6164509	1.1539388
1663772533338	9.690035	-0.64037913	1.1467602
1663772533351	9.717552	-0.663111	1.1551352
1663772533364	9.691231	-0.6726823	1.1587243
1663772533374	9.658928	-0.6786643	1.1312069
1663772533385	9.666106	-0.68105716	1.1276177
1663772533458	9.673285	-0.68823564	1.1252248
1663772533473	9.696016	-0.6966105	1.1371889
1663772533483	9.706784	-0.6942177	1.1575279
1663772533493	9.725926	-0.65712893	1.1467602
1663772533504	9.739087	-0.64636123	1.1371889
1663772533515	9.698409	-0.62123656	1.1335998
1663772533524	9.679267	-0.62482584	1.1252248
1663772533537	9.674481	-0.64636123	1.1527423
1663772533550	9.676874	-0.68464637	1.16351
1663772533560	9.691231	-0.7193423	1.1670992
1663772533574	9.721141	-0.7432705	1.1766706
1663772533586	9.747462	-0.72293156	1.1889337
1663772533692	9.77139	-0.7157531	1.1901301
1663772533704	9.760623	-0.6870392	1.192523
1663772533718	9.725926	-0.68464637	1.1961123
1663772533728	9.719945	-0.6942177	1.183849
1663772533737	9.713963	-0.70378894	1.1742777
1663772533751	9.69482	-0.7109674	1.1730813
1663772533764	9.676874	-0.7193423	1.1563315
1663772533775	9.70798	-0.73369926	1.1949158
1663772533783	9.723534	-0.74566334	1.2379866
1663772533796	9.712767	-0.7181459	1.2403795
1663772533810	9.701999	-0.6667002	1.2152548
1663772533824	9.703195	-0.6260222	1.2008978
1663772533837	9.727123	-0.61046886	1.2092727
1663772533848	9.733106	-0.61405814	1.1790633
1663772533863	9.733106	-0.6200402	1.1515459
1663772533945	9.737891	-0.6786643	1.1659029
1663772533957	9.722338	-0.7253244	1.2032907
1663772533969	9.703195	-0.7612167	1.2320045
1663772533979	9.685248	-0.76241314	1.2355938
1663772534023	9.661321	-0.7636095	1.1949158
1663772534027	9.656535	-0.7468598	1.1623136
1663772534031	9.6122675	-0.7289136	1.1084751
1663772534034	9.65175	-0.7049854	1.1120644
1663772534036	9.740284	-0.70618176	1.1718849
1663772534039	9.734302	-0.67387867	1.1949158
1663772534041	9.662517	-0.69900334	1.1694921
1663772534056	9.607482	-0.68345	1.1539388
1663772534060	9.599107	-0.65952176	1.1240284
1663772534095	9.625428	-0.669093	1.0713863
1663772534100	9.655338	-0.6942177	1.0582259
1663772534268	9.710373	-0.6870392	1.1335998
1663772534279	9.747462	-0.6942177	1.1754742
1663772534292	9.753445	-0.68823564	1.2008978
1663772534304	9.734302	-0.7001997	1.1901301
1663772534317	9.716355	-0.71216387	1.198505
1663772534339	9.680463	-0.7085746	1.1611172
1663772534351	9.674481	-0.7193423	1.1371889
1663772534371	9.663713	-0.6942177	1.1276177
1663772534386	9.686445	-0.689432	1.1228321
1663772534402	9.716355	-0.68105716	1.1491531
1663772534415	9.716355	-0.7013961	1.1132607
1663772534463	9.715159	-0.70259255	1.11685
1663772534476	9.705587	-0.7049854	1.1503495
1663772534485	9.710373	-0.7085746	1.2080764
1663772534496	9.728319	-0.7049854	1.2248261
1663772534510	9.74148	-0.7265208	1.2032907
1663772534527	9.727123	-0.72412795	1.1742777
1663772534537	9.718748	-0.7468598	1.1913266
1663772534547	9.696016	-0.7372885	1.1973087
1663772534562	9.698409	-0.73011	1.183849
1663772534576	9.70798	-0.7265208	1.183849
1663772534590	9.706784	-0.7396813	1.1814562
1663772534638	9.679267	-0.76600236	1.1754742
1663772534653	9.663713	-0.7468598	1.1997014
1663772534666	9.668499	-0.7109674	1.1874382
1663772534679	9.706784	-0.6966105	1.2116655
1663772534689	9.739087	-0.6762715	1.218844
1663772534698	9.737891	-0.6750751	1.2248261
1663772534708	9.740284	-0.67028946	1.2212368
1663772534723	9.742677	-0.65952176	1.212862
1663772534730	9.737891	-0.669093	1.1973087
1663772534776	9.717552	-0.71694946	1.198505
1663772534790	9.70798	-0.73130643	1.212862
1663772534802	9.721141	-0.73369926	1.2260225
1663772534818	9.729516	-0.73369926	1.2260225
1663772534837	9.730712	-0.72412795	1.2116655
1663772534850	9.715159	-0.7085746	1.192523
1663772534903	9.6529455	-0.71216387	1.1539388
1663772534916	9.568898	-0.7408777	1.1288141
1663772534927	9.506684	-0.8102696	1.1479566
1663772534936	9.479167	-0.8967103	1.1913266
1663772535028	9.543773	-0.9529416	1.1949158
1663772535046	9.609875	-0.994816	1.2451651
1663772535056	9.654142	-1.0390832	1.3133606
1663772535068	9.643374	-1.0139586	1.3492528
1663772535082	9.589237	-0.9661021	1.3420744
1663772535097	9.624231	-0.8979067	1.3073785
1663772535108	9.655338	-0.85094756	1.2320045
1663772535120	9.688838	-0.90508515	1.2152548
1663772535136	9.725926	-0.974477	1.259522
1663772535149	9.736694	-1.0737791	1.279861
1663772535164	9.730712	-1.1371889	1.285843
1663772535255	9.721141	-1.1347961	1.2104691
1663772535272	9.633803	-1.0594223	1.0917253
1663772535287	9.479167	-0.9661021	1.0055838
1663772535300	9.402596	-0.77318084	0.887139
1663772535316	9.370294	-0.4728816	0.74835527
1663772535332	9.364311	-0.18305093	0.4956134
1663772535347	9.383454	0.08733802	0.25633112
1663772535357	9.503095	0.36281174	0.06849455
1663772535370	9.662517	0.6523433	-0.15433706
1663772535384	9.722338	0.9696914	-0.025124637
1663772535457	9.766604	1.1934203	0.6646065
1663772535475	9.943673	1.2592229	1.7874385
1663772535492	10.326824	1.0366904	2.8250263
1663772535502	10.696515	0.64037913	3.144767
1663772535511	10.810473	0.24556342	2.6826532
1663772535521	10.450055	0.02751746	2.0338993
1663772535529	9.864711	0.03589234	1.8053846
1663772535537	9.29133	0.11246266	1.6567305
1663772535541	8.853145	0.28743783	1.5813566
1663772535547	8.472686	0.3472584	1.6674982
1663772535552	8.444869	0.3293122	2.2121646
1663772535671	9.923335	0.25752753	1.7778672
1663772535687	11.830115	-0.33409786	0.3484548
1663772535701	12.334104	-0.95054877	0.2335993
1663772535714	11.763116	-1.2843475	1.3037893
1663772535723	10.287343	-1.4279169	0.88354975
1663772535733	8.796913	-1.2077773	0.26111677
1663772535743	7.953144	-1.1001002	-0.13280165
1663772535755	7.658528	-0.8844471	-0.5494519
1663772535766	8.234301	-0.65952176	-0.52552366
1663772535779	9.646963	-0.81625164	0.6562316
1663772535790	10.664212	-1.2472588	1.9537396
1663772535803	10.684551	-1.4207385	2.2971098
1663772535813	10.371092	-1.4099708	1.5203397
1663772535823	9.958031	-1.474876	0.6586244
1663772535856	9.594321	-1.4784653	0.29341987
1663772535866	9.337991	-1.6004993	0.4429713
1663772535899	9.282955	-1.745265	0.84406817
1663772535908	9.229117	-1.7727824	1.1611172
1663772535915	9.098708	-1.6830516	1.5346966
1663772535923	8.964411	-1.5598212	1.8723837
1663772535935	9.098708	-1.3992031	2.0147567
1663772536029	9.449257	-1.1850454	1.9872392
1663772536047	9.925728	-0.974477	2.0291135
1663772536056	10.458429	-0.76959157	2.1762722
1663772536067	10.600802	-0.73369926	2.429014
1663772536080	10.363914	-1.1072787	2.37039
1663772536096	10.267004	-1.7620147	1.7682959
1663772536111	10.423734	-1.8840487	0.6658029
1663772536125	10.217951	-1.6998014	0.19531415
1663772536135	9.660124	-1.1192428	0.49322057
1663772536148	9.71157	-0.6092725	0.04426722
1663772536163	10.108778	-0.30388847	-0.3924229
1663772536175	9.969995	-0.023928227	-0.878465
1663772536264	9.548559	0.48125646	-1.2352947
1663772536273	8.996714	0.93738824	-0.9741779
1663772536287	8.373085	1.2436695	-0.23928227
1663772536301	8.039286	1.4976078	1.0295119
1663772536311	8.148159	1.5382859	2.437389
1663772536322	8.964411	1.4509479	2.8875387
1663772536334	10.329217	1.2891332	2.193022
1663772536347	11.49512	0.6200402	1.6040884
1663772536356	11.6686	-0.20338993	1.4509479
1663772536467	10.956436	-0.5087739	1.8723837
1663772536479	9.956834	-0.5099703	2.219343
1663772536492	9.044869	-0.45972106	2.2576282
1663772536505	8.11466	-0.29910284	2.2743778
1663772536518	7.437192	-0.2548356	2.2660031
1663772536529	7.646564	-0.29072794	2.2959132
1663772536541	9.548559	-0.029910283	2.35364
1663772536555	11.797812	-0.36281174	0.57936215
1663772536568	12.495918	-0.85812604	-0.4426722
1663772536582	12.844073	-1.4988043	-0.30987054
1663772536639	12.387942	-1.6686947	-0.43908295
1663772536653	10.5996065	-1.2699906	-0.9945169
1663772536667	8.807681	-0.9876375	-0.8641081
1663772536681	7.6860456	-0.7492526	-0.29790643
1663772536693	7.475477	-0.5422734	0.23958136
1663772536706	8.7418785	-0.4621139	1.1611172
1663772536718	9.89821	-0.8665009	2.3895326
1663772536730	10.065707	-1.6208383	2.4014966
1663772536742	9.91137	-2.1343977	1.2092727
1663772536757	9.759426	-2.2301106	0.4764708
1663772536787	9.676874	-1.6998014	0.78424764
1663772536800	9.666106	-1.090529	1.5358931
1663772536811	9.415757	-0.907478	1.9142581
1663772536821	9.116654	-0.93978107	1.9334008
1663772536837	9.035298	-0.92542416	1.8640088
1663772536850	9.32483	-0.79950184	2.091327
1663772536901	9.778569	-0.6655038	2.7652056
1663772536914	9.84796	-0.817448	3.1304102
1663772536924	9.807282	-1.2520444	2.7927232
1663772536935	10.368699	-1.8457636	2.1044874
1663772536946	10.949257	-1.9163518	0.6346962
1663772536954	10.767403	-1.9570298	0.13429718
1663772537024	9.8348	-1.1766706	0.81655073
1663772537034	9.852746	-0.18305093	0.4621139
1663772537044	10.1700945	0.14596218	0.52313083
1663772537056	9.830014	0.1052842	0.20727827
1663772537100	9.383454	0.3915256	-0.33499518
1663772537112	8.770593	0.71694946	-0.6236294
1663772537126	8.197212	1.0055838	-0.2656033
1663772537139	7.894221	1.4318053	1.0570294
1663772537149	7.986644	1.6076777	2.6671
1663772537163	8.708379	1.4736797	3.2213376
1663772537178	9.80489	1.2065809	2.5342982
1663772537259	10.574481	0.60807604	1.6435701
1663772537274	10.896615	0.014356935	1.4569299
1663772537286	10.76501	-0.14596218	1.7838492
1663772537293	10.078868	-0.02632105	2.1571295
1663772537302	9.235099	0.07298109	2.231307
1663772537313	8.5349	0.3484548	2.062613
1663772537324	8.011768	0.64995044	2.1499512
1663772537334	7.9686975	0.62961143	2.646761
1663772537343	8.448459	0.20458634	3.3314073
1663772537356	9.281759	-0.35324043	3.9837506
1663772537387	10.829617	-0.6678966	4.5272202
1663772537399	12.783057	-1.2233306	1.5059828
1663772537479	12.655041	-1.2951152	-1.0809577
1663772537492	12.305389	-1.16351	-1.1359925
1663772537506	11.089237	-1.6435701	-0.6056832
1663772537520	9.521041	-1.2149557	-0.90119684
1663772537536	8.495418	-0.69541407	-0.689432
1663772537548	7.858329	-0.31944183	0.014356935
1663772537560	7.79133	0.11246266	0.82013994
1663772537578	9.212367	0.2431706	1.9884356
1663772537591	10.3543415	-0.42981076	3.0502508
1663772537656	10.222736	-1.2077773	2.4684956
1663772537666	9.9089775	-1.5897316	1.2284154
1663772537675	9.650553	-1.6674982	0.86560357
1663772537686	9.501899	-1.4868401	1.3313067
1663772537701	9.215957	-1.4231312	1.7297117
1663772537714	8.796913	-1.6615162	2.0075781
1663772537725	8.770593	-1.7165512	2.2767708
1663772537778	9.075976	-1.5526428	2.646761
1663772537794	9.613464	-1.1934203	3.260819
1663772537803	9.985548	-0.67148584	3.728915
1663772537814	10.028619	-0.29072794	3.4980075
1663772537833	9.813265	-0.31585258	2.6946175
1663772537845	9.565309	-0.9098708	2.065006
1663772537901	9.880263	-1.7644076	1.4126626
1663772537916	10.167702	-2.0745773	0.39511484
1663772537929	9.913763	-2.2492533	0.56500524
1663772537943	9.553345	-1.483251	1.5083755
1663772537953	10.393824	-0.52193445	1.2930216
1663772537978	10.848759	-0.36281174	0.5494519
1663772537989	10.200005	-0.23330021	-0.2644069
1663772538024	9.2590275	0.09451649	-0.56500524
1663772538036	8.279764	0.41904306	-0.3361916
1663772538052	7.5029945	0.92303133	0.42502514
1663772538064	7.3232336	1.5167505	1.7694924
1663772538103	8.032107	1.4605191	2.8947172
1663772538114	9.577272	1.2496517	2.4924238
1663772538125	11.374283	1.230509	1.4557334
1663772538138	12.690933	0.9242278	1.3803595
1663772538151	12.570096	0.6128617	1.9369899
1663772538161	11.110773	0.57577294	2.4158535
1663772538258	9.499506	0.5195416	2.3030918
1663772538272	8.263015	0.46809593	2.103291
1663772538282	7.4479594	0.35563326	1.9992033
1663772538294	7.0085773	0.1902294	2.1631117
1663772538305	7.200003	-0.06460621	2.798705
1663772538316	8.09791	-0.2536392	3.539882
1663772538329	9.88505	-0.24047868	4.2341
1663772538342	12.222837	-0.9086744	2.0781665
1663772538357	12.883555	-1.7691933	-1.2616158
1663772538382	13.191332	-2.2097716	-1.3106686
1663772538397	12.695719	-2.3162522	-1.0304092
1663772538409	10.6307125	-1.7548363	-0.7372885
1663772538420	8.920144	-1.0378869	-0.3397808
1663772538475	7.763812	-0.38793638	0.47048876
1663772538486	7.2825556	0.22971097	1.1443675
1663772538497	7.9974113	0.6858428	1.3731811
1663772538509	9.056833	0.25393832	1.9704895
1663772538521	9.46481	-0.94695956	2.5055845
1663772538534	9.733106	-1.779961	2.1044874
1663772538554	9.900602	-2.1475582	1.6100706
1663772538566	9.859925	-2.0901306	1.6184454
1663772538575	9.658928	-1.7081763	1.9441684
1663772538611	9.326026	-1.4796617	2.243271
1663772538624	9.013464	-1.4350954	2.382354
1663772538688	9.0182495	-1.2939188	2.6288147
1663772538700	9.4229355	-0.95413804	3.3553355
1663772538715	9.6015	-0.7193423	4.0187454
1663772538726	9.372686	-1.1012967	3.6786656
1663772538735	9.841979	-1.7691933	2.5378876
1663772538744	10.41177	-1.8637097	0.27667013
1663772538777	10.484751	-1.8601205	-1.0495518
1663772538790	10.823634	-0.93619186	-0.50398827
1663772538801	11.755938	0.038285162	-0.61405814
1663772538847	11.641082	0.33290145	-0.47736812
1663772538856	10.347163	0.49920264	-0.10289137
1663772538902	8.904591	0.81655073	0.90149593
1663772538916	7.650153	1.483251	2.2325034
1663772538925	7.26102	1.89362	2.8839495
1663772538934	8.0201435	1.4521443	2.4074786
1663772538944	9.523434	1.1204392	0.82013994
1663772538958	10.92174	1.1922239	0.60687965
1663772538969	11.516655	0.92303133	1.4772689
1663772539024	10.99831	0.46091747	1.98365
1663772539034	9.959227	0.16510476	2.132005
1663772539041	8.83161	-0.015553347	2.2552354
1663772539052	7.8631144	-0.086141616	2.231307
1663772539101	7.173682	-0.02871387	2.309074
1663772539111	7.0265236	-0.040677983	2.691028
1663772539118	7.622636	-0.10049855	3.2476585
1663772539129	8.750254	-0.20697916	3.769593
1663772539181	10.451251	-0.2739782	4.2867417
1663772539195	12.992728	-0.97567344	2.1415763
1663772539205	13.7527485	-1.8840487	-1.9067806
1663772539258	13.77548	-1.8278174	-1.9211375
1663772539271	12.939787	-1.5681962	-0.6906284
1663772539289	10.616356	-1.0845468	-0.33140594
1663772539304	8.850752	-0.65712893	0.04546363
1663772539314	7.6800632	-0.2620141	0.51116675
1663772539325	7.263413	0.148355	1.0259227
1663772539340	7.776973	0.19621146	1.5346966
1663772539374	8.705986	-0.34606197	1.9238294
1663772539387	9.29133	-1.4183456	2.0961127
1663772539396	9.457631	-2.1296122	1.4258232
1663772539407	9.400204	-2.367698	0.9708878
1663772539468	9.495916	-2.0120647	1.4856437
1663772539477	9.5760765	-1.372882	2.172683
1663772539490	9.434899	-1.0043873	2.3715863
1663772539502	9.27817	-0.8449655	2.2420747
1663772539511	9.430114	-0.71694946	2.350051
1663772539521	9.688838	-0.47048876	2.8863423
1663772539536	9.764212	-0.3580261	3.5207393
1663772539596	9.516255	-0.69541407	3.3481572
1663772539613	9.347562	-1.2161521	2.7771697
1663772539624	9.768997	-1.8397815	1.942972
1663772539637	10.440483	-1.7500507	0.5805586
1663772539646	10.41177	-1.332204	-0.48095736
1663772539686	10.220344	-0.5901299	0.5590232
1663772539696	11.082059	-0.24646074	0.42502514
1663772539709	11.452049	-0.3062813	0.008374879
1663772539724	10.258629	0.0	-0.07058827
1663772539736	8.662915	0.5985048	0.4764708
1663772539746	7.308877	1.4641083	1.7682959
1663772539789	7.003792	1.7644076	2.8743782
1663772539800	8.090732	1.0390832	2.925824
1663772539830	9.9089775	0.62482584	1.4042878
1663772539843	11.586047	0.6978069	1.3564314
1663772539853	12.227623	0.57577294	2.14038
1663772539901	11.363515	0.41665024	2.4972095
1663772539915	10.056136	0.3400799	2.2504497
1663772539926	8.814859	0.43938205	1.8568304
1663772539933	7.723134	0.6236294	1.6878372
1663772539943	7.088737	0.8632108	1.867598
1663772539955	7.140183	0.8536395	2.6659036
1663772539966	7.730313	0.43818563	3.4561331
1663772540022	8.454441	-0.12083755	3.7396827
1663772540032	9.524631	-0.3711866	3.7384863
1663772540047	11.485549	-0.7683952	2.3261228
1663772540061	12.853645	-1.4434702	-1.2197413
1663772540103	13.319348	-1.8649062	-1.9067806
1663772540116	13.139887	-2.115255	-0.9610174
1663772540125	11.13829	-1.6962122	-0.14117654
1663772540134	9.265009	-1.0342976	0.2670988
1663772540164	8.09791	-0.65353966	0.9421739
1663772540177	7.4599237	-0.13040884	1.1937194
1663772540188	7.629814	0.16869399	1.0486546
1663772540197	8.562417	-0.040677983	1.1072787
1663772540261	9.434899	-1.015155	1.7587247
1663772540274	9.752248	-1.8361923	2.0350957
1663772540283	9.639785	-2.2037897	1.6328024
1663772540297	9.608679	-2.0518453	1.5885352
1663772540309	9.607482	-1.5681962	2.0087745
1663772540320	9.446864	-1.2329018	2.239682
1663772540376	9.193225	-1.1240284	2.306681
1663772540389	9.131011	-1.2077773	2.3931217
1663772540399	9.328419	-1.1587243	2.9078777
1663772540411	9.621839	-0.92303133	3.6200416
1663772540462	9.658928	-0.9732806	3.4247274
1663772540474	10.158131	-1.378864	2.225325
1663772540484	11.139486	-1.3094722	0.5913263
1663772540497	11.88186	-0.817448	-0.91196454
1663772540506	11.771491	-0.07776674	-0.2955136
1663772540513	11.520245	0.20817557	-1.0893325
1663772540522	10.903793	0.38315073	-1.0869397
1663772540595	9.401401	0.7576275	0.12592229
1663772540609	7.662117	1.2412767	1.5610176
1663772540620	7.1688967	1.6076777	3.0287154
1663772540687	8.204391	0.77318084	3.0502508
1663772540695	9.846765	-0.20219351	1.1802598
1663772540703	11.456835	-0.13758731	0.23838496
1663772540715	12.075679	0.2958127	1.6698911
1663772540725	11.116755	0.5051847	2.847758
1663772540735	9.596714	0.4549354	2.6694927
1663772540743	8.375478	0.38315073	1.8927227
1663772540755	7.402496	0.34366915	1.4916258
1663772540777	6.771389	0.4956134	1.3767704
1663772540787	6.8015985	0.622433	2.115255
1663772540805	7.2299137	0.49082774	3.118446
1663772540846	8.065607	0.13998012	3.6224344
1663772540857	9.74148	-0.17467605	4.1754756
1663772540901	12.773485	-0.72412795	2.5881367
1663772540915	14.200505	-1.623231	-1.230509
1663772540925	13.364812	-2.172683	-1.346561
1663772540938	12.121142	-2.428715	-0.5697909
1663772540949	9.975977	-1.739283	-0.20219351
1663772540982	8.5779705	-0.3999005	-0.008374879
1663772540990	7.8296146	0.111266255	0.62482584
1663772540999	7.50778	0.61405814	0.9613165
1663772541006	8.160124	0.87158567	1.3791631
1663772541023	9.4229355	0.43579283	2.009971
1663772541042	10.0681	-0.7683952	2.734099
1663772541056	10.20838	-1.7344973	2.3859432
1663772541103	10.11476	-2.2707887	1.4497514
1663772541115	9.899406	-2.2157538	1.2643076
1663772541124	9.65175	-1.6998014	1.6974086
1663772541212	9.326026	-1.3944174	2.3042881
1663772541227	9.109476	-1.3334004	2.638386
1663772541235	9.078369	-1.1802598	2.8286154
1663772541243	9.084352	-0.7001997	3.126821
1663772541257	9.050852	-0.16869399	3.3445678
1663772541267	9.61466	-0.35682967	2.9437702
1663772541278	10.742278	-0.37716866	0.9732806
1663772541292	10.829617	-0.2847459	-1.0989038
1663772541306	10.360324	-0.29072794	-0.73848486
1663772541315	10.288539	-0.10049855	-0.919143
1663772541414	10.802098	0.46809593	-0.82701933
1663772541430	10.451251	0.89072824	0.0634098
1663772541440	9.0341015	0.91226363	1.0067801
1663772541456	7.926823	0.933799	2.5295126
1663772541473	8.212766	0.6128617	3.0610185
1663772541486	9.530613	0.13160525	2.225325
1663772541499	11.023435	0.42981076	1.7153547
1663772541510	11.521441	0.9290134	2.7305098
1663772541518	10.738688	0.9840483	2.9150562
1663772541528	9.605089	0.90029955	2.0386848
1663772541531	8.648559	0.71455663	1.5801603
1663772541598	8.027322	0.54705906	1.6088741
1663772541614	7.687242	0.36161533	2.0051854
1663772541628	7.855936	0.19381863	2.7221348
1663772541640	8.117053	-0.076570325	3.2309089
1663772541652	8.4400835	-0.48006004	3.2644083
1663772541677	9.5760765	-0.5087739	3.3074791
1663772541686	11.24836	-0.67148584	1.1611172
1663772541694	12.354443	-0.56859446	-1.096511
1663772541703	12.695719	-1.1324034	-0.56380886
1663772541718	12.105589	-1.6136597	0.3711866
1663772541731	10.700105	-1.1395818	0.20608185
1663772541778	9.346365	-0.75523466	0.3699902
1663772541791	8.34796	-0.34965122	0.75673014
1663772541823	7.6369925	-0.049052864	1.1240284
1663772541846	8.170891	0.046660043	1.5059828
1663772541855	9.400204	0.046660043	2.1667008
1663772541903	10.031012	-0.5386842	2.5378876
1663772541917	10.127921	-1.1156535	1.7440686
1663772541928	9.8886385	-1.378864	1.0869397
1663772541942	9.754641	-1.4027922	1.2750753
1663772541957	9.594321	-1.3046865	2.210968
1663772542018	9.249456	-1.2544373	2.876771
1663772542027	8.989535	-1.2113664	2.9018958
1663772542034	8.897412	-1.055833	2.7580273
1663772542045	9.1465645	-0.7935198	2.9353952
1663772542054	9.673285	-0.52552366	3.4621153
1663772542065	10.107582	-0.49920264	3.6846478
1663772542077	10.27179	-0.7683952	3.3409786
1663772542116	9.8886385	-1.2544373	2.8923244
1663772542127	9.485149	-1.8840487	2.5689943
1663772542136	9.7247305	-1.8816559	1.9704895
1663772542212	9.45165	-1.5382859	1.0079765
1663772542229	8.889037	-1.1814562	1.428216
1663772542239	8.710772	-0.27876383	1.4162519
1663772542254	8.9057865	0.29222345	0.96849495
1663772542266	9.300901	0.21415763	1.0606186
1663772542275	9.879067	0.11006984	0.86560357
1663772542288	10.289736	0.15194423	0.47048876
1663772542303	10.145867	0.24795625	0.30299118
1663772542315	9.471989	0.3711866	0.90149593
1663772542328	8.659326	0.6906284	2.1104696
1663772542342	8.397013	1.1766706	2.8863423
1663772542424	8.914162	1.5263218	2.8743782
1663772542437	9.999905	1.6244274	2.254039
1663772542448	10.940883	1.4066806	1.9334008
1663772542466	11.181361	0.91106725	2.3775685
1663772542477	10.458429	0.51236314	2.6168506
1663772542490	9.343972	0.3915256	2.6359932
1663772542503	8.496614	0.28025934	2.4505496
1663772542515	7.9914293	0.10887343	2.1714866
1663772542528	7.730313	0.04546363	2.1020947
1663772542540	7.639385	0.013160525	2.4613173
1663772542598	7.8056865	-0.23090738	3.1950164
1663772542612	9.032906	-0.31465617	4.2508492
1663772542627	11.478371	-0.33888352	3.7600217
1663772542675	13.112369	-1.102493	0.47168517
1663772542690	12.842877	-1.5837495	-0.75284183
1663772542700	12.403794	-1.6184454	-0.4426722
1663772542717	11.115559	-1.1467602	-0.21535404
1663772542729	9.687641	-0.4872385	-0.46061835
1663772542744	8.729915	-0.50398827	0.117547415
1663772542756	7.9770727	-0.3592225	1.1072787
1663772542766	8.341978	-0.06460621	1.8496519
1663772542778	9.596714	0.2730809	2.4062822
1663772542790	10.00828	-0.27517462	2.8719854
1663772542815	9.826426	-0.96490574	2.2695923
1663772542838	9.562916	-1.3070793	1.2810575
1663772542852	9.206385	-1.495215	0.94337034
1663772542902	9.037691	-1.3836497	1.3971093
1663772542915	9.019445	-1.3130615	2.0087745
1663772542926	8.950054	-1.5179468	2.2444677
1663772542938	9.067601	-1.5669997	2.3380868
1663772543021	9.470792	-1.3549358	3.0382864
1663772543038	9.883853	-0.9385847	4.0869412
1663772543049	9.965209	-0.5458627	4.2329035
1663772543060	10.009477	-0.6415756	3.554239
1663772543069	10.633105	-0.9553344	2.1092732
1663772543076	10.636695	-1.076172	0.092422776
1663772543108	9.691231	-1.4374882	0.043070808
1663772543120	8.9775715	-1.0103694	0.71007013
1663772543137	9.630214	-0.28594232	0.58534425
1663772543151	10.211968	-0.061016977	0.62871414
1663772543163	10.025029	-0.008374879	0.103190474
1663772543178	9.530613	0.15433706	-0.09930214
1663772543212	8.62463	0.4860421	0.082851484
1663772543224	7.638189	1.0390832	0.9589237
1663772543232	7.308877	1.6004993	2.1463618
1663772543253	8.29771	1.7979071	2.76042
1663772543265	10.247861	1.8385851	2.181058
1663772543281	11.959627	1.7727824	1.5287145
1663772543294	12.461222	1.0510473	2.056631
1663772543307	11.666206	0.49082774	2.6395824
1663772543315	10.20838	0.3364907	3.1459637
1663772543425	9.047262	0.13758731	2.9413772
1663772543432	8.2558365	-0.076570325	2.4074786
1663772543436	7.602297	-0.034695927	1.9082761
1663772543441	7.133004	0.285045	1.820938
1663772543447	7.143772	0.4010969	2.335694
1663772543463	8.016554	0.28265217	3.1866415
1663772543467	10.129117	0.33050862	3.568596
1663772543470	12.497114	-0.18065812	1.3767704
1663772543500	13.040585	-1.0235299	0.22402802
1663772543505	12.655041	-1.5107684	1.1036894
1663772543524	11.812169	-1.0642079	0.95772725
1663772543607	10.470394	-0.02871387	-0.17706887
1663772543614	9.55813	0.18544376	-0.34217364
1663772543620	8.412566	-0.2883351	-0.041874398
1663772543624	7.6920276	-0.8856435	0.6658029
1663772543632	8.154141	-1.3776677	2.036292
1663772543678	8.76461	-1.5789639	3.1591241
1663772543681	9.186047	-1.2867404	2.7364917
1663772543685	9.439685	-1.1383854	1.4617156
1663772543710	9.571291	-0.9242278	0.93978107
1663772543714	9.840782	-0.7636095	1.5382859
1663772543773	9.958031	-0.7827521	2.6850462
1663772543776	9.808479	-0.9732806	2.9282167
1663772543779	9.410972	-1.2089736	2.585744
1663772543838	9.115458	-1.332204	2.4206393
1663772543845	9.080762	-1.2795619	2.6036901
1663772543903	9.212367	-1.1407782	3.0418758
1663772543916	9.37149	-1.218545	3.3409786
1663772543926	9.499506	-1.3824533	3.3756745
1663772543933	9.696016	-1.5047864	3.1806595
1663772543942	9.603892	-1.5634105	2.8609185
1663772544025	9.1872425	-1.6399808	2.4768705
1663772544035	9.2075815	-1.698605	2.003989
1663772544042	9.680463	-1.2149557	1.183849
1663772544049	9.798908	-1.218545	0.57816577
1663772544056	10.052547	-1.0331012	1.9010975
1663772544063	10.962418	-0.38793638	2.0075781
1663772544073	11.7463665	-0.37357944	0.80937225
1663772544082	11.204093	-0.47527438	-0.2739782
1663772544103	9.846765	-0.1794617	-1.1276177
1663772544109	8.365906	0.5494519	-0.83060855
1663772544265	7.2550383	1.7787645	0.3173481
1663772544275	6.9523463	2.5666013	2.1164517
1663772544281	8.344371	2.0793629	3.135196
1663772544291	10.902597	1.576571	1.7659031
1663772544299	12.844073	1.1192428	1.1467602
1663772544308	12.736397	0.41784665	2.2073789
1663772544316	10.919347	0.3711866	2.8130622
1663772544323	9.195618	0.41665024	2.4972095
1663772544334	8.210373	0.43698925	1.9764715
1663772544344	7.709974	0.52552366	1.8065811
1663772544351	7.457531	0.6236294	1.6244274
1663772544424	7.8679	0.5087739	2.3102703
1663772544435	8.581559	0.08255238	3.5506496
1663772544442	9.142975	-0.46091747	4.165904
1663772544455	10.196416	-0.5183452	3.9131622
1663772544464	11.714064	-0.7540382	0.96729857
1663772544473	12.249158	-0.7372885	-1.7261224
1663772544480	12.603595	-1.1790633	-1.0797613
1663772544491	12.091232	-1.7931215	-0.2727818
1663772544501	10.918151	-1.3154542	-0.1471586
1663772544512	9.474381	-0.9553344	0.2527419
1663772544530	8.259425	-0.581755	0.9385847
1663772544634	7.5460653	-0.15194423	1.5335002
1663772544641	7.902596	0.0059820567	1.8915263
1663772544652	8.780164	-0.21535404	2.2995026
1663772544658	9.116654	-0.95653087	2.4828527
1663772544661	9.159725	-1.468894	1.8424734
1663772544673	9.215957	-1.6902301	1.2008978
1663772544679	9.568898	-1.4676976	1.3911272
1663772544687	9.828818	-1.1108679	2.0470598
1663772544710	9.701999	-0.9708878	2.4469602
1663772544725	9.455238	-0.9385847	2.4864419
1663772544788	9.390633	-0.78035927	2.6132615
1663772544804	9.533006	-0.5099703	3.185445
1663772544816	9.585648	-0.35324043	3.6954155
1663772544827	9.373882	-0.4884349	3.5183465
1663772544838	9.109476	-0.7612167	3.013162
1663772544850	8.819645	-1.1503495	2.5366912
1663772544903	8.638987	-1.6196418	2.356033
1663772544918	9.172886	-2.0949163	2.4960132
1663772544928	10.216755	-1.9845473	2.1547368
1663772544940	10.483554	-1.8541385	1.0199406
1663772545027	10.007083	-1.5586249	1.9238294
1663772545046	9.962816	-0.7719844	2.1427727
1663772545056	10.988739	-0.53389853	1.7321045
1663772545067	11.111969	-0.65712893	0.9062816
1663772545081	10.544571	-0.3364907	0.039481573
1663772545092	9.759426	0.13399807	-0.46301118
1663772545106	8.722735	0.5721837	-0.6762715
1663772545120	7.6920276	1.2723835	0.031106694
1663772545131	7.0301127	2.0937197	1.5287145
1663772545142	7.3749785	2.2731814	2.6156542
1663772545274	8.911769	1.9345971	2.199004
1663772545287	10.866705	1.6351951	1.055833
1663772545299	12.24198	0.7791629	1.2343974
1663772545311	12.3352995	0.014356935	2.1367905
1663772545324	11.131112	0.023928227	2.8983064
1663772545336	9.619446	0.26949164	3.0717862
1663772545348	8.589934	0.31016964	2.7173493
1663772545359	8.093124	0.16271193	2.4529424
1663772545376	7.94118	-0.15433706	2.3380868
1663772545386	7.926823	-0.4728816	2.798705
1663772545394	7.9184484	-0.83060855	3.609274
1663772545480	8.686844	-0.8808578	4.1036906
1663772545489	10.316056	-0.9493524	2.8875387
1663772545505	11.796616	-1.2137593	-0.44865423
1663772545521	13.291831	-1.3669	-1.2089736
1663772545532	14.359628	-1.6926229	-1.0244272
1663772545542	13.147065	-1.3944174	-1.0339985
1663772545551	10.336395	-1.1252248	-0.73369926
1663772545561	8.512167	-0.89042914	0.19531415
1663772545575	7.57119	-0.20937198	1.055833
1663772545585	7.751848	0.6906284	0.948156
1663772545595	8.536096	0.7325028	1.3600205
1663772545638	8.950054	-0.18065812	2.2648067
1663772545651	9.21476	-0.90029955	2.4768705
1663772545664	9.274581	-1.3752748	1.9968106
1663772545674	9.253045	-1.5131612	1.5933207
1663772545683	9.282955	-1.326222	1.8305093
1663772545692	9.334401	-1.1910275	2.2002003
1663772545704	9.2997055	-1.4027922	2.1260228
1663772545716	9.272188	-1.6639091	2.091327
1663772545726	9.345169	-1.7464614	2.7819555
1663772545776	9.473185	-1.7691933	3.7839499
1663772545786	9.548559	-1.8050855	4.2460637
1663772545793	9.488738	-1.7033906	3.8473597
1663772545801	9.268599	-1.4676976	2.970091
1663772545836	9.638589	-1.2137593	1.8436699
1663772545846	10.349556	-0.907478	0.06610172
1663772545853	10.985149	-1.1312069	0.090029955
1663772545901	11.369496	-0.4142574	1.0749756
1663772545909	12.287443	0.33170503	0.5458627
1663772545915	11.783455	0.1591227	-0.11365908
1663772545920	10.069297	-0.010767702	-0.78873414
1663772546027	8.382656	0.1591227	-0.44506502
1663772546041	7.0468626	0.8021938	0.36759737
1663772546051	6.383752	1.6280167	1.7958134
1663772546061	6.9906316	1.442573	2.8692935
1663772546073	8.946465	0.99003035	1.7380866
1663772546085	11.082059	0.96729857	0.24795625
1663772546096	12.517453	0.6978069	0.8213364
1663772546108	12.305389	0.3711866	2.1224337
1663772546121	10.851151	0.33529428	2.5558336
1663772546136	9.090333	0.34127632	2.315355
1663772546274	7.7410803	0.25872394	2.0985055
1663772546285	7.253842	0.11485548	2.1906292
1663772546294	7.222735	-0.078963146	2.481656
1663772546304	7.3196445	-0.19501504	3.132803
1663772546314	7.7446694	-0.32662028	3.545864
1663772546323	9.312865	-0.2620141	3.6714873
1663772546340	11.373086	-0.6200402	2.341676
1663772546349	12.73879	-1.311865	-1.0857433
1663772546361	13.488042	-1.8002999	-1.3776677
1663772546373	13.720445	-2.0685952	-0.16630118
1663772546385	12.020643	-1.3345969	-0.09092726
1663772546474	9.887443	-0.73369926	-0.09092726
1663772546487	8.358727	-0.45732823	0.21804596
1663772546497	7.240681	-0.0035892338	0.3915256
1663772546507	7.422835	0.36041892	0.7926225
1663772546517	8.810074	0.6116653	1.6710875
1663772546529	9.620643	-0.050249275	2.7436702
1663772546539	9.519845	-0.9493524	2.567798
1663772546556	9.352347	-1.4207385	1.5526428
1663772546574	9.343972	-1.5622141	1.2655041
1663772546588	9.672089	-1.4051851	1.6854445
1663772546602	9.940084	-1.2640085	2.2073789
1663772546614	9.803694	-1.2795619	2.32373
1663772546649	9.6122675	-1.2137593	2.271985
1663772546662	9.513863	-0.98644114	2.7472596
1663772546676	9.355937	-0.6858428	3.6068811
1663772546695	8.933304	-0.6523433	3.8880377
1663772546705	8.652147	-0.9290134	3.2871401
1663772546717	8.807681	-1.4760724	2.612065
1663772546724	9.895817	-1.7835501	1.3911272
1663772546731	10.664212	-1.8122641	-0.20578274
1663772546776	10.936097	-1.3597214	0.59611195
1663772546792	11.666206	-0.2620141	1.0893325
1663772546809	12.106785	0.010767702	0.24675983
1663772546824	11.049756	0.08733802	-0.16390835
1663772546837	9.488738	0.4645067	-0.25603202
1663772546848	7.9615192	1.1383854	0.39391842
1663772546862	6.855437	1.8888344	1.5011971
1663772546902	7.042077	1.9178474	2.4050858
1663772546919	8.613862	1.1300105	2.0817556
1663772546934	10.582856	1.0223335	0.8213364
1663772546940	11.902199	0.9840483	1.1611172
1663772547029	12.001501	0.57816577	2.036292
1663772547047	10.84158	0.30538398	2.6024938
1663772547058	9.49472	0.27667013	2.5450659
1663772547073	8.391031	0.37836507	2.204986
1663772547085	7.559226	0.48006004	1.9573289
1663772547099	7.1677003	0.46331027	2.0338993
1663772547112	7.2287173	0.37956148	2.801098
1663772547122	7.5065837	0.2009971	3.7013974
1663772547135	8.173284	-0.14596218	3.8641095
1663772547147	9.74148	-0.009571291	3.7181473
1663772547277	12.325728	-0.16869399	1.8293129
1663772547288	14.013566	-0.831805	-1.9115661
1663772547299	14.71885	-1.7428722	-1.873281
1663772547307	14.050654	-2.4658036	-0.2321038
1663772547315	11.111969	-1.8924236	0.08045866
1663772547328	8.957232	-0.8641081	-0.09451649
1663772547346	7.917252	-0.12323037	0.5697909
1663772547360	7.3052874	0.6308079	1.015155
1663772547375	7.9184484	1.204188	1.11685
1663772547390	9.12144	0.80937225	1.9070797
1663772547404	9.273384	-0.5829514	2.9940193
1663772547468	9.2075815	-1.6208383	2.7532415
1663772547483	9.221938	-2.0338993	1.6734804
1663772547496	9.203992	-2.0001006	1.1862419
1663772547509	9.169296	-1.611267	1.3899308
1663772547525	9.257831	-1.3956138	1.869991
1663772547537	9.327223	-1.2927225	2.1379871
1663772547554	9.59163	-1.096511	2.7185457
1663772547566	9.871889	-0.8066803	3.6690943
1663772547579	9.950852	-0.4968098	4.485346
1663772547591	9.621839	-0.5458627	4.1288157
1663772547601	9.430114	-1.0019945	3.1375887
1663772547656	10.189237	-1.2173486	1.3827524
1663772547666	10.270593	-1.2520444	-0.40917268
1663772547678	9.723534	-1.2580265	-0.2213361
1663772547692	9.733106	-0.4441677	0.5315057
1663772547702	10.7279215	0.24675983	0.68494546
1663772547712	11.143076	0.6056832	0.91346
1663772547726	10.435698	0.77677006	0.37238303
1663772547731	9.273384	0.85244304	0.1582254
1663772547739	8.070393	1.0462617	0.6092725
1663772547776	7.2418776	1.5119648	1.5849459
1663772547790	7.318448	1.7356937	2.5534408
1663772547804	8.401798	1.4676976	2.632404
1663772547818	9.897014	1.2975081	1.6268203
1663772547849	11.02822	0.9840483	1.2930216
1663772547857	11.420942	0.5051847	1.730908
1663772547890	10.694122	0.2009971	2.2863421
1663772547904	9.540184	0.09451649	2.559423
1663772547915	8.550452	-0.0023928226	2.522334
1663772547925	7.818847	-0.059820566	2.3321047
1663772547939	7.578368	0.040677983	2.0279171
1663772548025	7.559226	0.2431706	2.0865414
1663772548038	7.9100733	0.2527419	2.6802604
1663772548051	8.799306	0.008374879	3.493222
1663772548063	10.950454	0.1591227	4.089334
1663772548075	13.645071	-0.22612174	1.5669997
1663772548087	14.280664	-0.89431745	-1.1096715
1663772548101	13.676178	-1.2771691	-0.34217364
1663772548114	11.908181	-1.250848	0.18574286
1663772548125	9.687641	-0.541077	-0.4139583
1663772548138	8.310871	-0.1471586	-0.30867413
1663772548258	7.3642106	0.0741775	0.35204405
1663772548273	6.995417	0.21415763	0.8572287
1663772548287	8.088339	0.23479572	1.4988043
1663772548298	9.768997	0.0526421	2.5271199
1663772548308	10.261022	-0.927817	3.1686954
1663772548317	10.293324	-1.5263218	2.1332014
1663772548328	10.195219	-1.5861423	1.1826526
1663772548340	10.113564	-1.2017952	1.3193426
1663772548348	9.969995	-0.87367934	1.9034904
1663772548356	9.462418	-0.99003035	2.050649
1663772548365	8.928518	-1.2089736	1.9549361
1663772548480	8.607881	-1.3010973	2.0793629
1663772548491	8.661719	-1.2436695	2.7293134
1663772548504	8.917751	-1.1455638	3.4968112
1663772548516	9.178867	-1.0713863	3.6439698
1663772548528	9.403793	-1.0019945	3.2644083
1663772548540	9.52822	-0.9194421	2.8719854
1663772548551	9.469596	-1.041476	2.5163522
1663772548565	9.77139	-1.3944174	2.3608186
1663772548580	10.412966	-1.2592229	1.5346966
1663772548593	10.373485	-1.5418751	0.71007013
1663772548608	9.871889	-1.5179468	1.9142581
1663772548638	10.17129	-0.75643104	2.2289143
1663772548650	10.737493	-0.74446696	1.5251254
1663772548666	10.4668045	-0.8892327	0.4022933
1663772548676	9.822836	-0.43579283	-0.45702913
1663772548687	8.53131	0.285045	-1.2879368
1663772548703	7.815258	0.933799	-0.77796644
1663772548712	7.361818	1.8708882	0.9026923
1663772548720	7.6202426	2.07697	2.970091
1663772548731	9.225528	1.6914265	3.362514
1663772548779	11.423335	1.2939188	1.9154545
1663772548796	12.792628	0.76241314	1.7333009
1663772548809	12.323336	-0.06699903	2.3847468
1663772548819	10.981561	-0.15074782	2.8815567
1663772548850	9.920941	0.16869399	2.6826532
1663772548862	9.26142	0.20937198	2.3030918
1663772548891	8.5887375	0.078963146	2.1487548
1663772548904	7.6166534	0.08853444	1.9010975
1663772548915	6.7872415	0.2515455	1.9704895
1663772548925	7.259824	0.49920264	2.8657043
1663772549026	9.276974	0.5985048	3.214159
1663772549037	11.603993	0.04546363	1.2044871
1663772549047	12.655041	-1.1383854	-0.09092726
1663772549059	12.864412	-2.495714	-0.29192436
1663772549068	12.202498	-3.004488	-0.09332009
1663772549079	10.65823	-2.0171494	-0.50159544
1663772549104	9.263813	-1.224527	-0.19381863
1663772549118	8.103892	-0.81864446	0.5925227
1663772549131	7.5927253	-0.4142574	1.2152548
1663772549143	8.472686	-0.106480606	1.9932213
1663772549153	9.364311	-0.15433706	2.6084757
