Timestamp 	 X 	 Y 	 Z 
1664443780599	9.727123	-0.16630118	-2.7568307
1664443780604	8.660522	-0.18065812	-4.2888355
1664443780609	8.352746	0.19740787	-5.083851
1664443780613	8.697611	0.08135597	-3.6807594
1664443780618	9.553345	0.26590243	-1.9654047
1664443780622	9.918549	0.23838496	-1.3860425
1664443780677	9.674481	0.050249275	-2.2827528
1664443780687	9.282955	-0.17108682	-3.26052
1664443780694	9.036494	-0.23090738	-3.3589249
1664443780700	9.208778	-0.040677983	-2.8836503
1664443780850	9.434899	0.013160525	-2.4705894
1664443780861	9.476774	-0.08135597	-2.3772693
1664443780867	9.473185	-0.12083755	-2.408376
1664443780873	9.402596	-0.16151553	-2.455036
1664443780880	9.389436	-0.1698904	-2.4299114
1664443780884	9.469596	-0.18664017	-2.4382863
1664443780891	9.548559	-0.111266255	-2.597409
1664443780898	9.452846	0.076570325	-2.786741
1664443780904	9.381062	0.1902294	-2.76042
1664443780910	9.426525	0.21296121	-2.5399811
1664443780915	9.553345	0.19740787	-2.3940191
1664443780975	9.538987	0.16510476	-2.4945176
1664443780986	9.407382	0.17467605	-2.597409
1664443780992	9.305687	0.21894327	-2.652444
1664443780999	9.32483	0.16390835	-2.6739793
1664443781081	9.452846	0.06460621	-2.6895328
1664443781089	9.529416	-0.08015956	-2.629712
1664443781094	9.507881	-0.1268196	-2.6991038
1664443781101	9.407382	-0.03589234	-2.696711
1664443781108	9.342776	0.09212367	-2.6428726
1664443781115	9.376275	0.09930214	-2.6536403
1664443781124	9.460024	0.0526421	-2.656033
1664443781281	9.495916	0.015553347	-2.6201408
1664443781294	9.419347	0.02751746	-2.5387847
1664443781305	9.335598	0.029910283	-2.3808584
1664443781311	9.378669	0.059820566	-2.3174486
1664443781321	9.513863	0.04426722	-2.408376
1664443781327	9.567701	-0.039481573	-2.5256243
1664443781335	9.462418	-0.06699903	-2.4658036
1664443781345	9.44806	-0.010767702	-2.4275186
1664443781353	9.553345	0.1052842	-2.5220351
1664443781359	9.590433	0.27188447	-2.5136602
1664443781365	9.570094	0.3364907	-2.4263222
1664443781370	9.542577	0.25872394	-2.4538395
1664443781420	9.473185	0.17347965	-2.477768
1664443781430	9.400204	0.09092726	-2.3832514
1664443781436	9.399008	0.020338992	-2.4251258
1664443781481	9.412168	0.0023928226	-2.5471597
1664443781491	9.419347	0.0849452	-2.5459633
1664443781497	9.489935	0.16271193	-2.5148566
1664443781503	9.525827	0.22253251	-2.5351956
1664443781509	9.48156	0.2515455	-2.5615165
1664443781533	9.458828	0.29820552	-2.5962126
1664443781539	9.420543	0.22372891	-2.4861426
1664443781594	9.467203	0.033499517	-2.347359
1664443781605	9.461221	0.04426722	-2.2492533
1664443781611	9.420543	0.22851457	-2.1894326
1664443781617	9.396614	0.36759737	-2.2492533
1664443781640	9.4432745	0.392722	-2.2875385
1664443781649	9.510274	0.34366915	-2.3665016
1664443781680	9.553345	0.2958127	-2.42034
1664443781694	9.565309	0.26590243	-2.3401806
1664443781852	9.584451	0.16749759	-2.2037897
1664443781862	9.608679	0.18783657	-2.2671995
1664443781869	9.643374	0.24675983	-2.3246272
1664443781876	9.546165	0.29341987	-2.3389843
1664443781885	9.445667	0.3077768	-2.3904297
1664443781893	9.401401	0.34247273	-2.4035904
1664443781899	9.391829	0.34965122	-2.4478576
1664443781904	9.445667	0.325723	-2.4478576
1664443781910	9.462418	0.32452658	-2.4191437
1664443781916	9.44806	0.22612174	-2.3712873
1664443781922	9.505488	0.13160525	-2.3545375
1664443782082	9.509077	0.13519448	-2.367698
1664443782095	9.466006	0.18185452	-2.3521447
1664443782108	9.450453	0.2551347	-2.3198416
1664443782114	9.519845	0.3185445	-2.333002
1664443782122	9.554541	0.38434714	-2.3102703
1664443782129	9.5760765	0.4668995	-2.204986
1664443782135	9.579665	0.44656053	-2.1185453
1664443782142	9.531809	0.2515455	-2.2157538
1664443782147	9.462418	0.11246266	-2.3605196
1664443782152	9.381062	0.13758731	-2.382055
1664443782159	9.485149	0.22013968	-2.3748765
1664443782196	9.582058	0.3364907	-2.3222344
1664443782208	9.606286	0.41306102	-2.2337
1664443782215	9.568898	0.4226323	-2.2360928
1664443782223	9.456435	0.33888352	-2.321038
1664443782280	9.404989	0.28265217	-2.3688943
1664443782290	9.485149	0.22971097	-2.4179473
1664443782299	9.506684	0.25752753	-2.481357
1664443782308	9.516255	0.35682967	-2.475375
1664443782320	9.525827	0.4106682	-2.3772693
1664443782328	9.499506	0.38315073	-2.2815564
1664443782356	9.473185	0.38434714	-2.3054845
1664443782366	9.426525	0.36281174	-2.3186452
1664443782375	9.433703	0.34486556	-2.2911277
1664443782479	9.498309	0.34366915	-2.254039
1664443782488	9.542577	0.31016964	-2.161616
1664443782494	9.565309	0.28743783	-2.2037897
1664443782500	9.533006	0.31256247	-2.3186452
1664443782507	9.518648	0.29461628	-2.3401806
1664443782513	9.529416	0.2730809	-2.292324
1664443782520	9.536594	0.25034907	-2.2983062
1664443782542	9.497113	0.26111677	-2.2935205
1664443782548	9.491131	0.20219351	-2.2755744
1664443782595	9.527023	0.18544376	-2.2767708
1664443782606	9.556933	0.18544376	-2.2337
1664443782612	9.540184	0.22851457	-2.2420747
1664443782619	9.469596	0.26829523	-2.312663
1664443782639	9.44806	0.31136605	-2.359323
1664443782648	9.504292	0.34127632	-2.268396
1664443782679	9.547362	0.29102704	-2.1544378
1664443782692	9.548559	0.23599213	-2.2073789
1664443782849	9.565309	0.20937198	-2.3150558
1664443782859	9.5353985	0.22253251	-2.2731814
1664443782864	9.515059	0.22851457	-2.2157538
1664443782873	9.509077	0.2117648	-2.2791636
1664443782882	9.531809	0.20937198	-2.321038
1664443782889	9.559326	0.2551347	-2.2839491
1664443782898	9.507881	0.29940194	-2.2779672
1664443782905	9.41456	0.3269194	-2.3030918
1664443782912	9.440882	0.325723	-2.288735
1664443782920	9.533006	0.2730809	-2.251646
1664443782928	9.613464	0.20817557	-2.2360928
1664443783084	9.583255	0.15074782	-2.2408783
1664443783099	9.52822	0.19860429	-2.239682
1664443783106	9.540184	0.28145576	-2.184647
1664443783114	9.515059	0.28145576	-2.1221347
1664443783121	9.540184	0.23718855	-2.1592233
1664443783128	9.531809	0.21296121	-2.3018954
1664443783134	9.500702	0.23958136	-2.2947168
1664443783142	9.521041	0.27906293	-2.1448665
1664443783152	9.542577	0.30299118	-2.0694926
1664443783159	9.500702	0.2551347	-2.2073789
1664443783165	9.471989	0.16869399	-2.2827528
1664443783280	9.523434	0.17467605	-2.2229323
1664443783292	9.611072	0.18783657	-2.2157538
1664443783298	9.64457	0.27906293	-2.2588246
1664443783305	9.556933	0.3293122	-2.2456641
1664443783311	9.442079	0.33170503	-2.2456641
1664443783319	9.382257	0.24556342	-2.2528424
1664443783325	9.461221	0.20338993	-2.321038
1664443783331	9.488738	0.14476576	-2.333002
1664443783338	9.567701	0.16390835	-2.2372892
1664443783344	9.617053	0.19501504	-2.1185453
1664443783350	9.605089	0.20338993	-2.0922244
1664443783356	9.562916	0.19381863	-2.1508484
1664443783421	9.543773	0.16749759	-2.1882362
1664443783432	9.5665045	0.17826529	-2.1771696
1664443783440	9.523434	0.23479572	-2.1472592
1664443783476	9.518648	0.33888352	-2.2229323
1664443783488	9.531809	0.33170503	-2.2073789
1664443783494	9.519845	0.2009971	-2.1149561
1664443783499	9.504292	0.12801601	-2.0635104
1664443783505	9.577272	0.11246266	-2.0994027
1664443783592	9.590433	0.062213387	-2.2073789
1664443783598	9.6015	0.13040884	-2.3150558
1664443783602	9.596714	0.19501504	-2.2229323
1664443783609	9.594321	0.25393832	-2.1269202
1664443783614	9.52822	0.31016964	-2.193022
1664443783619	9.407382	0.3484548	-2.251646
1664443783675	9.382257	0.40827537	-2.2073789
1664443783681	9.485149	0.41784665	-2.158027
1664443783684	9.608679	0.35204405	-2.1894326
1664443783689	9.667302	0.24675983	-2.2169502
1664443783750	9.589237	0.17228323	-2.1592233
1664443783757	9.538987	0.15553348	-2.1711874
1664443783848	9.457631	0.12801601	-2.2384856
1664443783860	9.525827	0.18424734	-2.1954148
1664443783865	9.595518	0.2431706	-2.1364915
1664443783872	9.564112	0.24915266	-2.1149561
1664443783878	9.533006	0.18185452	-2.1532412
1664443783887	9.487542	0.11365908	-2.254039
1664443783894	9.501899	0.09092726	-2.1735802
1664443783900	9.6015	0.20697916	-2.079064
1664443783906	9.667302	0.24556342	-2.1448665
1664443784079	9.571291	0.2324029	-2.2169502
1664443784093	9.479167	0.1698904	-2.1954148
1664443784101	9.503095	0.17347965	-2.1735802
1664443784112	9.54497	0.21655045	-2.1352952
1664443784119	9.54138	0.24197419	-2.070689
1664443784125	9.518648	0.22253251	-2.137688
1664443784132	9.543773	0.16271193	-2.1978076
1664443784138	9.577272	0.13998012	-2.1592233
1664443784144	9.58804	0.10887343	-2.2061825
1664443784151	9.507881	0.086141616	-2.2492533
1664443784156	9.456435	0.15314065	-2.204986
1664443784163	9.523434	0.29341987	-2.1317058
1664443784169	9.5353985	0.30179477	-2.1017957
1664443784279	9.498309	0.325723	-2.0431714
1664443784289	9.596714	0.36400816	-1.8493528
1664443784296	9.664909	0.31256247	-1.8828523
1664443784304	9.584451	0.15553348	-2.0982063
1664443784311	9.512667	0.09810573	-2.2911277
1664443784317	9.554541	0.08015956	-2.243271
1664443784325	9.645767	0.13758731	-2.013261
1664443784331	9.643374	0.16390835	-1.9307088
1664443784349	9.600304	0.17228323	-2.0563319
1664443784356	9.501899	0.18065812	-2.141277
1664443784477	9.47797	0.26470602	-2.076671
1664443784488	9.5665045	0.32213375	-2.0455642
1664443784493	9.692428	0.37716866	-2.0001006
1664443784501	9.802497	0.30897322	-1.8625133
1664443784507	9.719945	0.2551347	-1.8625133
1664443784514	9.527023	0.25393832	-1.8290138
1664443784525	9.428918	0.2324029	-1.7931215
1664443784533	9.454042	0.22731815	-1.8804595
1664443784540	9.554541	0.1268196	-1.9450657
1664443784546	9.61466	0.069391854	-1.9055841
1664443784596	9.642178	0.16630118	-1.8780667
1664443784607	9.698409	0.46929234	-1.852942
1664443784641	9.690035	0.71455663	-1.7967107
1664443784654	9.633803	0.72293156	-1.8361923
1664443784663	9.578469	0.5303093	-2.05035
1664443784671	9.4636135	0.37716866	-2.1281166
1664443784677	9.396614	0.4118646	-2.053939
1664443784684	9.482756	0.46809593	-1.9917258
1664443784844	9.613464	0.42502514	-2.0395823
1664443784855	9.650553	0.45254257	-1.9737796
1664443784869	9.623035	0.65353966	-2.062314
1664443784875	9.615857	0.8225328	-2.1017957
1664443784881	9.637392	0.8177471	-1.9630119
1664443784887	9.516255	0.6164509	-1.8421743
1664443784892	9.333204	0.38673997	-1.8278174
1664443784896	9.399008	0.36520454	-1.995315
1664443784901	9.449257	0.3592225	-2.1520448
1664443784908	9.236296	0.104087785	-2.0659032
1664443784948	9.298509	-0.0526421	-2.2492533
1664443784960	9.65175	-0.038285162	-2.5938199
1664443785080	9.938888	0.019142581	-2.489732
1664443785091	9.895817	-0.15553348	-2.2947168
1664443785096	9.737891	-0.29790643	-2.1966112
1664443785104	9.735498	-0.07537391	-2.1424735
1664443785114	9.630214	0.010767702	-2.1065812
1664443785121	9.467203	-0.15194423	-2.0204396
1664443785127	9.518648	-0.30269206	-1.8242282
1664443785134	9.584451	-0.38673997	-1.7943178
1664443785141	9.638589	-0.37597227	-1.6121643
1664443785146	9.673285	-0.36281174	-1.5954145
1664443785155	9.633803	-0.4728816	-1.8960128
1664443785278	9.580862	-0.5877371	-2.260021
1664443785288	9.61466	-0.6475576	-2.5423741
1664443785293	9.74148	-0.5458627	-2.4071796
1664443785302	9.766604	-0.46809593	-2.2097716
1664443785310	9.613464	-0.2428715	-2.0359929
1664443785317	9.467203	0.096909314	-1.8134605
1664443785324	9.436096	0.29102704	-1.6639091
1664443785330	9.401401	0.14596218	-1.4554343
1664443785343	9.376275	-0.21415763	-1.3968102
1664443785351	9.426525	-0.43698925	-1.4231312
1664443785478	9.6015	-0.50398827	-1.5379868
1664443785489	9.833604	-0.57457656	-1.8242282
1664443785494	9.99153	-0.5829514	-2.0431714
1664443785502	10.046565	-0.22851457	-1.9115661
1664443785509	9.874282	0.28025934	-1.6878372
1664443785513	9.590433	0.53389853	-1.6818552
1664443785520	9.45165	0.77796644	-1.7273189
1664443785527	9.597911	1.0534402	-2.076671
1664443785536	9.712767	0.9242278	-2.3928227
1664443785543	9.822836	-0.2321038	-2.8453653
1664443785555	9.582058	-1.4327025	-3.0786655
1664443785597	8.966804	-1.8074784	-2.5196424
1664443785642	9.180064	-0.9302098	-2.312663
1664443785653	9.600304	0.56500524	-1.9821545
1664443785659	9.272188	0.92303133	-1.5104693
1664443785662	8.770593	0.5183452	-1.9235303
1664443785676	8.400602	-0.043070808	-2.4741786
1664443785684	8.411369	-0.15792629	-2.664408
1664443785749	9.097511	0.3173481	-2.7568307
1664443785761	9.959227	1.0259227	-2.835794
1664443785767	10.625927	1.4712868	-2.7963123
1664443785774	10.696515	1.3202399	-2.7230322
1664443785848	10.7889385	1.0941181	-2.7723842
1664443785861	10.717154	0.9720842	-2.9195428
1664443785872	10.031012	1.1778669	-2.8429725
1664443785882	9.072387	1.887638	-2.2061825
1664443785892	8.8136635	1.9007984	-1.6734804
1664443785898	9.038888	1.3839488	-1.3190435
1664443785905	9.317652	0.8153543	-0.85214394
1664443785969	8.95484	0.33888352	-0.9418748
1664443785976	8.640183	0.2970091	-1.1216356
1664443785987	8.966804	0.7157531	-1.8170497
1664443785997	9.30808	0.8356933	-2.5196424
1664443786081	9.292527	1.11685	-2.6404798
1664443786092	9.413364	1.623231	-2.1281166
1664443786099	9.589237	1.6220347	-1.5667006
1664443786106	9.853943	1.5586249	-1.5439688
1664443786118	10.063314	0.5027919	-1.4147564
1664443786127	10.769795	-0.3376871	-2.6871397
1664443786175	12.286247	-0.02871387	-5.5217376
1664443786181	10.899008	0.6870392	-3.441477
1664443786185	9.440882	0.81894356	-0.2644069
1664443786282	8.930911	0.37597227	-0.6678966
1664443786294	8.487042	0.10767702	-2.7290142
1664443786307	8.391031	0.28983065	-3.8590248
1664443786315	8.668898	0.64995044	-3.0391839
1664443786326	9.327223	0.7576275	-1.9929222
1664443786336	9.567701	0.30538398	-2.1942184
1664443786342	9.436096	-0.23569304	-2.6344976
1664443786347	9.360723	-0.6547361	-2.4047868
1664443786353	9.608679	-0.8955139	-1.718944
1664443786373	9.873085	-1.0259227	-1.1659029
1664443786383	9.930513	-0.9732806	-1.0582259
1664443786420	9.786943	-0.7109674	-1.1910275
1664443786432	9.521041	-0.3915256	-1.387239
1664443786441	9.2793665	-0.101694964	-1.5427724
1664443786478	9.178867	0.07058827	-1.765604
1664443786490	9.309277	0.36041892	-1.759622
1664443786503	9.727123	0.43818563	-1.9857436
1664443786514	9.992726	-0.12801601	-2.088635
1664443786568	10.237094	-0.45254257	-1.4410775
1664443786579	10.200005	-0.3484548	-0.72771716
1664443786586	10.219148	-0.20578274	-0.5027919
1664443786596	10.472787	-0.5590232	-0.69182485
1664443786678	10.417751	-1.0127622	-1.1072787
1664443786692	10.05494	-0.8042875	-1.3501502
1664443786700	10.183255	0.07298109	-1.5702899
1664443786711	10.463215	0.21415763	-2.5914268
1664443786717	9.953245	-1.0175478	-2.8848467
1664443786727	9.314062	-2.1044874	-0.9059825
1664443786751	9.020642	-0.6678966	0.03589234
1664443786760	8.359924	0.4668995	-0.7432705
1664443786766	7.7590265	0.67148584	-2.0036898
1664443786773	7.904989	0.86560357	-2.62373
1664443786842	8.185248	0.9385847	-2.5184457
1664443786848	8.990732	0.5985048	-2.2277179
1664443786853	9.513863	0.6044868	-1.2173486
1664443786858	9.759426	0.75643104	-1.6734804
1664443786878	10.2682	0.95653087	-3.7944186
1664443786887	10.296914	1.2747762	-4.8215375
1664443786975	10.387841	1.8900307	-3.8374894
1664443786985	10.785349	2.2743778	-2.4586253
1664443786998	10.714461	2.288735	-1.7273189
1664443787006	10.3340025	2.0745773	-1.1611172
1664443787080	9.786943	1.6088741	-0.8605189
1664443787091	9.180064	0.9385847	-1.5463617
1664443787101	8.694022	0.051445685	-1.8960128
1664443787111	8.703593	-0.4322036	-1.5451652
1664443787116	8.767003	-0.33409786	-0.9299107
1664443787120	9.174082	0.061016977	-0.581755
1664443787124	9.434899	0.45732823	-0.9346963
1664443787161	9.527023	0.7540382	-1.2412767
1664443787167	9.650553	0.89072824	-1.527219
1664443787173	9.716355	1.0546366	-2.1858435
1664443787192	10.098011	0.9625129	-2.4239295
1664443787275	10.760224	0.24436702	-1.2376875
1664443787280	11.117951	0.0011964113	-2.652444
1664443787283	10.604392	0.84047896	-5.0946183
1664443787287	9.926924	1.3971093	-1.9857436
1664443787291	9.710373	1.8254246	-0.3792624
1664443787295	8.616255	1.3755739	-1.5140585
1664443787342	8.353942	0.9804591	-2.5507488
1664443787347	9.135797	1.0546366	-3.2006993
1664443787352	9.476774	-0.1052842	-2.2360928
1664443787382	9.675677	-0.30987054	-0.9909277
1664443787387	10.246665	0.5602196	-1.6339988
1664443787475	10.151849	0.5566304	-3.580261
1664443787480	9.666106	-0.05503492	-4.490132
1664443787484	9.208778	-0.45254257	-3.2593236
1664443787488	9.262616	-0.39631125	-1.745265
1664443787492	9.54497	-0.3278167	-0.9957133
1664443787495	9.536594	-0.55064833	-0.74566334
1664443787526	9.123833	-0.75284183	-0.811466
1664443787530	8.835198	-0.6762715	-1.1503495
1664443787595	8.679665	-0.37597227	-1.4123635
1664443787602	8.890233	-0.0741775	-1.3692927
1664443787680	9.241081	-0.0526421	-1.1539388
1664443787691	9.476774	0.0071784677	-1.0184451
1664443787702	9.474381	0.14117654	-0.8234301
1664443787712	9.369097	-0.03589234	-0.86171526
1664443787719	9.482756	-0.22013968	-1.0232308
1664443787728	10.011869	-0.06819545	-0.92632145
1664443787790	10.551749	0.18664017	-0.9000004
1664443787802	10.582856	0.23718855	-0.9837492
1664443787808	10.423734	0.23958136	-0.9610174
1664443787815	10.627124	0.18305093	-1.6531414
1664443787826	11.18495	-0.8772686	-3.5671003
1664443787847	10.435698	-1.8134605	-4.112963
1664443787854	9.333204	-0.78873414	-0.33140594
1664443787861	8.744271	-0.06460621	0.25034907
1664443787878	7.882257	-0.1698904	-1.5451652
1664443787890	7.7243304	-0.10289137	-2.0324037
1664443787975	8.725129	0.5135596	-2.0670996
1664443787988	9.462418	0.6200402	-2.678765
1664443787994	10.074082	0.71336025	-3.5467613
1664443788001	9.9807625	1.0725827	-1.5918252
1664443788006	10.59482	1.7021942	-2.0527427
1664443788081	10.663016	1.9944177	-4.293621
1664443788089	10.194023	1.7548363	-4.4168515
1664443788097	10.033404	1.244866	-2.585445
1664443788105	10.316056	1.1443675	-1.4315062
1664443788112	10.706087	1.7177476	-1.4506488
1664443788119	10.129117	1.9657038	-1.4853446
1664443788197	9.280562	1.7177476	-2.041975
1664443788210	8.512167	1.1395818	-2.5722845
1664443788214	8.146963	0.5482555	-2.6428726
1664443788223	8.059625	0.13519448	-2.3365912
1664443788280	8.407781	0.04426722	-1.8337995
1664443788292	9.12503	0.1794617	-1.1599208
1664443788299	9.723534	0.25034907	-0.84735835
1664443788307	10.029816	0.049052864	-1.0606186
1664443788314	9.889835	-0.33050862	-1.3393825
1664443788320	10.135099	-0.047856454	-2.37368
1664443788345	11.207683	0.5901299	-2.3198416
1664443788357	12.240784	0.98883396	-3.3672996
1664443788364	11.13829	1.2795619	-4.0100718
1664443788374	8.550452	1.3923237	-0.1268196
1664443788385	7.4012995	0.9302098	0.63230336
1664443788479	7.123433	0.043070808	-2.0347965
1664443788491	8.014161	-0.474078	-4.727021
1664443788499	9.416953	-0.32303107	-5.3159547
1664443788507	10.414163	0.42981076	-3.394817
1664443788515	10.324431	0.8225328	-1.0363913
1664443788528	9.757033	0.67028946	-1.3130615
1664443788534	9.387043	-0.45254257	-2.5208387
1664443788589	9.507881	-1.5346966	-2.8226335
1664443788600	10.028619	-1.7691933	-2.1424735
1664443788605	10.217951	-1.3286148	-1.326222
1664443788613	9.995119	-0.6978069	-0.9514461
1664443788681	9.761819	-0.13399807	-0.7181459
1664443788693	9.480363	0.24436702	-0.82941216
1664443788703	9.089137	0.27667013	-1.0749756
1664443788710	8.841181	-0.05503492	-1.0196415
1664443788715	8.810074	-0.20937198	-1.1228321
1664443788789	8.95125	-0.21774685	-1.4386846
1664443788803	9.255438	-0.0071784677	-1.5343975
1664443788813	9.597911	0.18424734	-1.378864
1664443788823	10.103992	0.23718855	-1.0495518
1664443788829	10.684551	-0.025124637	-0.5518447
1664443788842	10.525429	-0.12801601	-0.8700901
1664443788846	11.006685	-0.02871387	-1.7117655
1664443788853	11.736795	-0.44177487	-3.69392
1664443788879	10.622338	-0.8222337	-4.246961
1664443788891	8.656933	-1.4880366	-1.8326031
1664443788975	7.8320074	-1.1036894	-0.15074782
1664443788987	7.565208	-0.19381863	-0.25004998
1664443788995	8.150552	0.62841505	-1.7823538
1664443789004	9.425328	1.3250256	-2.9422746
1664443789011	9.686445	1.3046865	-3.758526
1664443789081	8.829216	1.2340983	-2.827419
1664443789091	10.095618	1.2472588	-2.2468605
1664443789097	10.914561	1.1766706	-3.0379875
1664443789101	10.70489	1.21017	-4.3498526
1664443789104	10.244272	1.7237296	-3.78724
1664443789108	9.560523	2.4311078	-1.7811574
1664443789201	9.223135	2.416751	-0.56380886
1664443789213	9.342776	1.8481563	-1.0857433
1664443789222	9.396614	1.1072787	-2.076671
1664443789228	9.12503	0.44656053	-2.5052853
1664443789236	8.902198	0.1471586	-2.5519454
1664443789243	8.983554	0.15433706	-2.568695
1664443789281	8.95125	0.021535404	-1.9211375
1664443789294	9.743873	0.28743783	-1.4123635
1664443789300	10.896615	0.8679964	-1.0232308
1664443789304	11.204093	1.6136597	-0.86530447
1664443789349	10.387841	1.0989038	-0.87966144
1664443789358	10.002297	-0.15194423	-0.7049854
1664443789414	9.926924	-0.95772725	-2.0371895
1664443789427	10.265807	0.541077	-5.0766726
1664443789437	9.361918	2.0458634	-5.5710893
1664443789444	7.966305	2.2157538	-1.9462621
1664443789452	7.597511	1.9980069	-0.47976094
1664443789479	8.00459	0.9876375	-1.3609179
1664443789489	8.959625	-0.6523433	-2.5902305
1664443789494	9.21476	-1.9654047	-3.3804603
1664443789589	10.098011	-1.4940187	-3.1504502
1664443789600	10.496715	-0.62721866	-2.6069803
1664443789605	10.165309	0.27667013	-2.4586253
1664443789613	9.899406	0.9912268	-1.9307088
1664443789619	9.841979	0.8572287	-1.3130615
1664443789623	10.005887	-0.07537391	-1.5918252
1664443789639	9.952048	-0.392722	-2.2348964
1664443789647	9.75823	-0.6798607	-2.4071796
1664443789681	9.619446	-0.4968098	-1.9677975
1664443789691	9.4636135	-0.15433706	-1.5523437
1664443789700	9.144172	-0.062213387	-1.4315062
1664443789791	8.928518	-0.32303107	-0.9239286
1664443789802	9.013464	-0.40707895	-0.43429732
1664443789808	9.30808	-0.078963146	-0.89401835
1664443789817	9.389436	0.27906293	-1.2664014
1664443789824	9.731909	0.6726823	-1.0797613
1664443789843	10.286146	0.77677006	-1.11685
1664443789853	10.427323	0.55782676	-1.0280164
1664443789861	10.434502	0.67028946	-0.8844471
1664443789879	10.456037	0.9936196	-2.0958135
1664443789889	10.69173	0.029910283	-3.9526439
1664443790009	10.040583	-1.5370895	-5.15085
1664443790015	8.731111	-2.0542383	-1.9378872
1664443790024	7.786544	-1.3226327	1.5346966
1664443790031	7.7757764	-0.16151553	0.7710871
1664443790035	7.966305	0.5063811	-1.89362
1664443790079	8.918947	1.0247263	-3.978965
1664443790089	9.857532	1.6495521	-4.121338
1664443790095	10.701301	2.4478576	-3.0966115
1664443790104	11.119147	2.8262227	-2.2636101
1664443790110	10.988739	2.8202405	-2.0898316
1664443790116	9.925728	2.3389843	-2.2875385
1664443790207	8.929715	1.6555341	-3.1660035
1664443790217	8.959625	1.2065809	-3.423531
1664443790224	9.419347	1.4222339	-2.2899313
1664443790230	9.55813	1.509572	-0.98614204
1664443790235	9.533006	1.2687942	-0.86530447
1664443790280	9.256635	0.933799	-1.5595222
1664443790293	9.110672	0.59970117	-2.2277179
1664443790301	9.15494	0.16031912	-1.9642082
1664443790307	9.201599	-0.317049	-0.99690974
1664443790316	9.537791	-0.5901299	-0.6655038
1664443790322	9.808479	-0.64037913	-0.79830545
1664443790328	9.916156	0.43579283	-1.0459626
1664443790419	9.740284	1.1946167	-1.0292128
1664443790430	9.503095	0.3293122	-1.7201403
1664443790436	9.901799	0.29820552	-3.775276
1664443790481	10.511071	1.8170497	-5.8474603
1664443790492	9.523434	2.1092732	-3.4737802
1664443790501	8.612666	1.5598212	-0.23688944
1664443790512	8.801699	0.87996054	-1.0749756
1664443790520	9.060423	-0.09332009	-3.124129
1664443790530	9.144172	-0.87966144	-4.8490553
1664443790539	9.382257	-0.8545368	-4.111767
1664443790595	9.923335	0.039481573	-2.6129622
1664443790609	10.155738	1.183849	-1.785943
1664443790616	10.057333	1.2759727	-1.7943178
1664443790623	10.108778	0.3376871	-1.8349959
1664443790681	10.045368	-0.5697909	-1.4111671
1664443790692	9.85155	-1.2544373	-1.0642079
1664443790699	9.600304	-1.2568301	-0.9490533
1664443790705	9.329616	-0.8425727	-1.1826526
1664443790711	9.030213	-0.43698925	-1.7129619
1664443790755	8.927322	-0.21535404	-1.779961
1664443790767	9.079565	-0.2105684	-1.466202
1664443790831	9.527023	-0.148355	-1.1515459
1664443790844	10.0932255	0.29940194	-1.082154
1664443790853	10.390234	0.49202415	-1.623231
1664443790860	10.239487	0.19381863	-1.8421743
1664443790866	10.11476	-0.12203395	-0.91196454
1664443790872	10.138689	-0.025124637	0.16301104
1664443790878	10.272985	-0.08973085	-0.276371
1664443790881	10.661819	-0.5267201	-2.5962126
1664443790974	10.027422	-1.0115658	-4.108177
1664443790987	8.303693	-0.70618176	-2.376073
1664443790995	7.7350984	-0.2955136	-0.34097722
1664443791005	7.9244304	-0.24526432	-1.4925231
1664443791043	8.241479	-0.040677983	-3.170789
1664443791054	9.390633	0.37597227	-3.3050864
1664443791077	10.17847	0.76241314	-2.9949167
1664443791086	10.184451	1.2807583	-2.2265215
1664443791093	10.536197	2.181058	-2.379662
1664443791101	10.293324	2.670689	-3.673581
1664443791107	9.561719	2.7628129	-4.4985065
1664443791196	8.823235	2.76042	-3.9861434
1664443791207	8.92493	2.7101707	-2.7472596
1664443791215	9.733106	2.455036	-1.873281
1664443791225	10.099207	1.8361923	-1.8696918
1664443791234	9.786943	1.1479566	-2.0264218
1664443791243	9.249456	0.5075775	-1.9115661
1664443791280	8.740682	-0.11246266	-1.724926
1664443791292	8.660522	-0.55064833	-1.4267205
1664443791300	9.595518	-0.30029923	-1.1659029
1664443791308	10.494322	0.60807604	-1.1276177
1664443791328	10.493126	1.8266209	-1.0495518
1664443791335	9.833604	1.8816559	-1.7129619
1664443791425	9.59163	1.07019	-2.400001
1664443791430	9.807282	0.5279165	-1.6639091
1664443791436	9.493524	-0.059820566	-1.2017952
1664443791480	9.268599	-0.23330021	-3.5647075
1664443791492	8.580363	0.41784665	-4.6097727
1664443791501	8.298907	0.8153543	-2.9733813
1664443791506	8.65813	0.7109674	-1.5535401
1664443791515	9.660124	0.3699902	-2.015654
1664443791594	10.402198	0.10289137	-3.2940195
1664443791603	10.8714905	0.22372891	-4.4805603
1664443791610	10.84158	0.64995044	-4.6169515
1664443791617	10.011869	0.6236294	-3.3409786
1664443791624	9.561719	0.03589234	-2.6249263
1664443791630	9.42174	-0.25603202	-2.2552354
1664443791681	9.219545	-0.64277196	-1.8852451
1664443791691	8.970393	-0.9026923	-1.1539388
1664443791695	8.945269	-0.80787677	-0.6092725
1664443791701	9.021839	-0.49082774	-0.62961143
1664443791709	9.009874	-0.30149564	-1.1252248
1664443791748	9.007482	-0.039481573	-1.6830516
1664443791752	9.24467	0.08733802	-1.8816559
1664443791827	9.550952	0.11485548	-1.6304095
1664443791830	9.920941	0.2730809	-1.3669
1664443791833	10.066904	0.46809593	-1.2221341
1664443791835	10.120743	0.3711866	-1.4566308
1664443791842	10.211968	0.10767702	-1.4733806
1664443791846	10.08485	-0.062213387	-0.59730834
1664443791876	9.748658	-0.15194423	0.039481573
1664443791880	9.901799	-0.2943172	-0.80189466
1664443791971	9.964012	-0.13399807	-2.5806592
1664443791977	9.393025	0.34366915	-3.1073792
1664443791981	8.274979	-0.16510476	-1.6339988
1664443791985	7.8427753	-0.927817	-1.6411772
1664443792029	8.682058	-0.6678966	-1.9773688
1664443792032	9.883853	0.20697916	-2.2145574
1664443792068	11.347961	1.1934203	-3.35055
1664443792074	11.711671	1.7979071	-4.469793
1664443792079	11.102398	2.3712873	-4.790431
1664443792085	10.050154	3.0550363	-3.7692938
1664443792092	8.83161	2.949453	-2.696711
1664443792242	8.359924	2.2408783	-2.7206392
1664443792247	8.758628	1.8912272	-2.638087
1664443792252	9.065208	1.7763717	-1.9307088
1664443792256	8.881859	1.7632111	-1.338186
1664443792263	8.129017	1.4186447	-0.88325065
1664443792267	7.9519477	0.9720842	-0.75643104
1664443792276	7.871489	0.3999005	-1.1539388
1664443792281	8.0404825	0.013160525	-1.1240284
1664443792286	8.989535	-0.28235307	-0.73011
1664443792290	10.433305	-0.2943172	-1.0845468
1664443792344	11.644671	0.14117654	-1.8457636
1664443792350	11.513066	1.5813566	-2.0084755
1664443792355	11.511869	1.9848464	-2.9195428
1664443792416	11.753545	0.8117651	-2.9709885
1664443792421	11.419746	0.2117648	-2.149652
1664443792475	9.867104	0.7325028	-1.5762719
1664443792482	8.579166	1.1850454	-1.9426728
1664443792486	8.362317	1.5071791	-3.298805
1664443792491	8.358727	1.5107684	-3.100201
1664443792495	8.510971	1.468894	-2.7628129
1664443792526	8.459227	1.2915261	-2.4299114
1664443792531	8.915359	0.83688974	-2.0168505
1664443792590	9.792926	0.4441677	-2.3246272
1664443792596	10.277771	0.5985048	-2.9937203
1664443792600	9.999905	0.54705906	-3.286841
1664443792604	9.480363	-0.32662028	-2.9207392
1664443792638	9.348758	-1.3357933	-2.1592233
1664443792642	9.669696	-1.6746768	-1.7009978
1664443792677	9.882657	-1.5191432	-1.7069799
1664443792684	9.785748	-1.2197413	-1.8146569
1664443792689	9.696016	-0.85214394	-2.041975
1664443792750	9.602696	-0.31345975	-2.3521447
1664443792759	9.1872425	0.1052842	-2.068296
1664443792830	9.134601	0.43938205	-1.2520444
1664443792838	9.127422	0.5374878	-0.81984085
1664443792845	8.983554	0.49202415	-0.81864446
1664443792850	9.194421	0.56141603	-1.0833504
1664443792856	9.570094	0.5315057	-1.311865
1664443792860	9.675677	0.39511484	-0.7289136
1664443792878	9.773783	0.18544376	0.3592225
1664443792883	10.464412	0.4645067	0.082851484
1664443793030	10.299307	0.62482584	-2.0862422
1664443793036	10.846366	0.6200402	-3.5946178
1664443793042	11.370693	-0.5279165	-4.9160542
1664443793046	10.427323	-1.9618155	-3.9430726
1664443793052	8.702396	-1.6435701	-0.041874398
1664443793055	8.0404825	-0.13758731	0.6418747
1664443793076	7.4587274	0.73369926	-1.3010973
1664443793082	7.5664043	1.1359925	-3.4199417
1664443793088	8.196015	1.0582259	-3.909573
1664443793093	9.749855	1.8361923	-3.05713
1664443793099	10.648659	2.4394827	-1.8756739
1664443793194	10.503893	1.8481563	-1.4733806
1664443793201	10.211968	1.5897316	-3.4199417
1664443793207	9.832407	1.6124634	-5.1341
1664443793215	9.346365	1.5921243	-4.4674
1664443793243	9.493524	2.0877378	-3.0200412
1664443793249	9.548559	1.9381863	-2.4717858
1664443793276	9.409775	1.224527	-2.141277
1664443793282	9.172886	0.36041892	-1.4243277
1664443793288	9.293723	-0.06460621	-1.2317054
1664443793293	9.497113	0.05623133	-0.898804
1664443793344	8.847162	0.53270215	-0.39720857
1664443793351	8.27139	0.9457632	-0.7396813
1664443793416	8.3994055	0.9493524	-1.5296118
1664443793424	9.055637	1.4174483	-2.4311078
1664443793430	10.202397	2.0470598	-2.4394827
1664443793455	10.753046	1.3707882	-1.8948164
1664443793463	11.226825	0.10289137	-0.7265208
1664443793478	11.499906	-1.1180464	-0.53270215
1664443793485	11.029417	-1.4111671	-3.6604204
1664443793492	9.281759	0.5099703	-4.2780676
1664443793526	8.540881	1.7739788	-2.7891338
1664443793536	8.703593	2.024328	-2.3054845
1664443793593	8.868698	1.8756739	-3.2294133
1664443793601	9.199206	1.5813566	-4.0447674
1664443793606	9.691231	1.0833504	-3.9167516
1664443793614	9.717552	-0.5949155	-3.6448672
1664443793675	9.41456	-0.9828519	-3.5036905
1664443793681	9.446864	-0.535095	-3.2617164
1664443793687	9.684052	-0.20697916	-2.725425
1664443793693	9.643374	-0.4322036	-1.5080764
1664443793698	9.499506	-0.9768698	-0.40079778
1664443793749	9.516255	-1.0283155	-0.3505485
1664443793757	9.518648	-0.67148584	-1.1754742
1664443793831	9.09153	-0.2656033	-1.9534405
1664443793841	8.713164	0.039481573	-2.2767708
1664443793851	8.808877	0.3364907	-2.0108683
1664443793857	9.367901	0.61884373	-1.5032908
1664443793862	9.880263	0.7755736	-1.2532408
1664443793866	10.050154	0.4968098	-1.5846468
1664443793879	10.020244	-0.39511484	-1.5930216
1664443793884	9.54138	-0.8437691	-0.30508488
1664443794031	9.436096	-0.16630118	0.6092725
1664443794037	9.573684	1.1647065	0.31256247
1664443794043	10.603195	1.6950158	-2.778366
1664443794049	10.756635	-0.008374879	-4.658826
1664443794052	9.090333	-2.6443682	-4.1703906
1664443794058	8.136195	-3.0738797	-1.5463617
1664443794076	9.748658	-1.3944174	0.49800622
1664443794082	11.06172	0.91585284	-1.2927225
1664443794088	10.893026	2.37368	-3.754937
1664443794094	9.780962	3.1100712	-4.752146
1664443794108	8.962018	3.2273195	-4.7581277
1664443794195	8.745467	2.4023938	-3.3194432
1664443794202	9.060423	1.6926229	-2.644069
1664443794206	10.003494	1.6938193	-2.4945176
1664443794210	10.275378	1.8696918	-1.9319052
1664443794244	9.693624	1.8637097	-1.6351951
1664443794254	8.5014	1.5299109	-1.6818552
1664443794277	7.908578	1.4090735	-1.5990037
1664443794286	8.162517	1.1144571	-1.5391831
1664443794292	8.459227	0.52552366	-1.7440686
1664443794297	9.0544405	-0.076570325	-1.2687942
1664443794344	10.160523	-0.42023948	-0.5949155
1664443794351	10.649856	-0.62721866	0.2970091
1664443794419	10.083653	-0.80189466	0.99960166
1664443794426	9.580862	-0.5913263	-0.07178468
1664443794433	9.626625	0.2009971	-3.0619156
1664443794456	10.406984	1.7871394	-8.473883
1664443794465	10.615159	3.0212376	-4.043571
1664443794472	8.999106	3.2249267	0.2228316
1664443794477	8.25464	2.1104696	-0.29192436
1664443794483	9.104691	1.0163515	-3.3804603
1664443794593	10.328021	0.16630118	-5.4894342
1664443794601	10.881062	-0.43938205	-5.2573304
1664443794607	10.870295	-0.47527438	-3.7537405
1664443794613	9.966406	-0.40468612	-1.9785652
1664443794618	9.607482	-0.5087739	-1.2939188
1664443794625	9.728319	-0.78035927	-1.5308083
1664443794639	9.638589	-0.9314062	-1.4315062
1664443794647	9.235099	-0.96490574	-1.0929217
1664443794677	9.009874	-0.7193423	-0.92153585
1664443794682	9.040084	-0.44895336	-0.8102696
1664443794688	9.077172	-0.31226337	-1.2472588
1664443794748	8.9979105	-0.3819543	-1.6866409
1664443794753	8.963215	-0.42502514	-1.2987045
1664443794844	9.090333	-0.24646074	-0.93708915
1664443794853	9.32483	-0.015553347	-1.0953146
1664443794859	9.530613	0.2431706	-1.4961123
1664443794862	9.761819	0.37716866	-1.718944
1664443794869	10.20479	0.36041892	-1.4015958
1664443794876	10.371092	-0.23688944	-0.051445685
1664443794885	10.117153	-0.52193445	0.93978107
1664443794891	10.064511	-0.051445685	0.51475596
1664443795073	10.545768	0.3077768	-1.6722839
1664443795080	11.090434	0.148355	-4.299603
1664443795085	9.870692	-1.0271192	-3.411567
1664443795093	8.673683	-1.6351951	-0.124426775
1664443795099	8.373085	-0.86171526	0.622433
1664443795104	8.801699	0.40468612	-1.2568301
1664443795110	9.686445	1.5047864	-3.7800615
1664443795115	9.717552	1.9055841	-5.4009
1664443795122	9.68166	1.8756739	-5.5097733
1664443795129	9.981958	1.5753746	-4.3498526
1664443795134	10.517054	1.9310079	-3.9777687
1664443795198	10.560124	2.3162522	-3.2569308
1664443795209	10.026226	2.5618157	-1.8014964
1664443795215	9.52822	2.4670002	-1.5559329
1664443795224	9.081959	1.8720846	-1.9187447
1664443795246	8.899805	1.1216356	-1.7979071
1664443795255	8.479864	0.38434714	-1.4123635
1664443795277	8.513364	0.07178468	-0.939482
1664443795288	8.89502	0.16630118	-0.9107681
1664443795294	8.991928	0.39870408	-0.95383894
1664443795301	9.134601	0.5554339	-0.9693923
1664443795345	9.400204	0.62482584	-0.64995044
1664443795356	9.542577	0.6439684	-0.95742816
1664443795464	9.776176	1.0654043	-1.4063815
1664443795477	10.665409	0.70259255	-1.6483557
1664443795485	12.019447	0.7253244	-2.2935205
1664443795490	12.495918	0.90508515	-3.1660035
1664443795496	10.250254	0.75284183	-2.3988047
1664443795504	7.9256268	1.3417753	-1.5655042
1664443795511	7.55444	1.6088741	-1.9857436
1664443795516	8.082356	1.352543	-3.1743784
1664443795530	9.287741	1.0809577	-3.842275
1664443795537	10.016655	0.85244304	-3.6843486
1664443795598	9.993923	0.14117654	-2.5842485
1664443795606	9.869496	-0.18783657	-2.388037
1664443795641	9.5760765	-0.46331027	-2.819044
1664443795650	9.404989	-0.6583253	-3.0355947
1664443795656	9.546165	-0.73130643	-2.8058836
1664443795663	9.764212	-0.87248296	-2.4023938
1664443795670	9.846765	-0.85214394	-1.6133606
1664443795676	9.760623	-0.59970117	-1.0339985
1664443795687	9.548559	-0.19980069	-1.3716856
1664443795752	9.19801	0.022731815	-1.9905293
1664443795762	9.172886	0.37956148	-2.0874386
1664443795844	9.378669	0.5159524	-2.076671
1664443795852	9.562916	0.48963133	-1.3034902
1664443795861	9.701999	0.68464637	-0.21415763
1664443795868	9.580862	0.9302098	0.05503492
1664443795875	9.322437	0.6200402	-0.5494519
1664443795886	9.081959	-0.21655045	-0.9382856
1664443795896	9.24467	-0.32422748	-0.64277196
1664443795904	9.621839	-0.2117648	0.0047856453
1664443795973	10.665409	-0.4668995	-2.748456
1664443795985	11.092827	-0.8353942	-5.738587
1664443795991	9.828818	-0.8991031	-1.9761724
1664443795997	9.462418	-0.43579283	0.7196414
1664443796076	9.61466	0.078963146	-1.3250256
1664443796089	9.6326065	1.082154	-3.2700913
1664443796096	10.036994	2.4538395	-3.4677982
1664443796102	10.009477	2.91715	-3.5204403
1664443796108	9.525827	2.7628129	-3.6604204
1664443796112	9.160921	2.2971098	-3.173182
1664443796116	8.993125	1.7488543	-2.6679974
1664443796283	9.412168	1.495215	-3.1767712
1664443796294	9.64816	1.4306089	-2.844169
1664443796302	9.452846	1.4054842	-1.887638
1664443796308	8.856734	1.2616158	-1.326222
1664443796314	7.82124	0.62721866	-1.3992031
1664443796321	7.966305	0.1794617	-1.4650056
1664443796328	8.233105	-0.08853444	-1.4889339
1664443796334	9.114262	0.34965122	-1.3310076
1664443796346	9.931709	0.95653087	-0.81266236
1664443796356	10.593624	1.3310076	-1.0088738
1664443796364	11.257932	1.0630114	-1.0543375
1664443796370	11.54178	0.18783657	-0.71694946
1664443796423	10.607981	-0.37597227	-1.9319052
1664443796435	10.908579	0.047856454	-5.0132627
1664443796444	10.447661	1.5107684	-2.9590242
1664443796479	9.332008	2.768795	-0.45224348
1664443796489	8.582756	2.6599214	-0.5662017
1664443796496	8.308478	1.852942	-1.9259231
1664443796505	8.790932	0.76241314	-3.0332017
1664443796511	9.086744	-0.040677983	-2.8657043
1664443796531	9.602696	0.0526421	-2.2037897
1664443796538	9.77498	0.10049855	-2.408376
1664443796597	9.748658	0.031106694	-3.2976086
1664443796609	9.6122675	-0.12801601	-3.3170505
1664443796641	9.675677	-0.5087739	-2.3186452
1664443796649	9.954441	-0.811466	-1.494916
1664443796656	10.154242	-0.8676973	-1.4123635
1664443796663	10.032208	-0.5566304	-1.6387844
1664443796669	9.580862	-0.11485548	-1.8948164
1664443796681	9.262616	0.2730809	-1.7823538
1664443796761	9.165708	0.55782676	-1.5786648
1664443796770	9.047262	0.69900334	-1.2819548
1664443796780	8.98475	0.7588239	-0.4833502
1664443796789	9.460024	0.9242278	-0.30987054
1664443796844	9.826426	0.8117651	-1.3645071
1664443796858	9.952048	0.4106682	-1.1539388
1664443796866	10.087243	0.28863424	0.12113664
1664443796872	9.965209	0.3580261	0.52911294
1664443796878	9.78814	0.22971097	-0.7923234
1664443796885	10.205987	-0.25244278	-3.1576285
1664443796973	9.895817	-1.1132607	-4.0100718
1664443796985	9.9089775	-1.5837495	-1.2711871
1664443796991	9.007482	-1.5669997	0.60687965
1664443796997	7.939984	-1.311865	-0.73369926
1664443797078	7.873882	0.02751746	-2.9973094
1664443797084	8.777771	1.5957136	-3.6723845
1664443797088	9.549755	2.2492533	-3.3720853
1664443797098	10.17847	2.184647	-2.923132
1664443797106	10.963614	2.1080768	-2.5387847
1664443797112	10.967203	2.0207388	-3.382853
1664443797117	9.934102	1.5741782	-3.5431721
1664443797196	9.759426	1.1407782	-2.6799614
1664443797204	10.572088	1.1371889	-1.6603198
1664443797210	10.631909	1.5981064	-0.76241314
1664443797216	9.637392	1.948954	-0.75643104
1664443797278	8.493025	1.5550356	-1.7021942
1664443797290	7.998608	1.061815	-2.349752
1664443797296	7.8870425	0.6678966	-1.8505492
1664443797303	8.2558365	0.44177487	-1.0160524
1664443797311	9.195618	0.4645067	-0.6786643
1664443797317	10.113564	0.4968098	-0.6667002
1664443797345	10.609178	0.2623132	-0.9837492
1664443797352	10.79492	-0.051445685	-1.4183456
1664443797479	10.591231	0.050249275	-1.8912272
1664443797488	11.174183	0.5195416	-1.5667006
1664443797493	10.587642	-0.45972106	-1.8457636
1664443797501	10.306485	-0.23688944	-3.8027935
1664443797508	10.057333	1.7201403	-3.8123646
1664443797516	8.772985	2.8788648	-1.6674982
1664443797525	7.827222	2.8262227	-1.352543
1664443797539	7.5939217	1.8517456	-1.7033906
1664443797543	8.454441	0.39631125	-2.6285157
1664443797546	9.387043	-0.7719844	-3.5635111
1664443797549	10.459626	-0.77677006	-3.4271202
1664443797596	11.174183	-0.022731815	-1.9558334
1664443797605	10.667802	0.3699902	-1.3764713
1664443797641	9.764212	0.20697916	-1.4470595
1664443797652	9.273384	-0.43459642	-2.0946171
1664443797662	9.243474	-0.80907315	-2.5411777
1664443797679	9.475577	-0.581755	-2.015654
1664443797687	9.649357	-0.24765715	-1.3417753
1664443797693	9.570094	-0.22731815	-1.3489537
1664443797753	9.21476	-0.49202415	-1.8266209
1664443797766	9.141779	-0.5374878	-1.6974086
1664443797777	9.211171	-0.2955136	-1.3860425
1664443797786	9.123833	-0.09332009	-1.5403795
1664443797849	9.282955	0.096909314	-1.7871394
1664443797862	9.572487	0.47048876	-1.7333009
1664443797869	9.723534	0.5925227	-1.637588
1664443797873	9.785748	0.14596218	-1.7321045
1664443797882	9.605089	0.22013968	-1.2496517
1664443797892	9.7247305	0.80937225	-0.13519448
1664443797974	9.522238	1.0989038	0.60687965
1664443797987	9.803694	0.622433	-0.77318084
1664443797994	10.29811	-0.6726823	-3.7298124
1664443798000	9.715159	-2.5256243	-4.226622
1664443798078	8.508578	-2.158326	-0.65952176
1664443798087	8.735896	-0.85812604	0.16660027
1664443798093	9.296116	0.45732823	-2.248057
1664443798099	9.934102	1.3803595	-3.6664026
1664443798105	10.427323	2.1332014	-3.8339
1664443798111	11.025827	2.9051857	-3.030809
1664443798117	11.4699955	2.9614172	-2.778366
1664443798198	10.119546	2.349752	-3.193521
1664443798207	8.582756	1.899602	-3.5611184
1664443798216	8.258229	1.5239289	-3.3349965
1664443798224	8.765806	1.035494	-2.5220351
1664443798280	9.797711	0.9768698	-1.4626129
1664443798292	10.127921	1.3779668	-0.21655045
1664443798298	9.449257	1.5837495	0.021535404
1664443798305	8.489435	1.1922239	-1.2640085
1664443798313	7.913663	0.63798636	-1.7895322
1664443798320	8.081161	0.23958136	-1.3238292
1664443798344	8.889037	0.078963146	-0.9454641
1664443798351	10.105189	0.1794617	-0.959821
1664443798481	11.003096	0.43100718	-1.1814562
1664443798495	10.946864	0.62841505	-1.4279169
1664443798502	10.310075	0.6750751	-2.0479572
1664443798509	10.653444	1.1048858	-2.5674987
1664443798515	11.016256	0.54705906	-1.3645071
1664443798521	10.648659	-0.35443684	-1.8613169
1664443798526	9.91137	0.44057846	-3.6867416
1664443798532	8.665308	1.5430715	-2.7182465
1664443798540	8.349156	2.193022	-1.9725832
1664443798595	8.124231	2.1762722	-1.4973087
1664443798607	8.383852	1.7368901	-1.5942181
1664443798613	9.353543	0.5697909	-3.158825
1664443798619	9.335598	-1.2771691	-3.842275
1664443798637	10.120743	-0.68823564	-3.112165
1664443798642	10.4668045	0.3173481	-2.2815564
1664443798646	10.427323	0.78634137	-1.8194425
1664443798677	10.276575	0.6798607	-2.6009982
1664443798687	9.960423	-0.2105684	-3.1217363
1664443798696	9.840782	-0.669093	-1.9247267
1664443798750	9.580862	-0.7516454	-0.82941216
1664443798761	9.062816	-0.68225354	-0.8700901
1664443798771	8.5887375	-0.45254257	-1.4638093
1664443798780	8.36471	-0.2009971	-1.8194425
1664443798846	8.690433	0.05383851	-1.4267205
1664443798858	9.046066	0.2213361	-1.0100702
1664443798867	9.343972	0.111266255	-0.7743772
1664443798875	9.813265	-0.05503492	-0.7289136
1664443798881	10.031012	-0.14356937	-0.7851449
1664443798887	10.100404	-0.11844472	-0.94307125
1664443798973	10.057333	0.0	-1.1300105
1664443798986	9.873085	0.5135596	-1.6169499
1664443798993	10.249058	1.3226327	-1.521237
1664443798999	10.622338	1.6639091	-2.4670002
1664443799081	11.180164	0.70977104	-3.9191444
1664443799089	10.877473	-1.4724833	-3.7764723
1664443799094	9.654142	-2.3784657	-0.30508488
1664443799100	8.782557	-0.4106682	1.3827524
1664443799107	8.142178	0.51236314	-0.01794617
1664443799117	7.904989	0.4429713	-2.271985
1664443799125	8.181659	0.13040884	-3.4833515
1664443799278	9.305687	0.2623132	-4.4518466
1664443799289	10.401002	0.9984053	-3.8641095
1664443799298	10.373485	1.5311074	-2.0467606
1664443799306	9.751051	1.7895322	-2.0838494
1664443799316	9.136993	1.907977	-3.8339
1664443799327	9.131011	2.3772693	-3.978965
1664443799335	9.57488	2.4912274	-3.0678978
1664443799344	9.559326	1.9298115	-2.4502504
1664443799354	9.529416	1.1001002	-1.8708882
1664443799362	9.425328	0.21774685	-1.3573287
1664443799367	9.434899	-0.010767702	-1.2855439
1664443799376	9.621839	0.38315073	-1.1395818
1664443799480	9.097511	1.0247263	-0.95383894
1664443799493	8.473883	1.3851452	-1.4434702
1664443799503	8.544471	1.5023935	-2.1077776
1664443799511	9.075976	1.1300105	-2.2301106
1664443799520	9.67807	0.61764735	-1.879263
1664443799529	10.211968	0.3687938	-1.0112667
1664443799539	10.591231	0.3269194	0.40707895
1664443799548	10.686944	-0.104087785	0.9637093
1664443799594	10.924132	-0.10049855	-1.698605
1664443799607	11.393425	0.49441698	-6.026922
1664443799614	10.624731	1.2879368	-6.120541
1664443799623	9.037691	2.2337	-0.28115666
1664443799630	8.00459	1.5227325	0.06460621
1664443799639	7.8667035	0.041874398	-3.0942187
1664443799646	8.915359	-0.5183452	-5.4056854
1664443799655	10.162916	-0.07178468	-4.9316072
1664443799680	10.846366	0.7576275	-2.7999015
1664443799692	10.3017	1.1730813	-1.358525
1664443799699	9.27817	0.92303133	-2.0347965
1664443799751	8.818449	0.2105684	-3.266502
1664443799765	8.948857	-0.5901299	-3.2880373
1664443799774	9.420543	-0.7013961	-2.2839491
1664443799780	9.709177	-0.42861435	-1.486541
1664443799848	9.657731	-0.12323037	-1.4327025
1664443799859	9.606286	0.07776674	-1.9354944
1664443799865	9.450453	0.07178468	-2.481357
1664443799872	9.297313	0.08973085	-2.6703901
1664443799879	9.348758	0.25872394	-2.4059832
1664443799885	9.346365	0.36281174	-2.0778673
1664443799975	9.348758	0.3149553	-1.8242282
1664443799988	9.282955	0.27786654	-2.0958135
1664443799997	9.144172	0.062213387	-2.210968
1664443800004	9.406186	-0.10049855	-2.4346972
1664443800079	9.8682995	-0.453739	-2.8597221
1664443800091	10.00828	-0.7013961	-2.5758736
1664443800097	10.076475	0.3580261	-1.6794624
1664443800103	10.180862	0.95772725	-1.6002002
1664443800109	9.722338	0.6367899	-2.42034
1664443800121	9.1872425	0.47168517	-2.7206392
1664443800130	9.147761	0.5937191	-2.8585258
1664443800143	9.239884	0.73011	-2.5387847
1664443800284	9.504292	1.0725827	-2.0694926
1664443800294	9.716355	1.2963116	-2.199004
1664443800303	9.583255	1.2412767	-2.5698915
1664443800310	9.236296	0.93260264	-2.6943183
1664443800317	9.072387	0.602094	-2.5459633
1664443800326	9.107083	0.3484548	-2.2181466
1664443800333	9.347562	0.42981076	-2.041975
1664443800339	9.552148	0.59611195	-2.0515463
1664443800345	9.546165	0.6092725	-2.1065812
1664443800351	9.497113	0.58893347	-2.1870399
1664443800358	9.419347	0.7325028	-2.158027
1664443800480	9.366704	0.82731843	-2.1472592
1664443800490	9.369097	0.90508515	-2.1161525
1664443800496	9.480363	0.7253244	-2.1711874
1664443800503	9.4229355	0.49202415	-2.161616
1664443800508	9.382257	0.453739	-2.3018954
1664443800514	9.488738	0.71216387	-2.4969103
1664443800519	9.4229355	0.87637126	-2.300699
1664443800522	9.273384	0.9421739	-2.1568305
1664443800596	9.467203	1.076172	-2.254039
1664443800607	9.719945	1.0534402	-2.4861426
1664443800614	9.806087	0.7648059	-2.7361927
1664443800620	9.740284	0.71336025	-2.9195428
1664443800626	9.51147	0.83688974	-2.7122645
1664443800634	9.427721	0.90149593	-2.5782664
1664443800642	9.492328	0.82612205	-2.82383
1664443800647	9.495916	0.70977104	-2.9315069
1664443800680	9.292527	0.76600236	-3.0798619
1664443800691	9.213564	0.7827521	-2.7436702
1664443800699	9.373882	0.6750751	-2.2289143
1664443800845	9.59163	0.63918275	-2.210968
1664443800857	9.670892	0.62841505	-2.4191437
1664443800866	9.474381	0.663111	-2.4430718
1664443800875	9.190832	0.75523466	-2.1281166
1664443800884	9.176475	0.95054877	-1.9893329
1664443800892	9.412168	0.9421739	-2.306681
1664443800899	9.646963	0.80817586	-2.7302105
1664443800906	9.516255	0.7636095	-2.9614172
1664443800914	9.376275	0.93619186	-2.565106
1664443800922	9.485149	0.9984053	-2.129313
1664443800930	9.499506	1.1288141	-1.8038892
1664443800939	9.053245	2.2444677	-2.2947168
