Timestamp 	 X 	 Y 	 Z 
1663666148165	8.481061	0.90508515	-3.1372895
1663666148168	8.516953	0.69900334	-2.876472
1663666148199	8.507381	0.622433	-3.1468608
1663666148208	8.567203	0.6942177	-3.470191
1663666148210	8.694022	0.8069794	-3.5156546
1663666148238	8.935697	1.0295119	-3.292823
1663666148275	9.201599	1.204188	-3.024827
1663666148278	9.438489	1.3286148	-2.8908288
1663666148281	9.438489	1.3286148	-2.8908288
1663666148392	9.347562	1.244866	-3.64726
1663666148401	9.036494	1.3959129	-3.9430726
1663666148408	8.93809	1.6339988	-4.002893
1663666148416	9.1681	1.6734804	-3.950251
1663666148444	9.518648	1.5801603	-3.7034912
1663666148453	9.757033	1.3851452	-3.3266218
1663666148458	9.75823	1.061815	-3.0152557
1663666148482	9.431311	0.67387867	-2.9338996
1663666148491	8.914162	0.36281174	-3.024827
1663666148517	8.558827	0.2551347	-3.3661032
1663666148523	8.551649	0.30897322	-3.7561333
1663666148589	8.805288	0.4322036	-3.938287
1663666148594	8.989535	0.55304116	-3.9167516
1663666148599	9.132208	0.7109674	-3.9143589
1663666148605	9.18485	0.8883354	-3.78724
1663666148621	9.2590275	1.0043873	-3.5407794
1663666148654	9.439685	1.0809577	-3.26052
1663666148662	9.479167	1.041476	-3.01047
1663666148684	9.2997055	0.8560323	-2.9985058
1663666148771	9.026625	0.6236294	-3.1947174
1663666148778	8.8447695	0.42382872	-3.4713874
1663666148784	8.86152	0.40588254	-3.7322052
1663666148791	8.993125	0.55782676	-3.8171504
1663666148798	9.073584	0.65952176	-3.6628132
1663666148803	9.048459	0.59730834	-3.399603
1663666148835	8.904591	0.5027919	-3.2641091
1663666148843	8.79452	0.44656053	-3.3146574
1663666148851	8.817252	0.4322036	-3.458227
1663666148896	8.963215	0.3999005	-3.559922
1663666148901	9.165708	0.32333016	-3.4833515
1663666148908	9.26142	0.22612174	-3.2772696
1663666148957	9.250652	0.21774685	-3.0990045
1663666148969	9.2793665	0.25992036	-3.0260234
1663666149021	9.317652	0.3807579	-3.1372895
1663666149026	9.393025	0.51116675	-3.4522448
1663666149031	9.461221	0.63918275	-3.6496527
1663666149035	9.329616	0.5626124	-3.64726
1663666149104	9.098708	0.4334	-3.5120654
1663666149123	9.025428	0.34965122	-3.248556
1663666149137	9.110672	0.3807579	-2.9614172
1663666149148	9.268599	0.49082774	-2.8513472
1663666149257	9.323633	0.5841478	-3.0583265
1663666149275	9.365508	0.6475576	-3.3278182
1663666149290	9.3200445	0.72771716	-3.4689946
1663666149304	9.218349	0.8009974	-3.4151561
1663666149319	9.194421	0.7815557	-3.2377882
1663666149334	9.287741	0.71216387	-3.05713
1663666149351	9.491131	0.6559325	-2.9063823
1663666149368	9.705587	0.61046886	-3.012863
1663666149388	9.855139	0.61046886	-3.2976086
1663666149406	9.697213	0.56859446	-3.4342988
1663666149445	9.339187	0.4860421	-3.3445678
1663666149453	9.085547	0.43459642	-3.1576285
1663666149458	8.9775715	0.47527438	-2.969792
1663666149465	9.026625	0.5829514	-2.975774
1663666149470	9.1465645	0.7265208	-3.158825
1663666149474	9.221938	0.79501534	-3.374478
1663666149477	9.215957	0.7325028	-3.5048869
1663666149480	9.047262	0.5901299	-3.559922
1663666149499	8.892626	0.4441677	-3.5838501
1663666149513	8.973982	0.4226323	-3.4055848
1663666149525	9.164511	0.535095	-3.1432717
1663666149534	9.29492	0.67148584	-3.0882368
1663666149624	9.347562	0.7827521	-3.1695926
1663666149638	9.24467	0.8356933	-3.2832518
1663666149650	9.160921	0.8895318	-3.449852
1663666149662	9.233903	0.9349955	-3.4486556
1663666149673	9.267402	0.91585284	-3.3601213
1663666149681	9.24467	0.8380861	-3.2940195
1663666149702	9.239884	0.8775677	-3.2473595
1663666149711	9.160921	0.92662054	-3.248556
1663666149723	9.020642	1.0474582	-3.2880373
1663666149739	8.939286	1.0893325	-3.3493536
1663666149772	8.95125	1.1001002	-3.4139597
1663666149779	9.015857	1.0677971	-3.53719
1663666149788	9.208778	1.0235299	-3.5958142
1663666149848	9.462418	1.0079765	-3.3984063
1663666149859	9.562916	1.0450653	-3.1456645
1663666149871	9.355937	1.0737791	-3.1025937
1663666149901	9.099904	1.2005987	-3.3613176
1663666149915	8.948857	1.3022938	-3.638885
1663666149928	9.062816	1.5071791	-3.799204
1663666149938	9.30808	1.7177476	-3.6149569
1663666149959	9.190832	1.7105691	-3.3684962
1663666149969	8.738289	1.6483557	-3.286841
1663666150024	8.381459	1.6052849	-3.409174
1663666150037	8.231908	1.5119648	-3.6029928
1663666150050	8.245069	1.3540385	-3.714259
1663666150061	8.48465	1.2640085	-3.6652062
1663666150070	8.82802	1.2149557	-3.5012977
1663666150082	9.023035	1.1718849	-3.2916267
1663666150105	9.053245	1.1515459	-3.205485
1663666150115	9.0015	1.2197413	-3.2138598
1663666150274	9.003893	1.4138591	-3.2246277
1663666150289	8.983554	1.5646069	-3.3062828
1663666150302	8.940483	1.6411772	-3.4725838
1663666150317	8.908179	1.6483557	-3.5491543
1663666150327	8.95484	1.6304095	-3.3529427
1663666150340	9.044869	1.6471593	-2.9817562
1663666150351	9.18485	1.6184454	-2.6703901
1663666150363	9.439685	1.5011971	-2.6213372
1663666150375	9.719945	1.2927225	-2.8776684
1663666150389	9.822836	1.1826526	-3.3026934
1663666150465	9.690035	1.1994023	-3.4869409
1663666150479	9.38465	1.4916258	-3.74058
1663666150492	8.683254	1.7751753	-4.296014
1663666150507	8.258229	1.995614	-4.6600223
1663666150523	8.434102	2.1176481	-4.499703
1663666150532	9.044869	2.1475582	-3.8195431
1663666150541	9.65175	2.0470598	-2.7640092
1663666150549	9.97478	1.637588	-1.9462621
1663666150557	9.949656	1.0737791	-1.6663018
1663666150565	9.654142	0.6044868	-2.0958135
1663666150573	9.243474	0.39631125	-2.9745777
1663666150585	8.869894	0.42502514	-3.746562
1663666150624	8.731111	0.689432	-4.1979084
1663666150636	8.737093	0.93619186	-4.2182474
1663666150648	8.776574	1.1694921	-3.8602211
1663666150660	8.963215	1.3429717	-3.4366915
1663666150670	9.235099	1.4665012	-3.024827
1663666150681	9.390633	1.4904294	-2.7026932
1663666150699	9.431311	1.4413766	-2.778366
1663666150710	9.385847	1.3995022	-3.118147
1663666150719	9.213564	1.2520444	-3.437888
1663666150774	8.983554	0.99601245	-3.5120654
1663666150783	8.832806	0.799801	-3.441477
1663666150792	8.892626	0.7719844	-3.399603
1663666150802	9.056833	0.8739785	-3.429513
1663666150847	9.218349	1.0438689	-3.4737802
1663666150855	9.27817	1.218545	-3.382853
1663666150864	9.194421	1.3671991	-3.2856445
1663666150901	9.056833	1.4389837	-3.205485
1663666150915	9.062816	1.4413766	-3.2090743
1663666150925	9.152547	1.4018949	-3.2700913
1663666150935	9.229117	1.2029916	-3.3266218
1663666150957	9.305687	0.9445667	-3.35055
1663666150968	9.196814	0.82971126	-3.4917264
1663666151023	8.950054	0.8356933	-3.7776687
1663666151033	8.871091	0.77677006	-3.92393
1663666151041	8.935697	0.69302124	-3.766901
1663666151049	8.989535	0.73011	-3.5958142
1663666151058	8.969196	0.8536395	-3.5623147
1663666151068	8.915359	0.9349955	-3.5635111
1663666151097	8.93809	0.8596215	-3.4211383
1663666151107	8.928518	0.68823564	-3.3816566
1663666151182	8.692825	0.8500503	-3.9287157
1663666151194	8.302496	1.0689936	-4.4674
1663666151206	8.139785	1.2664014	-4.601398
1663666151217	8.233105	1.4784653	-4.4721856
1663666151259	8.472686	1.5550356	-4.0998025
1663666151272	8.948857	1.4461622	-3.4630125
1663666151282	9.529416	1.3298112	-2.8860433
1663666151292	9.962816	1.1742777	-2.713461
1663666151303	10.121939	0.88235337	-2.748456
1663666151312	10.058529	0.42981076	-2.8692935
1663666151323	10.080065	0.19740787	-2.975774
1663666151402	9.932906	0.18185452	-3.1013973
1663666151415	9.470792	0.076570325	-3.510869
1663666151427	9.225528	0.021535404	-3.9550366
1663666151439	9.133404	0.28384858	-4.2720857
1663666151450	8.966804	0.74207413	-4.37737
1663666151461	8.941679	1.3142579	-4.0758743
1663666151502	9.085547	1.8708882	-3.6053855
1663666151513	9.233903	2.2205393	-3.3146574
1663666151525	9.251849	2.12363	-3.409174
1663666151536	9.079565	1.6651055	-3.8868413
1663666151545	8.787342	1.0055838	-4.316353
1663666151664	8.5372925	0.2515455	-4.526024
1663666151675	8.607881	-0.18065812	-4.499703
1663666151686	8.910572	-0.016749758	-4.054339
1663666151697	9.180064	0.4860421	-3.2760732
1663666151710	9.303294	1.0043873	-2.6309085
1663666151723	9.23151	1.3660027	-2.6632116
1663666151734	9.104691	1.6387844	-3.1552358
1663666151743	8.879466	1.8242282	-3.6963127
1663666151753	8.720343	1.8349959	-4.019643
1663666151767	8.613862	1.6866409	-4.2134614
1663666151780	8.589934	1.5227325	-4.470989
1663666151789	8.649755	1.495215	-4.575077
1663666151801	8.573184	1.50359	-4.4889355
1663666151850	8.466405	1.5717853	-4.1644087
1663666151861	8.425727	1.6710875	-3.6640096
1663666151872	8.456834	1.7943178	-3.2246277
1663666151900	8.616255	1.8900307	-2.9590242
1663666151911	8.814859	1.8625133	-2.7999015
1663666151920	9.078369	1.7919251	-2.7891338
1663666151932	9.357133	1.6663018	-2.9781668
1663666151956	9.561719	1.5155541	-3.1959138
1663666151969	9.54497	1.3429717	-3.4402807
1663666152025	9.296116	1.3286148	-3.778865
1663666152036	9.032906	1.407877	-4.025625
1663666152047	9.035298	1.5430715	-3.8135612
1663666152059	9.040084	1.5430715	-3.2006993
1663666152067	9.102298	1.5418751	-2.6309085
1663666152100	9.15494	1.509572	-2.2839491
1663666152113	9.144172	1.489233	-2.5112674
1663666152124	9.008678	1.4258232	-3.0559337
1663666152135	8.911769	1.3719847	-3.5874393
1663666152262	8.914162	1.2699906	-3.3553355
1663666152273	9.109476	1.2807583	-2.4275186
1663666152284	9.229117	1.1419746	-1.7560327
1663666152295	9.318848	1.1970096	-1.9642082
1663666152306	9.4229355	1.1934203	-2.3940191
1663666152317	9.446864	1.1994023	-2.8142586
1663666152326	9.367901	1.2664014	-3.185146
1663666152337	9.133404	1.0307083	-2.766402
1663666152348	9.206385	0.64636123	-1.5726827
1663666152361	9.876675	0.3149553	-0.6200402
1663666152402	10.751849	0.2117648	-1.4231312
1663666152413	10.93849	0.111266255	-3.4007993
1663666152425	10.147063	0.37597227	-4.5894337
1663666152435	9.243474	1.1670992	-4.735396
1663666152456	8.59472	1.8002999	-4.779663
1663666152468	8.3348	2.0482562	-4.8119664
1663666152500	8.627023	2.4095724	-4.234997
1663666152516	9.538987	2.7616165	-2.5938199
1663666152531	10.129117	2.160719	-1.1802598
1663666152545	9.84796	0.92303133	-1.2903296
1663666152552	9.341579	-0.2105684	-2.300699
1663666152669	9.068798	-0.84855473	-3.3649068
1663666152682	8.747861	-0.9840483	-4.2110686
1663666152694	8.623434	-0.6762715	-4.6205406
1663666152704	8.800503	-0.31585258	-4.319942
1663666152713	9.098708	-0.019142581	-3.7393837
1663666152724	9.318848	0.30179477	-3.2186456
1663666152736	9.27817	0.60807604	-3.1540394
1663666152748	9.078369	0.64995044	-3.4546378
1663666152759	9.006286	0.45014977	-3.6233318
1663666152770	8.969196	0.096909314	-3.478566
1663666152782	8.932108	-0.29910284	-3.248556
1663666152792	8.8340025	-0.541077	-3.2042887
1663666152803	8.750254	-0.48006004	-3.2389846
1663666152836	8.631808	-0.276371	-3.205485
1663666152845	8.682058	-0.07298109	-3.173182
1663666152856	9.037691	0.26949164	-3.3000016
1663666152898	9.547362	0.51475596	-3.4869409
1663666152908	10.017851	0.60687965	-3.5946178
1663666152919	10.172487	0.45254257	-3.551547
1663666152928	10.010673	0.083748795	-3.3649068
1663666152939	9.600304	-0.276371	-3.2210383
1663666153028	9.049655	-0.6008976	-3.2102706
1663666153041	8.526525	-0.86530447	-3.3433714
1663666153052	8.151749	-0.9493524	-3.498905
1663666153064	8.068	-0.86171526	-3.522833
1663666153076	8.344371	-0.62841505	-3.388835
1663666153088	8.966804	-0.22612174	-3.140879
1663666153099	9.597911	0.16869399	-2.9578278
1663666153112	10.070493	0.37716866	-2.7436702
1663666153124	10.232307	0.4334	-2.6069803
1663666153135	10.232307	0.38434714	-2.71705
1663666153258	10.479965	0.19860429	-3.0798619
1663666153268	10.576875	-0.21774685	-3.2210383
1663666153277	10.1446705	-0.8246265	-3.095415
1663666153285	9.297313	-1.0331012	-3.3074791
1663666153295	8.638987	-0.5697909	-4.1871405
1663666153304	8.668898	-0.034695927	-4.557131
1663666153311	9.000303	0.49920264	-4.364209
1663666153320	9.205189	1.311865	-4.1237307
1663666153330	9.367901	2.0087745	-3.7896328
1663666153341	9.233903	2.0338993	-3.2700913
1663666153351	8.959625	1.6292131	-2.9243283
1663666153402	8.855537	1.3911272	-3.1360931
1663666153415	8.689237	1.5011971	-3.6173496
1663666153426	8.538488	1.6447664	-3.7250266
1663666153465	8.462815	1.5454643	-3.5240295
1663666153475	8.640183	1.2460624	-3.2844481
1663666153499	9.069994	1.096511	-3.1624143
1663666153510	9.318848	1.3034902	-3.1372895
1663666153523	9.226724	1.6136597	-3.179164
1663666153534	8.958429	1.7021942	-3.1755748
1663666153546	8.613862	1.576571	-3.2617164
1663666153552	8.389834	1.4210376	-3.5096726
1663666153557	8.5372925	1.3731811	-3.7597225
1663666153571	8.898608	1.5861423	-3.6520455
1663666153595	9.107083	1.7979071	-2.9949167
1663666153610	8.936893	1.7225332	-2.3784657
1663666153631	8.59472	1.3815559	-2.1125634
1663666153646	8.382656	1.0307083	-2.2289143
1663666153669	8.408977	0.73130643	-2.5830522
1663666153686	8.739486	0.6750751	-2.7891338
1663666153707	9.196814	0.84167534	-2.7278178
1663666153726	9.394221	0.9768698	-2.6213372
1663666153744	9.49472	0.96490574	-2.3808584
1663666153762	9.742677	0.7815557	-1.8613169
1663666153785	10.330414	0.6451648	-1.1503495
1663666153805	10.668998	0.6942177	-0.52313083
1663666153821	10.514661	0.63200426	-0.59611195
1663666153841	10.20479	0.6415756	-1.1467602
1663666153866	9.800104	0.9421739	-2.4909284
1663666153885	9.348758	1.8864416	-4.8562336
1663666153901	9.4636135	3.0442686	-7.115058
1663666153920	10.017851	3.7325041	-8.787342
1663666153945	10.231112	3.6690943	-8.375776
1663666153956	9.404989	2.9386854	-6.15763
1663666153979	8.746664	2.2839491	-3.2676985
1663666154002	8.911769	1.9525433	-0.65353966
1663666154016	9.361918	1.5358931	0.2958127
1663666154032	8.968	0.6643074	-0.5171488
1663666154050	8.2678	-0.30867413	-2.2157538
1663666154070	7.9615192	-0.88205427	-4.214658
1663666154100	8.186444	-0.7109674	-5.448756
1663666154118	8.524132	-0.2416751	-5.953941
1663666154135	9.078369	0.22253251	-5.819943
1663666154152	9.7043915	0.63798636	-5.1161537
1663666154171	9.950852	0.8668	-4.095017
1663666154187	9.77139	0.7851449	-3.223431
1663666154212	9.396614	0.57577294	-2.6656044
1663666154224	8.879466	0.5422734	-2.428715
1663666154255	8.388638	0.55304116	-2.6943183
1663666154262	8.053643	0.53988063	-3.3062828
1663666154284	7.975876	0.46809593	-4.013661
1663666154303	8.20798	0.38554356	-4.4001017
1663666154321	8.42812	0.3711866	-4.401298
1663666154341	8.582756	0.30418757	-4.135695
1663666154360	8.76461	0.27068806	-3.6197424
1663666154390	9.138189	0.3149553	-3.083451
1663666154403	9.798908	0.44775695	-2.5028925
1663666154418	10.521839	0.7193423	-2.288735
1663666154443	11.011471	0.9170493	-2.589034
1663666154456	10.707283	0.7109674	-3.0487552
1663666154474	9.880263	0.16869399	-3.5742788
1663666154501	9.109476	-0.2644069	-4.319942
1663666154517	8.555239	0.29940194	-5.142475
1663666154537	8.058429	0.8009974	-5.2310095
1663666154556	7.82124	0.72771716	-4.493721
1663666154571	8.028518	0.59611195	-3.1719856
1663666154591	8.592327	0.7217351	-1.9474585
1663666154609	9.208778	0.87158567	-1.494916
1663666154645	9.835997	1.1694921	-1.7165512
1663666154653	10.371092	1.6591234	-2.3916261
1663666154670	10.277771	2.0147567	-3.2641091
1663666154686	9.748658	2.1619153	-3.7046876
1663666154706	9.256635	2.0518453	-3.610171
1663666154724	9.072387	1.8553349	-3.3589249
1663666154747	9.11785	1.6615162	-3.0140593
1663666154763	9.296116	1.4449657	-2.693122
1663666154786	9.495916	1.1862419	-2.2695923
1663666154803	9.522238	0.933799	-1.8948164
1663666154822	9.390633	0.80578303	-1.6567305
1663666154840	9.275777	0.91585284	-1.765604
1663666154858	9.194421	1.2843475	-2.0934207
1663666154887	9.064013	1.5430715	-2.6225336
1663666154904	9.092726	1.7321045	-2.9829526
1663666154919	9.336794	1.8050855	-2.9338996
1663666154937	9.530613	1.6938193	-2.678765
1663666154955	9.46481	1.4234303	-2.3808584
1663666154974	9.340384	1.2556337	-2.2337
1663666154995	9.26142	1.2556337	-2.260021
1663666155017	9.272188	1.3564314	-2.5387847
1663666155043	9.3104725	1.495215	-3.0930223
1663666155058	9.345169	1.6758732	-3.3696926
1663666155071	9.41815	1.8194425	-3.158825
1663666155090	9.698409	1.8337995	-2.7652056
1663666155108	9.893424	1.8278174	-2.658426
1663666155136	9.660124	1.6758732	-2.7759733
1663666155157	9.205189	1.4533406	-2.8369904
1663666155172	8.958429	1.3429717	-2.6811578
1663666155188	8.889037	1.3501502	-2.6464617
1663666155207	8.750254	1.3576277	-3.004488
1663666155226	8.729915	1.2771691	-3.4474592
1663666155249	8.8447695	1.1312069	-3.577868
1663666155265	9.067601	1.041476	-3.2581272
1663666155289	9.274581	1.0797613	-2.7194428
1663666155356	9.434899	1.0917253	-2.3832514
1663666155366	9.469596	1.0773684	-2.3365912
1663666155375	9.436096	1.1060823	-2.5603201
1663666155398	9.394221	1.1144571	-2.8381867
1663666155406	9.359526	1.1359925	-2.9949167
1663666155465	9.413364	1.1288141	-3.0320053
1663666155477	9.444471	1.0881361	-2.9482565
1663666155493	9.38465	1.0630114	-2.8956144
1663666155502	9.267402	0.95653087	-2.9111679
1663666155511	9.145369	0.8237292	-3.0020952
1663666155520	9.139386	0.7612167	-3.0810583
1663666155527	9.235099	0.7962117	-2.9578278
1663666155567	9.334401	0.8811569	-2.76042
1663666155666	9.361918	0.9349955	-2.6117659
1663666155674	9.285348	0.9206385	-2.6488547
1663666155686	9.172886	0.90029955	-2.8130622
1663666155695	9.075976	0.9290134	-2.9817562
1663666155705	9.046066	0.8249256	-3.1492536
1663666155713	9.075976	0.64037913	-3.2006993
1663666155721	9.148957	0.51475596	-3.1013973
1663666155730	9.225528	0.47886363	-2.975774
1663666155768	9.391829	0.6044868	-2.874079
1663666155781	9.603892	0.7540382	-2.7146573
1663666155794	9.6529455	0.81894356	-2.5579274
1663666155805	9.499506	0.8129615	-2.6009982
1663666155838	9.272188	0.80937225	-2.7927232
1663666155848	9.079565	0.8285148	-2.9685955
1663666155860	9.000303	0.87158567	-3.01047
1663666155895	9.065208	0.9290134	-2.9219356
1663666155907	9.18485	0.8775677	-2.8250263
1663666155919	9.2590275	0.73848486	-2.835794
1663666155972	9.305687	0.63200426	-2.943471
1663666155986	9.3308115	0.6092725	-3.0056844
1663666155998	9.345169	0.67028946	-2.9709885
1663666156025	9.363115	0.6978069	-2.8848467
1663666156037	9.446864	0.64636123	-2.7927232
1663666156048	9.487542	0.61764735	-2.6907291
1663666156057	9.401401	0.6523433	-2.6656044
1663666156067	9.282955	0.6643074	-2.7278178
1663666156095	9.243474	0.663111	-2.7266214
1663666156103	9.250652	0.65353966	-2.7652056
1663666156112	9.315259	0.62721866	-2.862115
1663666156176	9.436096	0.70977104	-2.9327033
1663666156188	9.542577	0.9314062	-3.0343983
1663666156197	9.723534	1.2317054	-2.894418
1663666156264	9.700802	1.2269198	-2.5782664
1663666156275	9.571291	1.0450653	-2.4825535
1663666156283	9.570094	0.9924232	-2.7230322
1663666156292	9.550952	1.1120644	-3.024827
1663666156299	9.226724	1.1359925	-3.2437701
1663666156308	8.853145	1.1922239	-3.2940195
1663666156318	8.661719	1.317847	-3.1540394
1663666156366	8.698808	1.3648062	-2.9099715
1663666156381	8.969196	1.3417753	-2.6883361
1663666156393	9.215957	1.1970096	-2.62373
1663666156456	9.717552	0.9720842	-2.746063
1663666156467	9.942477	0.86919284	-2.7640092
1663666156478	9.718748	0.5662017	-2.4335005
1663666156490	9.357133	0.38315073	-2.2947168
1663666156501	9.040084	0.43938205	-2.635694
1663666156510	8.898608	0.622433	-3.022434
1663666156521	9.08794	0.8979067	-3.0415766
1663666156529	9.420543	1.102493	-2.6656044
1663666156537	9.5557375	1.2472588	-2.3306093
1663666156588	9.504292	1.2999009	-2.3557339
1663666156599	9.30808	1.3393825	-2.76042
1663666156666	9.062816	1.448555	-3.2150564
1663666156678	8.88784	1.4916258	-3.4689946
1663666156688	8.92493	1.4162519	-3.4977086
1663666156700	9.081959	1.3094722	-3.3242288
1663666156713	9.174082	1.2269198	-3.1432717
1663666156725	9.163314	1.16351	-3.0200412
1663666156735	9.147761	1.0857433	-2.926721
1663666156785	9.073584	1.0271192	-2.8812575
1663666156796	9.008678	1.0175478	-2.8932216
1663666156807	9.056833	1.1180464	-2.9051857
1663666156817	9.177671	1.1407782	-3.0391839
1663666156853	9.262616	1.1359925	-3.1923244
1663666156864	9.287741	1.1443675	-3.2964122
1663666156875	9.395418	1.0606186	-3.618546
1663666156897	9.546165	0.9924232	-4.072285
1663666156910	9.705587	1.1455638	-4.2720857
1663666156922	9.780962	1.4198412	-3.9598224
1663666156971	9.67807	1.3731811	-3.2377882
1663666156983	9.450453	1.1060823	-2.524428
1663666156996	9.102298	0.7600203	-2.321038
1663666157006	9.170493	0.44656053	-2.4526432
1663666157028	9.44806	0.24556342	-2.5232315
1663666157040	9.501899	0.15194423	-2.7939196
1663666157050	9.361918	0.18783657	-3.3122647
1663666157098	9.103494	0.35324043	-3.6903307
1663666157116	8.916554	0.5518447	-3.7980077
1663666157130	8.970393	0.6619146	-3.565904
1663666157140	9.2075815	0.7516454	-3.1983066
1663666157175	9.431311	0.76241314	-2.9039893
1663666157187	9.562916	0.7013961	-2.862115
1663666157199	9.549755	0.64037913	-3.0092735
1663666157210	9.346365	0.54466623	-3.1576285
1663666157263	9.099904	0.49082774	-3.211467
1663666157273	9.036494	0.5279165	-3.2330024
1663666157285	9.233903	0.53988063	-3.2330024
1663666157297	9.467203	0.48006004	-3.2437701
1663666157310	9.52822	0.38673997	-3.3062828
1663666157324	9.3511505	0.31974092	-3.3876386
1663666157386	9.046066	0.2670988	-3.3756745
1663666157400	8.872287	0.27188447	-3.3110683
1663666157409	8.853145	0.2623132	-3.193521
1663666157419	8.988339	0.29222345	-3.1013973
1663666157450	9.183653	0.35204405	-2.9853454
1663666157458	9.353543	0.37956148	-2.9362924
1663666157467	9.372686	0.33409786	-3.01047
1663666157492	9.251849	0.3269194	-3.225824
1663666157502	9.176475	0.35563326	-3.3720853
1663666157513	9.256635	0.39511484	-3.2940195
1663666157525	9.407382	0.36640096	-3.1253254
1663666157534	9.554541	0.3592225	-2.9327033
1663666157579	9.54497	0.3699902	-2.8405795
1663666157592	9.343972	0.3269194	-2.8980074
1663666157670	9.127422	0.28145576	-3.0702906
1663666157679	9.041281	0.30059835	-3.1683962
1663666157689	9.102298	0.27188447	-3.1947174
1663666157699	9.19801	0.24436702	-3.1025937
1663666157709	9.233903	0.24077778	-3.1025937
1663666157717	9.177671	0.27667013	-3.1695926
1663666157727	9.0341015	0.3364907	-3.2844481
1663666157777	8.965608	0.34606197	-3.4043884
1663666157791	9.078369	0.29222345	-3.370889
1663666157803	9.145369	0.22013968	-3.2066815
1663666157815	9.133404	0.14476576	-3.1420753
1663666157845	9.170493	0.07058827	-3.10379
1663666157855	9.192028	-0.038285162	-3.071487
1663666157864	9.21476	-0.15433706	-3.124129
1663666157896	9.317652	-0.20697916	-3.1504502
1663666157907	9.400204	-0.21894327	-3.0858438
1663666157916	9.519845	-0.28235307	-2.9099715
1663666157992	9.654142	-0.29192436	-2.798705
1663666158003	9.806087	-0.17826529	-2.7266214
1663666158012	9.785748	0.01794617	-2.7831519
1663666158023	9.691231	0.10289137	-2.876472
1663666158031	9.537791	-0.013160525	-2.9075787
1663666158038	9.410972	-0.12203395	-2.9458637
1663666158047	9.416953	-0.12203395	-3.0236306
1663666158135	9.500702	-0.069391854	-3.0858438
1663666158146	9.458828	0.019142581	-3.1229327
1663666158155	9.3511505	0.25633112	-3.1169505
1663666158165	9.288938	0.5877371	-3.0140593
1663666158189	9.303294	0.8572287	-2.9685955
1663666158204	9.408579	1.0163515	-3.0930223
1663666158214	9.408579	0.5733801	-3.211467
1663666158223	9.42174	-0.2644069	-3.1971102
1663666158247	9.363115	-0.8605189	-3.2138598
1663666158252	8.92134	-0.7851449	-3.5060835
1663666158256	8.568398	-0.32662028	-4.0794635
1663666158270	8.610273	-0.069391854	-4.0854454
1663666158276	8.933304	0.08853444	-3.3314073
1663666158290	9.523434	0.51236314	-2.1906292
1663666158383	9.94846	1.0630114	-1.3345969
1663666158395	9.892228	1.2400804	-1.3142579
1663666158404	9.547362	1.11685	-2.082653
1663666158413	9.223135	0.90149593	-3.1923244
1663666158452	9.144172	0.63918275	-3.9203408
1663666158461	9.3200445	0.41306102	-3.7489548
1663666158470	9.538987	0.21894327	-3.2497523
1663666158497	9.607482	0.15314065	-2.943471
1663666158508	9.488738	0.18305093	-2.7616165
1663666158518	9.253045	0.32213375	-2.778366
1663666158528	9.131011	0.520738	-2.8046873
1663666158539	9.157332	0.7181459	-2.7975087
1663666158597	9.27817	0.78753775	-2.815455
1663666158609	9.342776	0.8129615	-2.8860433
1663666158620	9.263813	0.7181459	-3.0403802
1663666158666	9.098708	0.58893347	-3.3038898
1663666158674	9.038888	0.53270215	-3.4211383
1663666158684	9.138189	0.48245287	-3.2976086
1663666158693	9.327223	0.46331027	-2.9673991
1663666158703	9.419347	0.46929234	-2.7242286
1663666158712	9.370294	0.4429713	-2.7556343
1663666158777	9.237492	0.40588254	-2.91715
1663666158789	9.123833	0.46809593	-3.042773
1663666158802	9.093923	0.4645067	-3.138486
1663666158812	9.218349	0.474078	-3.1277182
1663666158835	9.341579	0.45254257	-3.0678978
1663666158845	9.322437	0.4657031	-3.095415
1663666158854	9.135797	0.45613182	-3.1839497
1663666158891	9.023035	0.43100718	-3.205485
1663666158896	9.129815	0.32093734	-3.1313076
1663666158901	9.335598	0.25752753	-3.022434
1663666159000	9.455238	0.3065804	-2.9662027
1663666159008	9.389436	0.38673997	-2.9458637
1663666159015	9.227921	0.46331027	-3.0200412
1663666159021	9.162118	0.51236314	-3.0882368
1663666159028	9.262616	0.5494519	-3.0690942
1663666159035	9.427721	0.48006004	-3.0152557
1663666159043	9.54497	0.37716866	-3.012863
1663666159093	9.493524	0.3592225	-3.1348968
1663666159102	9.298509	0.4322036	-3.2425737
1663666159109	9.182457	0.4549354	-3.223431
1663666159200	9.2590275	0.3915256	-3.0475588
1663666159211	9.381062	0.23120649	-2.8202405
1663666159218	9.361918	0.16510476	-2.9039893
1663666159226	9.255438	0.24197419	-3.2078779
1663666159232	9.18126	0.29102704	-3.2413774
1663666159239	9.083155	0.2862414	-3.095415
1663666159245	9.120243	0.22971097	-3.0176485
1663666159253	9.174082	0.17587246	-2.882454
1663666159274	9.341579	0.3173481	-2.827419
1663666159281	9.430114	0.46331027	-2.975774
1663666159292	9.38824	0.47886363	-3.1767712
1663666159417	9.397811	0.36161533	-3.252145
1663666159430	9.454042	0.23120649	-3.1013973
1663666159443	9.457631	0.106480606	-2.9386854
1663666159455	9.433703	0.14596218	-3.0176485
1663666159467	9.430114	0.20937198	-3.1301112
1663666159482	9.262616	0.16390835	-3.2461631
1663666159500	9.046066	0.023928227	-3.313461
1663666159514	8.880662	-0.18544376	-3.240181
1663666159521	8.823235	-0.3711866	-3.071487
1663666159530	8.8854475	-0.48364928	-2.9327033
1663666159541	8.915359	-0.5303093	-3.0379875
1663666159545	8.965608	-0.57457656	-3.3278182
1663666159594	9.111869	-0.5554339	-3.5336008
1663666159599	9.348758	-0.40468612	-3.4881372
1663666159605	9.559326	-0.09212367	-3.144468
1663666159652	9.493524	0.062213387	-2.7230322
1663666159659	9.2997055	0.12203395	-2.6165516
1663666159665	9.229117	0.08733802	-2.8405795
1663666159694	9.365508	-0.02871387	-3.140879
1663666159707	9.679267	-0.13998012	-3.1803603
1663666159713	9.886246	-0.14955142	-3.2377882
1663666159775	9.946067	-0.104087785	-3.417549
1663666159788	9.798908	0.015553347	-3.5072799
1663666159799	9.530613	0.14237295	-3.3756745
1663666159810	9.290133	0.17467605	-3.0523443
1663666159821	9.170493	0.13160525	-2.8262227
1663666159852	9.105886	-0.023928227	-2.6536403
1663666159862	9.199206	-0.22253251	-2.5435705
1663666159894	9.542577	-0.30029923	-2.5399811
1663666159906	9.981958	-0.25244278	-2.5627131
1663666159917	10.420144	-0.18903299	-2.652444
1663666160004	10.668998	-0.19501504	-2.9614172
1663666160016	10.593624	-0.42502514	-3.1863425
1663666160027	10.219148	-0.7540382	-3.0188448
1663666160039	9.608679	-0.8341978	-3.0212376
1663666160052	8.981161	-0.4226323	-3.313461
1663666160063	8.627023	0.14356937	-3.6412778
1663666160076	8.493025	0.45613182	-3.754937
1663666160090	8.525328	0.6726823	-3.8291144
1663666160096	8.839984	0.887139	-3.675974
1663666160103	9.217153	1.11685	-3.4331024
1663666160202	9.254242	1.2029916	-3.3864422
1663666160212	8.9775715	1.0522437	-3.7178483
1663666160221	8.761021	1.0654043	-3.9777687
1663666160229	8.68804	1.1814562	-3.9311085
1663666160239	8.652147	1.3142579	-3.6352959
1663666160244	8.569595	1.4246268	-3.2497523
1663666160250	8.518149	1.4150555	-2.990131
1663666160258	8.660522	1.4006985	-2.7711878
1663666160276	8.817252	1.4042878	-2.7110682
1663666160281	8.947661	1.4294125	-2.819044
1663666160290	9.255438	1.4473586	-2.8704898
1663666160406	9.474381	1.4042878	-2.71705
1663666160426	9.515059	1.355235	-2.6979074
1663666160439	9.385847	1.3094722	-2.8788648
1663666160452	9.236296	1.3477573	-3.10379
1663666160463	9.020642	1.454537	-3.191128
1663666160472	8.903394	1.4856437	-2.9398818
1663666160482	8.871091	1.4605191	-2.4885356
1663666160491	8.862716	1.3082758	-2.184647
1663666160500	8.859127	1.0785648	-2.292324
1663666160510	8.928518	0.8967103	-2.5998018
1663666160537	9.025428	0.89312106	-2.96381
1663666160546	9.1669035	1.0175478	-3.0415766
1663666160619	9.274581	1.1192428	-2.650051
1663666160631	9.305687	1.1419746	-1.9869401
1663666160642	9.318848	1.0223335	-1.4015958
1663666160651	9.38824	0.9182457	-1.2125629
1663666160660	9.334401	0.78394854	-1.4506488
1663666160670	9.462418	0.70259255	-1.6555341
1663666160698	9.740284	0.5135596	-1.3884354
1663666160706	10.149456	0.3173481	-1.0893325
1663666160712	10.430912	0.1363909	-1.4566308
1663666160776	10.585249	0.29341987	-2.9195428
1663666160789	10.256236	0.86081797	-4.557131
1663666160798	9.843175	1.631606	-5.5313087
1663666160808	9.613464	2.0458634	-5.394918
1663666160816	9.471989	2.3258235	-4.962714
1663666160848	9.522238	2.5402803	-3.301497
1663666160858	9.755837	2.359323	-1.3645071
1663666160895	9.627821	1.4736797	-1.1012967
1663666160907	9.272188	0.37477586	-2.3377876
1663666160918	8.975179	-0.31585258	-3.5084763
1663666161020	8.845966	-0.66071814	-4.007679
1663666161028	8.916554	-0.6858428	-3.905984
1663666161036	9.0951185	-0.4621139	-3.5491543
1663666161044	9.157332	-0.17826529	-3.170789
1663666161051	9.190832	0.07178468	-3.0152557
1663666161057	9.29133	0.35682967	-3.12054
1663666161061	9.419347	0.5697909	-3.1600213
1663666161095	9.439685	0.5805586	-3.1396823
1663666161107	9.454042	0.34606197	-3.0403802
1663666161118	9.408579	0.040677983	-3.030809
1663666161224	9.395418	-0.12323037	-3.2425737
1663666161236	9.3104725	-0.2536392	-3.5946178
1663666161246	9.139386	-0.39511484	-3.8724844
1663666161255	8.914162	-0.47886363	-3.9514475
1663666161264	8.738289	-0.5051847	-3.9167516
1663666161274	8.666505	-0.4549354	-3.836293
1663666161285	8.525328	-0.4106682	-3.6580276
1663666161299	8.315657	-0.44775695	-3.4594233
1663666161307	8.260622	-0.44177487	-3.203092
1663666161315	8.502596	-0.30867413	-2.8549366
1663666161321	8.973982	-0.09810573	-2.475375
1663666161428	9.401401	0.09930214	-2.4095724
1663666161441	9.709177	0.20219351	-2.5663023
1663666161453	9.830014	0.17826529	-2.6596224
1663666161466	9.736694	0.12921242	-2.7675984
1663666161475	9.580862	0.059820566	-2.9422746
1663666161484	9.523434	-0.021535404	-3.112165
1663666161495	9.5665045	-0.07537391	-3.179164
1663666161505	9.6122675	-0.038285162	-3.083451
1663666161515	9.6122675	-0.023928227	-2.8166513
1663666161522	9.600304	-0.14955142	-2.3784657
1663666161533	9.627821	-0.29790643	-2.1005993
1663666161547	9.701999	-0.33888352	-2.1472592
1663666161621	9.910174	-0.29790643	-2.2863421
1663666161639	10.080065	-0.15553348	-2.4418755
1663666161653	10.311271	0.18783657	-2.754438
1663666161669	10.587642	0.35563326	-3.1372895
1663666161685	10.792527	-0.1160519	-3.05713
1663666161701	10.588839	-0.7193423	-2.7963123
1663666161716	9.94846	-0.54705906	-3.2593236
1663666161730	9.605089	0.16390835	-4.0328035
1663666161747	9.102298	0.31016964	-4.6612186
1663666161779	8.9775715	0.38554356	-4.644469
1663666161794	9.019445	0.7109674	-3.7716868
1663666161804	8.953643	1.2675978	-2.5256243
1663666161812	8.695218	1.7237296	-1.8457636
1663666161827	8.322835	1.8696918	-2.254039
1663666161834	7.9555373	1.7955143	-3.016452
1663666161841	7.5173516	1.6423737	-3.760919
1663666161848	7.392925	1.5634105	-4.3390846
1663666161871	7.786544	1.5490535	-4.671986
1663666161891	8.619844	1.6292131	-4.496114
1663666161918	9.427721	1.6998014	-3.8015969
1663666161926	9.643374	1.6220347	-3.3266218
1663666161943	9.3511505	1.4030914	-3.0786655
1663666161962	8.872287	1.0594223	-2.9458637
1663666162000	8.743074	0.8249256	-2.548356
1663666162009	8.884252	0.82612205	-2.0611176
1663666162027	9.029017	0.8991031	-1.852942
1663666162056	9.142975	1.07019	-1.9929222
1663666162069	9.0544405	1.0941181	-2.306681
1663666162076	8.866305	1.0139586	-2.589034
1663666162105	8.79811	0.8883354	-2.7532415
1663666162117	8.929715	0.8679964	-2.6273193
1663666162148	9.182457	0.8703892	-2.1882362
1663666162157	9.530613	0.91585284	-1.4219348
1663666162181	9.684052	0.90388876	-0.9239286
1663666162198	9.643374	0.80817586	-0.965803
1663666162221	9.650553	0.7085746	-1.2209377
1663666162238	9.853943	0.7289136	-1.2855439
1663666162256	10.132707	0.8775677	-1.1754742
1663666162271	10.448858	0.8536395	-1.3501502
1663666162292	10.767403	0.45014977	-1.9881365
1663666162310	10.939686	0.2970091	-2.7903304
1663666162332	10.926525	1.0331012	-2.8800611
1663666162352	10.415359	1.8972093	-3.993322
1663666162381	9.81805	2.120041	-5.7469616
1663666162389	9.460024	1.8613169	-6.5608206
1663666162408	9.304491	1.4712868	-5.4846487
1663666162433	9.385847	1.0450653	-3.3385859
1663666162450	9.599107	0.7073782	-1.3022938
1663666162484	9.455238	0.21774685	-0.7576275
1663666162493	8.811271	-0.276371	-1.5774683
1663666162516	8.170891	-0.68464637	-2.5196424
1663666162524	7.8427753	-1.0438689	-3.3960135
1663666162541	7.8966136	-1.076172	-4.048357
1663666162562	8.251051	-0.750449	-4.4001017
1663666162576	8.790932	-0.26081768	-4.261318
1663666162616	9.403793	0.15792629	-3.746562
1663666162625	9.845568	0.30059835	-3.2545378
1663666162645	10.063314	0.09930214	-3.1073792
1663666162663	10.192826	-0.19501504	-3.030809
1663666162679	10.044172	-0.45732823	-2.8537402
1663666162717	9.725926	-0.5590232	-2.664408
1663666162724	9.237492	-0.5386842	-2.6213372
1663666162731	8.682058	-0.5949155	-2.9075787
1663666162762	8.259425	-0.6762715	-3.3984063
1663666162777	8.073982	-0.7959126	-3.8602211
1663666162815	8.197212	-0.8341978	-4.020839
1663666162822	8.482257	-0.7157531	-3.675974
1663666162846	8.909376	-0.38673997	-3.0583265
1663666162853	9.413364	-0.07776674	-2.1460629
1663666162866	9.668499	-0.014356935	-1.4853446
1663666162886	9.852746	-0.106480606	-1.46022
1663666162923	10.089636	-0.11964113	-1.954637
1663666162929	10.046565	0.09212367	-2.7086751
1663666162944	9.600304	0.11964113	-3.3086755
1663666162965	9.084352	-0.033499517	-3.354139
1663666162982	8.978767	-0.10887343	-2.955435
1663666163017	9.357133	-0.12083755	-2.457429
1663666163028	10.062119	0.05742774	-1.995315
1663666163051	10.390234	0.285045	-1.7297117
1663666163067	10.150653	0.52313083	-1.6758732
1663666163082	9.763016	0.8703892	-1.6157535
1663666163119	9.919745	1.0845468	-1.6169499
1663666163127	10.514661	0.9708878	-2.449054
1663666163136	11.094023	0.13280165	-3.7393837
1663666163168	11.748759	-1.50359	-3.0391839
1663666163183	10.997114	-2.4346972	-3.577868
1663666163220	9.856336	-1.6782659	-5.9324055
1663666163228	9.11785	-0.37238303	-5.833103
1663666163236	8.014161	0.38673997	-3.8554354
1663666163265	7.338787	0.6678966	-2.091028
1663666163272	7.0133634	1.0594223	-1.7739788
1663666163291	6.8745794	1.6495521	-2.2827528
1663666163322	7.2897344	1.9465612	-3.0894332
1663666163332	8.041678	1.8254246	-4.354638
1663666163368	8.903394	1.6698911	-5.7170515
1663666163378	9.7247305	1.5191432	-6.410073
1663666163387	9.901799	0.8847462	-5.4439707
1663666163426	9.6529455	0.17347965	-3.1289146
1663666163434	9.573684	-0.2536392	-0.7719844
1663666163452	9.679267	-0.29671	0.4010969
1663666163465	9.265009	-0.2620141	-0.0634098
1663666163482	8.560024	-0.39750767	-1.3860425
1663666163521	7.9974113	-0.5315057	-2.5471597
1663666163530	8.096714	-0.45014977	-3.2533414
1663666163539	8.6090765	0.2970091	-2.7218359
1663666163566	9.212367	0.91106725	-1.2400804
1663666163588	10.377073	0.63918275	0.5913263
1663666163622	11.676974	-0.3807579	1.8711873
1663666163629	12.707683	-1.2209377	0.8129615
1663666163647	12.619148	-0.8967103	-3.478566
1663666163666	12.245569	1.1419746	-7.272087
1663666163684	11.511869	2.5701907	-9.044869
1663666163700	9.782158	1.8984057	-7.5125656
1663666163738	8.016554	1.2352947	-5.697909
1663666163746	7.7422767	0.5949155	-2.629712
1663666163757	8.089535	0.39511484	0.5673981
1663666163786	8.27139	0.2515455	0.7076773
1663666163795	9.115458	-0.2883351	-1.7871394
1663666163836	9.552148	-1.0893325	-3.7453656
1663666163844	8.917751	-2.0147567	-4.671986
1663666163851	8.021339	-2.201397	-5.158028
1663666163885	7.9507513	-1.4003994	-4.881358
1663666163892	8.343174	-0.6236294	-4.057928
1663666163906	8.726325	-0.1160519	-3.3074791
1663666163936	9.105886	0.02871387	-3.0403802
1663666163945	9.38824	-0.09332009	-3.1671999
1663666163987	9.235099	-0.30149564	-3.071487
1663666163996	9.237492	-0.2644069	-2.6883361
1663666164002	9.467203	-0.36400816	-1.9103698
1663666164021	9.413364	-0.56141603	-1.3669
1663666164055	9.309277	-0.81625164	-1.614557
1663666164062	9.2793665	-1.2125629	-2.6668007
1663666164078	9.220742	-1.4279169	-3.7537405
1663666164100	9.238688	-1.3298112	-3.9825542
1663666164117	9.273384	-1.0103694	-3.6281173
1663666164152	9.561719	-0.7516454	-2.955435
1663666164160	9.71157	-0.5303093	-2.37368
1663666164183	9.68166	-0.53988063	-2.2073789
1663666164223	9.701999	-0.6367899	-2.1544378
1663666164230	9.6326065	-0.7468598	-2.181058
1663666164238	9.54138	-0.811466	-2.213361
1663666164269	9.80489	-0.88683987	-2.3138595
1663666164277	10.040583	-1.082154	-2.4095724
1663666164291	9.850353	-1.1407782	-2.4143581
1663666164320	9.832407	-0.8365906	-2.5591238
1663666164335	10.11476	-0.6260222	-3.199503
1663666164352	10.6307125	-1.0486546	-3.612564
1663666164393	10.915758	-1.7021942	-3.5527434
1663666164400	10.837991	-1.6016957	-3.720241
1663666164411	10.643873	-0.27876383	-4.5248275
1663666164440	10.575678	1.0139586	-4.601398
1663666164446	10.252646	1.6268203	-3.9107695
1663666164485	9.698409	1.9992033	-2.874079
1663666164493	8.920144	2.1978076	-2.0527427
1663666164503	7.9555373	2.2420747	-2.2181466
1663666164521	7.203593	1.9537396	-2.43709
1663666164560	7.119844	1.4509479	-2.6117659
1663666164566	7.3893356	0.8751749	-3.219842
1663666164579	7.7554374	0.30897322	-3.9011981
1663666164600	8.259425	-0.031106694	-4.3522453
1663666164618	8.694022	0.05623133	-4.619344
1663666164654	8.871091	0.56500524	-4.5451665
1663666164662	8.996714	1.4461622	-3.7477584
1663666164678	9.008678	2.2660031	-2.6656044
1663666164719	8.983554	2.7317061	-1.5954145
1663666164725	8.989535	2.524727	-1.0196415
1663666164736	9.144172	1.7679968	-1.1276177
1663666164752	9.302098	1.0342976	-1.8134605
1663666164788	9.209974	0.54705906	-2.6189444
1663666164795	8.968	0.48963133	-3.004488
1663666164846	8.859127	0.6164509	-2.9039893
1663666164853	8.8543415	0.52193445	-2.1966112
1663666164860	9.162118	0.31615168	-1.3549358
1663666164869	9.430114	0.15433706	-0.62841505
1663666164907	9.770194	0.101694964	-0.104087785
1663666164913	10.422537	0.17108682	0.37597227
1663666164924	10.918151	0.42502514	-0.016749758
1663666164955	10.889437	0.98883396	-1.7069799
1663666164969	10.543375	0.84406817	-3.0762727
1663666164986	10.355538	0.42023948	-3.519244
1663666165021	10.423734	1.355235	-3.7238302
1663666165030	10.296914	2.4059832	-5.7074804
1663666165046	10.048958	2.5630121	-7.207182
1663666165068	9.918549	2.3557339	-6.6134624
1663666165085	10.026226	1.9477576	-4.363013
1663666165100	9.965209	1.238884	-1.8326031
1663666165142	9.559326	0.49920264	-0.25962126
1663666165149	8.825627	-0.14955142	-0.08733802
1663666165161	7.973483	-0.70259255	-1.1647065
1663666165186	7.5580297	-1.0426725	-2.7326035
1663666165203	7.52453	-1.2807583	-4.252943
1663666165219	8.229515	-1.0390832	-5.2250276
1663666165258	9.346365	-0.39391842	-5.333901
1663666165266	9.968799	0.31136605	-5.1364927
1663666165274	10.120743	0.7408777	-4.234997
1663666165292	9.675677	0.7468598	-3.091826
1663666165321	9.085547	0.40588254	-2.7424738
1663666165340	8.759825	-0.01794617	-3.1337004
1663666165358	8.692825	-0.40468612	-3.2676985
1663666165389	8.727522	-0.5494519	-2.9195428
1663666165397	8.719147	-0.53629136	-2.6859434
1663666165405	8.7682	-0.51236314	-2.4885356
1663666165426	8.78136	-0.39870408	-2.4921248
1663666165461	8.784949	-0.2428715	-2.6153553
1663666165470	8.800503	-0.14476576	-2.7879374
1663666165503	8.866305	-0.04426722	-2.9973094
1663666165512	9.098708	0.09930214	-3.1229327
1663666165523	9.355937	0.21655045	-3.0379875
1663666165541	9.536594	0.1268196	-2.8046873
1663666165573	9.693624	-0.16271193	-2.528017
1663666165589	9.856336	-0.38554356	-2.1798615
1663666165606	10.196416	-0.5159524	-1.8924236
1663666165643	10.555339	-0.4621139	-1.8397815
1663666165650	10.635498	-0.07058827	-2.013261
1663666165663	10.601999	0.669093	-2.396412
1663666165676	10.468	1.230509	-2.9374888
1663666165708	10.356734	0.8392825	-3.3553355
1663666165722	10.216755	-0.5303093	-3.2042887
1663666165759	10.256236	-1.3764713	-3.4797623
1663666165768	10.353146	-1.0426725	-4.800002
1663666165776	9.961619	0.10049855	-6.0807605
1663666165792	8.979964	0.8895318	-5.569893
1663666165811	8.158927	1.1455638	-3.8808591
1663666165844	7.7291164	1.3094722	-1.928316
1663666165858	7.2095747	1.4868401	-1.0713863
1663666166024	6.8853474	1.5873387	-1.6519449
1663666166041	7.166504	1.5586249	-2.9183464
1663666166056	7.8200436	1.4042878	-4.068696
1663666166068	8.911769	1.3660027	-4.6935215
1663666166077	9.879067	1.3707882	-4.846662
1663666166088	9.999905	1.311865	-4.5391846
1663666166097	9.549755	1.1120644	-3.321836
1663666166106	9.15135	1.015155	-1.9522442
1663666166114	8.908179	1.0199406	-1.2496517
1663666166121	8.662915	1.0223335	-1.4350954
1663666166130	8.65454	0.90149593	-2.0958135
1663666166276	8.79452	0.73130643	-2.5064816
1663666166288	9.01466	0.7217351	-2.3928227
1663666166300	9.1681	0.8129615	-2.1077776
1663666166309	9.275777	0.7325028	-2.070689
1663666166320	9.407382	0.5590232	-1.89362
1663666166329	9.611072	0.44536412	-1.4638093
1663666166339	9.812068	0.48006004	-0.80907315
1663666166350	10.083653	0.57936215	-0.2321038
1663666166361	10.369895	0.73848486	0.038285162
1663666166372	10.663016	0.91106725	-0.23569304
1663666166401	11.0042925	0.95054877	-1.3166506
1663666166412	11.09163	0.5195416	-2.7338
1663666166422	11.137094	0.74207413	-3.3900316
1663666166431	11.297712	1.867299	-4.912465
1663666166438	11.03181	2.306681	-7.133004
1663666166450	10.339985	2.1966112	-7.591529
1663666166459	9.623035	1.6292131	-6.000601
1663666166469	9.0544405	0.72412795	-2.8381867
1663666166477	8.586345	0.029910283	-0.48095736
1663666166486	8.17448	-0.44057846	-0.101694964
1663666166522	8.105088	-0.70259255	-1.2317054
1663666166532	7.589136	-1.238884	-2.3976083
1663666166548	7.50778	-1.2376875	-4.013661
1663666166672	8.274979	-0.8979067	-4.786842
1663666166682	9.245867	-0.581755	-5.183153
1663666166691	10.4464655	-0.21774685	-4.8251266
1663666166701	10.22154	0.2970091	-4.037589
1663666166712	9.41456	0.7013961	-2.9410782
1663666166724	8.82443	0.7926225	-2.2265215
1663666166735	8.621041	0.39511484	-1.8637097
1663666166747	8.585149	0.0047856453	-2.0515463
1663666166776	8.656933	-0.1471586	-2.4586253
1663666166789	8.711968	-0.21655045	-2.6883361
1663666166802	8.743074	-0.20338993	-2.6943183
1663666166813	8.89143	-0.08015956	-2.536392
1663666166824	8.934501	0.15074782	-2.4430718
1663666166849	8.988339	0.28863424	-2.556731
1663666166861	9.139386	0.35563326	-2.7640092
1663666166870	9.370294	0.34127632	-2.7520452
1663666166878	9.776176	0.26470602	-2.2205393
1663666166887	10.336395	0.1268196	-1.4291133
1663666167024	10.985149	0.23718855	-0.84017986
1663666167042	11.584851	0.7217351	-1.1946167
1663666167057	12.039786	1.8613169	-2.4705894
1663666167070	11.777473	2.2217357	-4.0591245
1663666167083	11.644671	0.4142574	-4.0447674
1663666167095	11.23161	-1.6459628	-2.1137598
1663666167105	9.638589	-1.6974086	-3.6448672
1663666167117	8.499007	-1.1587243	-6.2377896
1663666167128	7.5927253	-0.8246265	-6.6975107
1663666167142	7.1066833	-0.26799613	-5.627321
1663666167154	7.0348988	0.20697916	-3.7154553
1663666167256	7.530512	0.88354975	-1.5846468
1663666167270	8.215158	2.0889342	-0.8964112
1663666167283	8.802896	2.9937203	-2.1281166
1663666167297	8.969196	3.3254254	-4.208676
1663666167311	8.807681	3.3481572	-5.390132
1663666167325	8.607881	2.618047	-4.9232326
1663666167338	8.503793	1.7572291	-3.7501514
1663666167350	8.792128	1.1611172	-1.9737796
1663666167364	9.156136	0.84406817	-0.88325065
1663666167376	9.227921	0.5673981	-1.0519446
1663666167441	9.073584	0.15433706	-2.0407786
1663666167457	8.899805	-0.29790643	-2.9817562
1663666167472	9.047262	-0.34127632	-3.2784662
1663666167483	9.309277	0.18305093	-2.8776684
1663666167493	9.552148	0.96729857	-2.1882362
1663666167500	9.658928	1.5729818	-1.4685949
1663666167509	9.460024	1.6758732	-1.0531411
1663666167519	9.35474	1.3624134	-1.0328021
1663666167532	9.23151	0.95772725	-1.4015958
1663666167546	9.370294	1.0163515	-1.9007984
1663666167557	10.057333	1.3624134	-1.4673985
1663666167565	10.879866	1.4808581	-1.0531411
1663666167572	11.32523	1.1001002	-1.218545
1663666167650	10.853544	-0.08973085	-1.2628121
1663666167658	10.672587	-1.4171492	-1.9941186
1663666167669	10.312468	-0.9804591	-3.3254254
1663666167677	10.347163	0.45732823	-5.1640105
1663666167688	10.192826	1.4844474	-7.495816
1663666167698	9.849157	1.7404794	-7.6633134
1663666167705	9.337991	1.8493528	-5.3039904
1663666167713	8.971589	1.7261224	-2.3808584
1663666167731	8.759825	1.3707882	-0.5159524
1663666167737	8.7622175	1.1324034	0.12831512
1663666167745	8.679665	0.4848457	-0.6678966
1663666167773	8.5349	-0.22372891	-2.4382863
1663666167783	8.549256	-0.73011	-4.371388
1663666167851	8.611469	-0.93260264	-5.775676
1663666167863	8.729915	-0.9290134	-6.309574
1663666167872	8.806484	-0.64636123	-5.858228
1663666167882	8.811271	-0.18185452	-4.510471
1663666167892	8.863913	0.09571291	-2.929114
1663666167902	9.132208	0.28743783	-1.7297117
1663666168025	9.1872425	0.3293122	-1.3561323
1663666168038	9.03141	0.3687938	-1.9331015
1663666168050	8.805288	0.35204405	-2.5806592
1663666168061	8.62463	0.34366915	-3.077469
1663666168070	8.711968	0.35204405	-3.1971102
1663666168079	8.971589	0.34965122	-3.0379875
1663666168089	9.235099	0.29940194	-2.9542387
1663666168098	9.454042	0.32213375	-2.9195428
1663666168107	9.698409	0.43459642	-2.6883361
1663666168116	9.877871	0.40468612	-2.2384856
1663666168254	10.2825575	0.23479572	-1.7608184
1663666168264	10.814063	-0.050249275	-1.0917253
1663666168273	10.79492	-0.4429713	-0.86530447
1663666168281	10.496715	-0.5925227	-1.3848461
1663666168289	10.126724	-0.23928227	-2.6548367
1663666168297	9.874282	0.16869399	-4.025625
1663666168305	10.286146	-0.25962126	-4.034
1663666168318	10.845169	-0.60807604	-3.3110683
1663666168328	10.636695	0.28743783	-3.7704902
1663666168339	9.838389	1.1778669	-5.044369
1663666168351	8.78136	1.3887345	-5.485845
1663666168456	7.900203	1.4054842	-4.7509494
1663666168466	7.5879397	1.6220347	-3.3433714
1663666168474	7.652546	2.0147567	-1.9043877
1663666168484	7.678867	2.251646	-1.4075779
1663666168492	7.879864	2.2911277	-1.9666011
1663666168503	8.395817	2.158326	-2.9566314
1663666168513	9.068798	2.1475582	-3.6340995
1663666168526	9.524631	2.0817556	-4.1404805
1663666168536	9.328419	1.637588	-4.5427737
1663666168548	9.089137	1.1611172	-4.4144588
1663666168557	8.782557	1.102493	-3.80399
1663666168563	8.530113	0.9720842	-2.8836503
1663666168665	8.593523	1.0187442	-2.0479572
1663666168673	8.787342	1.1144571	-1.5774683
1663666168681	8.837591	0.9828519	-1.5176477
1663666168688	8.8447695	0.9194421	-1.7476579
1663666168698	9.008678	0.927817	-1.8254246
1663666168708	9.217153	0.9457632	-1.7488543
1663666168718	9.366704	1.0175478	-1.6674982
1663666168728	9.38824	1.0283155	-1.7979071
1663666168737	9.468399	0.9349955	-1.7715861
1663666168775	9.679267	0.8177471	-1.3836497
1663666168787	9.84796	0.770788	-1.0929217
1663666168799	10.090832	0.7600203	-0.87367934
1663666168811	10.202397	0.6643074	-0.9167502
1663666168849	10.371092	0.64636123	-1.5451652
1663666168857	10.588839	0.78394854	-2.382055
1663666168867	10.976775	1.3082758	-2.9243283
1663666168876	11.213664	2.0183458	-4.304389
1663666168882	10.824831	2.243271	-6.367002
1663666168900	10.189237	2.0602202	-7.0025954
1663666169023	9.757033	1.6782659	-5.553143
1663666169036	9.577272	0.92183495	-2.7759733
1663666169047	9.375079	0.6726823	-0.535095
1663666169054	8.780164	0.4226323	-0.3469593
1663666169061	7.9998045	0.0011964113	-1.5020944
1663666169067	7.469495	-0.3472584	-2.8262227
1663666169075	7.3522468	-0.4848457	-4.0531425
1663666169081	7.8571324	-0.31345975	-5.0718865
1663666169088	8.732307	-0.22971097	-5.2692947
1663666169095	9.536594	-0.041874398	-5.1412787
1663666169102	9.826426	0.14476576	-4.328317
1663666169238	9.542577	0.10289137	-3.2856445
1663666169248	9.2590275	0.11964113	-2.754438
1663666169255	9.190832	0.15194423	-2.6165516
1663666169260	9.262616	-0.058624156	-2.3832514
1663666169267	9.3308115	-0.32542387	-2.1918256
1663666169273	9.292527	-0.43459642	-2.0862422
1663666169279	9.128618	-0.25842485	-2.3054845
1663666169286	8.940483	-0.0023928226	-2.7424738
1663666169292	8.969196	0.2862414	-3.1887352
1663666169306	9.116654	0.5315057	-3.4486556
1663666169400	9.24467	0.750449	-3.464209
1663666169408	9.3308115	0.81655073	-3.1360931
1663666169416	9.513863	0.6655038	-2.4622145
1663666169424	9.88146	0.43579283	-1.6169499
1663666169430	10.540982	0.42502514	-0.9849456
1663666169438	11.340783	0.4884349	-1.1527423
1663666169446	11.509477	0.88354975	-2.5387847
1663666169464	10.87508	1.0307083	-4.151248
1663666169470	10.500304	0.45972106	-4.6121655
1663666169497	10.269397	0.4010969	-4.537988
1663666169503	9.679267	1.218545	-5.0395837
1663666169521	8.89143	1.5646069	-5.945566
1663666169668	8.063214	1.698605	-5.9527445
1663666169677	7.469495	1.8565313	-4.7952166
1663666169686	7.3917284	1.8170497	-2.972185
1663666169692	7.6405816	1.9345971	-1.3190435
1663666169700	7.7937226	2.12363	-0.73848486
1663666169712	7.9351983	2.251646	-1.704587
1663666169721	8.085946	2.1008983	-3.1516466
1663666169730	8.453244	1.9513469	-4.2924247
1663666169737	8.867501	1.8433708	-4.9869413
1663666169777	8.983554	1.5717853	-4.9953165
1663666169790	8.814859	1.2568301	-4.1727834
1663666169800	8.495418	1.1096715	-2.9937203
1663666169811	8.225926	1.1240284	-2.1197417
1663666169850	8.359924	1.2293127	-1.7632111
1663666169863	8.7012005	1.3636098	-1.7943178
1663666169872	8.947661	1.3767704	-1.9582262
1663666169883	9.040084	1.2711871	-2.2025933
1663666169894	9.078369	1.183849	-2.4586253
1663666169906	9.192028	1.1264212	-2.6273193
1663666169919	9.390633	1.1443675	-2.4418755
1663666170028	9.682856	1.1922239	-1.9857436
1663666170044	9.895817	1.2329018	-1.3621143
1663666170057	10.002297	1.2173486	-0.88205427
1663666170069	10.154242	1.1623136	-0.50159544
1663666170080	10.640285	1.2675978	-0.43669012
1663666170091	11.006685	1.3417753	-1.1623136
1663666170104	11.073684	1.1994023	-2.5926232
1663666170115	10.726725	1.2197413	-3.4103706
1663666170125	10.257433	1.7261224	-3.856632
1663666170134	9.825229	2.03031	-5.0946183
1663666170252	9.559326	1.913959	-6.4208403
1663666170264	9.627821	1.7907287	-5.945566
1663666170276	9.906585	1.5658033	-4.054339
1663666170288	10.036994	1.1431711	-1.7703897
1663666170300	9.687641	0.6643074	-0.44865423
1663666170312	9.099904	0.19860429	-0.9921241
1663666170320	8.48465	-0.19501504	-2.239682
1663666170332	7.9483585	-0.5183452	-3.39721
1663666170345	7.672885	-0.7001997	-4.4781675
1663666170355	7.8870425	-0.57457656	-5.2202415
1663666170366	8.56481	-0.25722843	-5.2022953
1663666170398	9.287741	0.12323037	-4.5798626
1663666170407	9.5557375	0.31615168	-4.1835513
1663666170415	9.637392	0.25752753	-3.9454653
1663666170422	9.637392	0.0849452	-3.3720853
1663666170451	9.531809	0.047856454	-2.7592237
1663666170460	9.250652	0.015553347	-2.2779672
1663666170469	8.849555	-0.0526421	-2.1834507
1663666170479	8.477471	-0.15314065	-2.481357
1663666170521	8.264212	-0.18424734	-2.984149
1663666170532	8.2965145	-0.16510476	-3.3517463
1663666170544	8.574381	0.02632105	-3.4247274
1663666170656	9.15494	0.36759737	-3.354139
1663666170666	9.761819	0.6475576	-3.1959138
1663666170677	10.287343	0.9661021	-2.7795627
1663666170689	10.557732	1.0115658	-2.0635104
1663666170702	10.5385895	0.5315057	-1.466202
1663666170712	10.747064	-0.13280165	-1.0423734
1663666170722	10.842776	-0.45972106	-1.3824533
1663666170731	10.476376	-0.3364907	-2.9063823
1663666170741	10.164112	-0.24885355	-4.296014
1663666170750	9.661321	-0.46331027	-4.671986
1663666170774	8.973982	0.104087785	-4.881358
1663666170778	8.642576	1.1383854	-4.8155556
1663666170783	8.555239	1.6962122	-4.9977093
1663666170859	8.637791	2.009971	-5.2812586
1663666170873	8.879466	2.1750758	-4.6779685
1663666170884	9.069994	2.1487548	-3.3649068
1663666170893	8.923733	2.0961127	-2.1245275
1663666170902	8.589934	2.0255244	-1.46022
1663666170932	8.22473	1.7907287	-1.765604
1663666170943	8.012965	1.4904294	-2.7855446
1663666171027	8.151749	1.3947165	-3.589832
1663666171038	8.558827	1.4868401	-3.9358943
1663666171050	8.978767	1.6459628	-3.92393
1663666171061	8.880662	1.6387844	-4.0328035
1663666171074	8.516953	1.5239289	-3.996911
1663666171084	8.198408	1.3779668	-3.5491543
1663666171096	8.188837	1.3501502	-2.9626136
1663666171106	8.49781	1.4306089	-2.4825535
1663666171117	8.777771	1.3310076	-2.117349
1663666171127	8.929715	1.0534402	-2.0072792
1663666171136	8.935697	0.6343971	-2.0491536
1663666171252	9.078369	0.36400816	-2.09701
1663666171262	9.30808	0.31256247	-2.088635
1663666171272	9.400204	0.392722	-2.1460629
1663666171282	9.649357	0.7217351	-1.879263
1663666171293	10.036994	0.97926265	-1.0893325
1663666171302	10.366306	0.99003035	-0.5901299
1663666171312	10.478768	0.8380861	-0.4956134
1663666171322	10.468	0.62721866	-0.55782676
1663666171331	10.484751	0.6451648	-1.6109679
1663666171338	10.316056	1.1611172	-3.1097722
1663666171459	10.679766	2.231307	-5.1532426
1663666171469	11.182557	3.0152557	-7.231409
1663666171479	10.497911	2.3401806	-7.6884384
1663666171487	9.482756	1.0534402	-6.279664
1663666171496	8.799306	0.3484548	-4.091428
1663666171506	8.881859	0.10049855	-1.265205
1663666171515	8.92134	0.11365908	0.2551347
1663666171523	8.5779705	-0.015553347	-0.6308079
1663666171531	8.078768	-0.13998012	-2.6488547
1663666171538	7.7446694	-0.3472584	-4.3414774
1663666171548	7.7494555	-0.3699902	-5.2513485
1663666171668	8.261818	-0.08015956	-5.226224
1663666171678	9.097511	0.18185452	-4.403691
1663666171690	9.952048	0.37238303	-3.4079776
1663666171702	10.524232	0.4322036	-2.8310082
1663666171713	10.414163	0.28265217	-3.219842
1663666171723	9.91496	0.0071784677	-3.5886357
1663666171732	9.407382	-0.14596218	-3.429513
1663666171745	9.032906	-0.13758731	-3.095415
1663666171755	8.753842	-0.09451649	-2.8310082
1663666171766	8.56481	-0.16271193	-2.8262227
1663666171776	8.449655	-0.22731815	-2.9853454
1663666171786	8.456834	-0.21415763	-3.1767712
1663666171795	8.722735	-0.096909314	-3.100201
1663666171852	9.193225	-0.0035892338	-2.7532415
1663666171863	9.625428	0.16271193	-2.4191437
1663666171872	9.91137	0.30538398	-2.3365912
1663666171884	10.100404	0.29820552	-2.4538395
1663666171893	10.235897	0.24197419	-2.4885356
1663666171925	10.244272	0.13998012	-2.2444677
1663666171938	10.086046	-0.031106694	-2.149652
1663666171949	9.784551	0.029910283	-2.349752
1663666172026	9.803694	0.33888352	-2.7086751
1663666172040	9.835997	0.8009974	-3.4151561
1663666172050	9.871889	0.8500503	-3.868895
1663666172058	9.959227	0.16869399	-3.7250266
1663666172067	10.005887	-0.4106682	-3.2126634
1663666172076	9.784551	-0.20458634	-3.3816566
1663666172082	9.410972	0.2970091	-4.421637
1663666172137	9.192028	0.5075775	-5.3925247
1663666172149	9.036494	0.71455663	-5.014459
1663666172160	9.0747795	1.0163515	-3.571886
1663666172265	9.020642	1.4114662	-1.6423737
1663666172275	8.684451	1.8589242	-1.0749756
1663666172286	8.339585	2.271985	-1.9666011
1663666172296	7.9615192	2.201397	-3.0032916
1663666172308	7.6334033	1.7919251	-3.6281173
1663666172319	7.5065837	1.2903296	-4.232604
1663666172327	7.875078	0.96729857	-4.49731
1663666172338	8.650951	1.1730813	-4.380959
1663666172346	9.218349	1.495215	-4.111767
1663666172351	9.160921	1.5526428	-3.626921
1663666172359	8.44128	1.224527	-3.2102706
1663666172458	8.330014	1.1718849	-3.016452
1663666172471	8.562417	1.2831511	-2.8501508
1663666172481	9.013464	1.3298112	-2.5435705
1663666172489	9.51147	1.3477573	-1.8493528
1663666172497	9.0341015	1.250848	-1.7321045
1663666172509	9.09153	1.1503495	-1.7751753
1663666172518	8.23789	0.6966105	-2.2648067
1663666172528	7.894221	0.39750767	-2.7592237
1663666172535	9.194421	0.750449	-3.0152557
1663666172551	10.158131	1.2364911	-3.016452
1663666172672	10.350753	1.2675978	-1.8206389
1663666172682	11.341979	1.5215361	-0.4869394
1663666172692	12.362818	1.8649062	0.25633112
1663666172700	12.492329	1.5658033	-0.05623133
1663666172712	10.85833	0.5422734	-1.6495521
1663666172722	10.007083	0.5195416	-3.836293
1663666172734	9.658928	0.96490574	-5.2836514
1663666172743	9.024232	0.8967103	-6.608677
1663666172755	8.649755	0.5027919	-6.977471
1663666172765	9.153743	0.29940194	-5.363811
1663666172776	9.803694	0.35563326	-3.124129
1663666172789	9.654142	0.07178468	-2.1257238
1663666172800	9.163314	-0.20817557	-2.3222344
1663666172851	8.558827	-0.5267201	-3.065505
1663666172860	8.077571	-0.8102696	-3.7537405
1663666172869	7.912466	-0.86171526	-3.8904305
1663666172877	8.073982	-0.72053874	-3.8748772
1663666172886	8.391031	-0.55423754	-3.836293
1663666172946	8.923733	-0.27996024	-3.5240295
1663666172957	9.456435	0.031106694	-2.7412775
1663666172968	9.813265	0.31256247	-2.1942184
1663666173026	10.032208	0.44177487	-2.288735
1663666173041	9.967602	0.3173481	-2.8082764
1663666173053	9.516255	0.04426722	-3.6568313
1663666173062	8.936893	-0.27158538	-4.2744784
1663666173074	8.610273	-0.51236314	-4.091428
1663666173084	8.503793	-0.7743772	-3.5383866
1663666173093	8.542078	-0.9206385	-3.083451
1663666173137	8.716754	-1.0067801	-2.7338
1663666173150	9.053245	-0.85812604	-2.4442682
1663666173161	9.4636135	-0.5051847	-2.164009
1663666173171	9.630214	-0.13878371	-2.0407786
1663666173268	9.627821	0.13280165	-2.2181466
1663666173280	9.509077	0.18903299	-2.5663023
1663666173291	9.329616	0.0035892338	-2.874079
1663666173301	9.285348	-0.086141616	-3.179164
1663666173315	9.431311	-0.031106694	-3.1372895
1663666173325	9.810872	0.1591227	-2.644069
1663666173335	10.283753	0.43938205	-1.928316
1663666173357	10.745868	0.8153543	-1.3022938
1663666173366	10.93849	1.2771691	-1.2687942
1663666173380	10.585249	1.6184454	-2.4646072
1663666173456	10.250254	1.4557334	-3.8940198
1663666173465	10.3340025	0.32452658	-4.3498526
1663666173471	10.514661	-1.230509	-3.3469608
1663666173479	10.047761	-1.7033906	-3.2856445
1663666173488	9.710373	-0.94337034	-4.7341995
1663666173497	9.282955	-0.16749759	-5.38415
1663666173507	8.678469	0.34247273	-4.99412
1663666173516	8.698808	1.055833	-3.1827533
1663666173527	8.482257	1.8517456	-0.87966144
1663666173541	7.770991	2.3198416	-1.2340983
1663666173558	7.245467	2.5331018	-2.8298118
1663666173672	6.863812	2.2073789	-4.4060836
1663666173680	6.9894347	1.6351951	-5.341079
1663666173688	7.6752777	1.3046865	-5.6560345
1663666173698	8.7012005	1.1479566	-5.0515475
1663666173709	9.442079	1.0043873	-4.165605
1663666173721	9.59163	1.0091729	-3.2174492
1663666173733	9.364311	1.1001002	-2.3054845
1663666173744	9.171689	1.2005987	-1.9031913
1663666173756	9.169296	1.3875381	-1.9366908
1663666173767	9.136993	1.4736797	-2.1017957
1663666173778	9.015857	1.3731811	-2.3712873
1663666173789	8.908179	1.2400804	-2.6739793
1663666173839	8.68804	1.0175478	-2.990131
1663666173844	8.436495	0.73369926	-3.191128
1663666173848	8.478668	0.62123656	-3.0272198
1663666173867	8.85793	0.5566304	-2.4646072
1663666173884	9.503095	0.51116675	-1.6830516
1663666173957	10.060922	0.5374878	-0.99930257
1663666173967	10.377073	0.6475576	-0.61046886
1663666173978	10.420144	0.8069794	-0.5566304
1663666174027	10.44168	1.1491531	-0.9418748
1663666174041	10.710873	1.4090735	-1.6196418
1663666174050	10.616356	0.9768698	-2.5938199
1663666174062	9.984351	0.5733801	-3.5204403
1663666174074	9.736694	1.082154	-4.334299
1663666174085	9.960423	1.751247	-5.107779
1663666174098	9.59163	1.6040884	-5.657231
1663666174159	9.340384	1.0953146	-4.9112687
1663666174170	9.578469	0.9457632	-3.4055848
1663666174181	9.825229	0.6367899	-2.2815564
1663666174192	9.716355	0.0526421	-2.0072792
1663666174267	9.462418	-0.43938205	-2.3581266
1663666174276	8.972786	-0.73489565	-3.0978081
1663666174290	8.4604225	-0.8557332	-3.8590248
1663666174303	8.150552	-0.7959126	-4.104588
1663666174312	8.133802	-0.663111	-3.7310088
1663666174324	8.371888	-0.5626124	-3.3254254
1663666174330	8.875876	-0.30388847	-2.9039893
1663666174348	9.516255	0.0	-2.6045876
1663666174358	9.983155	0.22253251	-2.5938199
1663666174367	9.993923	0.24795625	-2.7975087
1663666174378	9.611072	0.076570325	-3.228217
1663666174397	9.249456	-0.24526432	-3.3852458
1663666174405	9.065208	-0.5051847	-3.3182468
1663666174443	8.940483	-0.6260222	-3.3206396
1663666174450	8.761021	-0.64037913	-3.4307094
1663666174455	8.595916	-0.61884373	-3.4283166
1663666174464	8.509774	-0.58534425	-3.292823
1663666174526	8.647362	-0.42382872	-3.0702906
1663666174541	9.139386	-0.21535404	-2.6321049
1663666174559	9.791729	-0.039481573	-2.0252252
1663666174565	10.125528	0.020338992	-1.873281
1663666174655	10.088439	0.029910283	-2.2791636
1663666174664	9.904192	0.009571291	-2.7302105
1663666174670	9.928121	0.0035892338	-2.868097
1663666174676	10.017851	0.13878371	-2.7326035
1663666174680	9.950852	0.10289137	-2.3222344
1663666174685	10.060922	-0.0634098	-1.8589242
1663666174690	10.237094	0.08733802	-1.7895322
1663666174766	10.086046	0.24675983	-2.501696
1663666174784	10.044172	-0.24765715	-3.2210383
1663666174800	10.256236	-0.8967103	-3.4546378
1663666174815	10.129117	-0.689432	-3.9454653
1663666174832	9.760623	0.3687938	-4.6552362
1663666174845	9.402596	1.1036894	-5.3327045
1663666174860	8.926126	1.3683954	-5.1939206
1663666174874	8.468798	1.5801603	-4.261318
1663666174892	8.079964	1.751247	-3.0391839
1663666174908	8.090732	1.9609182	-2.0647068
1663666174974	8.077571	2.3030918	-2.1364915
1663666174984	7.8164544	2.1284158	-2.798705
1663666174992	7.687242	1.6782659	-3.5551362
1663666175002	7.8296146	1.2592229	-4.023232
1663666175012	8.447262	1.0689936	-4.098606
1663666175023	9.174082	1.076172	-3.8099718
1663666175035	9.568898	1.2017952	-3.551547
1663666175046	9.37149	1.2747762	-3.498905
1663666175054	8.890233	1.3815559	-3.3266218
1663666175076	8.556435	1.4916258	-2.815455
1663666175161	8.560024	1.5119648	-2.129313
1663666175173	9.026625	1.5011971	-1.5690935
1663666175184	9.363115	1.3513466	-1.5738791
1663666175194	9.404989	1.0869397	-2.2384856
1663666175204	9.019445	0.7648059	-2.7556343
1663666175214	8.776574	0.4848457	-2.8812575
1663666175256	8.883055	0.2742773	-2.469393
1663666175270	9.019445	0.101694964	-1.8756739
1663666175284	9.253045	0.15314065	-1.332204
1663666175294	9.783355	0.40827537	-0.83060855
1663666175305	10.387841	0.64995044	-0.40917268
1663666175375	10.847563	0.887139	-0.3469593
1663666175387	10.265807	1.2329018	-1.4027922
1663666175399	10.637891	1.0749756	-2.3018954
1663666175411	10.380663	0.90388876	-2.9650064
1663666175462	10.269397	1.2675978	-2.7520452
1663666175474	10.240683	1.9322042	-2.8465617
1663666175483	10.365109	2.143969	-4.4745784
1663666175494	10.363914	1.7871394	-6.315556
1663666175505	10.338788	1.5622141	-6.148059
1663666175513	10.143475	1.3214363	-4.7856455
1663666175525	9.858728	0.68464637	-2.8393831
1663666175536	9.784551	0.2670988	-1.0941181
1663666175552	9.637392	-0.034695927	-0.92273223
1663666175564	8.723932	-0.41545382	-2.062314
1663666175571	7.9112697	-0.67148584	-2.9626136
1663666175656	7.9351983	-0.52552366	-4.115356
1663666175667	7.871489	-0.25603202	-4.357031
1663666175676	7.9013996	-0.23928227	-3.9454653
1663666175686	8.151749	-0.26919255	-3.551547
1663666175695	8.866305	-0.15074782	-3.1719856
1663666175735	9.65175	-0.08733802	-3.0284162
1663666175746	9.880263	-0.13878371	-3.4223347
1663666175755	9.752248	-0.19860429	-4.095017
1663666175771	9.676874	-0.32303107	-3.97059
1663666175779	9.782158	-0.25244278	-2.996113
1663666175789	9.615857	-0.13878371	-2.184647
1663666175850	9.159725	-0.17108682	-2.248057
1663666175864	9.075976	-0.38673997	-2.656033
1663666175877	8.548059	-0.6260222	-3.39721
1663666175887	8.302496	-0.74446696	-3.638885
1663666175896	8.45803	-0.58534425	-3.4055848
1663666175958	8.856734	-0.33050862	-2.7290142
1663666175973	9.348758	-0.07537391	-1.8804595
1663666175985	9.640982	0.08733802	-1.4889339
1663666175996	9.568898	0.24795625	-2.0276182
1663666176007	9.471989	0.39870408	-2.8489544
1663666176029	9.521041	0.4860421	-3.3170505
1663666176041	9.864711	0.520738	-3.1660035
1663666176049	10.265807	0.5087739	-2.6333013
1663666176061	10.478768	0.48006004	-2.09701
1663666176074	10.686944	0.40588254	-1.588236
1663666176181	10.685748	0.43698925	-1.9642082
1663666176193	10.4261265	0.2551347	-2.9817562
1663666176202	10.401002	-0.69541407	-3.2545378
1663666176211	10.336395	-1.3202399	-3.3338
1663666176220	10.216755	-0.6774679	-4.0088754
1663666176264	10.051351	0.20817557	-5.299205
1663666176270	9.510274	0.8488538	-5.819943
1663666176276	8.799306	1.3624134	-5.2836514
1663666176282	8.150552	1.5191432	-3.760919
1663666176288	7.800901	1.9154545	-2.0108683
1663666176295	7.3292155	2.2995026	-1.6387844
1663666176385	7.0002027	2.2277179	-2.5998018
1663666176397	7.064809	1.8553349	-3.659224
1663666176408	7.430013	1.4808581	-4.3414774
1663666176420	8.167302	1.3600205	-4.4805603
1663666176430	9.126225	1.3334004	-4.037589
1663666176442	9.450453	1.0546366	-3.6460636
1663666176454	9.245867	0.84167534	-3.7597225
1663666176466	8.829216	0.64636123	-3.0690942
1663666176476	8.82802	0.79501534	-2.3102703
1663666176486	9.378669	1.0474582	-1.8565313
1663666176526	9.32124	0.84406817	-2.009672
1663666176536	9.139386	0.92662054	-2.6045876
1663666176551	9.114262	1.2293127	-2.9482565
1663666176569	8.767003	1.311865	-2.8657043
1663666176574	8.507381	0.9828519	-2.079064
1663666176665	8.769396	0.6643074	-1.5056837
1663666176674	9.036494	0.33529428	-1.224527
1663666176686	9.298509	0.18544376	-1.3597214
1663666176699	10.027422	0.43579283	-1.3130615
1663666176710	10.617552	0.8775677	-0.77677006
1663666176720	10.667802	1.2723835	-0.5063811
1663666176772	10.709676	1.4174483	-0.74446696
1663666176780	10.842776	0.9445667	-1.7165512
1663666176789	10.840384	1.2711871	-3.8339
1663666176795	10.826027	2.4418755	-5.634499
1663666176801	10.460822	2.841776	-7.6776705
1663666176805	9.38465	1.3815559	-8.210373
1663666176808	8.978767	0.4010969	-6.7728844
1663666176818	9.416953	-0.05742774	-3.7896328
1663666176844	9.80489	-0.31944183	-0.89760756
1663666176860	9.021839	-0.8437691	0.35563326
1663666176894	8.395817	-0.71694946	-0.90119684
1663666176901	7.7554374	-0.5171488	-2.9937203
1663666176915	7.245467	-0.5985048	-4.508078
1663666176936	7.3642106	-0.4645067	-5.101797
1663666176960	8.685647	0.11485548	-4.627719
1663666176979	10.070493	0.38673997	-3.478566
1663666176995	10.804492	0.3580261	-2.5938199
1663666177022	10.69173	0.09212367	-2.795116
1663666177033	10.155738	-0.2416751	-3.429513
1663666177056	9.513863	-0.49920264	-3.9107695
1663666177074	8.976375	-0.5721837	-3.9454653
1663666177092	8.667701	-0.62721866	-3.4689946
1663666177111	8.455637	-0.6667002	-2.6452653
1663666177127	8.640183	-0.5721837	-1.9438694
1663666177146	8.635398	-0.27158538	-2.079064
1663666177175	8.647362	0.02871387	-2.300699
1663666177194	8.901001	0.21535404	-2.4323041
1663666177227	9.1872425	0.34486556	-2.57707
1663666177240	9.440882	0.37956148	-2.6153553
1663666177255	9.760623	0.31136605	-2.6273193
1663666177262	9.97478	0.19980069	-2.626123
1663666177287	9.913763	0.06460621	-2.43709
1663666177304	9.858728	-0.11006984	-2.243271
1663666177325	9.972387	-0.104087785	-2.1101704
1663666177361	10.203594	0.23718855	-2.2851455
1663666177370	10.50509	0.8344969	-2.9219356
1663666177378	10.668998	0.9601201	-3.8303108
1663666177397	11.13829	-0.0071784677	-3.8027935
1663666177421	11.288141	-0.5554339	-3.0978081
1663666177449	10.345967	-0.16151553	-4.1201415
1663666177457	9.501899	0.6128617	-5.8474603
1663666177474	8.576774	0.9170493	-5.5408797
1663666177493	7.888239	0.91346	-4.34746
1663666177511	7.7650084	1.2484552	-2.7314072
1663666177532	7.833204	1.7548363	-1.2568301
1663666177566	7.904989	1.8984057	-1.0016954
1663666177570	7.908578	1.582553	-2.001297
1663666177590	7.9818583	1.1300105	-3.2952158
1663666177608	8.182856	0.93738824	-4.453043
1663666177628	8.570791	0.9302098	-5.3769717
1663666177656	8.784949	1.0019945	-5.843871
1663666177677	8.795717	1.1407782	-5.311169
1663666177692	8.767003	1.1706885	-3.8374894
1663666177709	8.947661	1.1060823	-2.030011
1663666177727	9.242277	1.1012967	-0.8497511
1663666177743	9.365508	0.9768698	-0.67387867
1663666177771	9.206385	0.70618176	-1.3944174
1663666177789	8.886644	0.4034897	-2.225325
1663666177802	8.667701	0.32093734	-2.7496524
1663666177828	8.707183	0.3376871	-2.6679974
1663666177846	8.936893	0.29222345	-2.2277179
1663666177859	9.12144	0.29461628	-1.7967107
1663666177878	9.512667	0.43459642	-1.3920245
1663666177898	10.214361	0.5315057	-0.85214394
1663666177914	10.829617	0.622433	-0.5303093
1663666177934	11.164612	0.72053874	-0.7959126
1663666177959	11.468799	0.83688974	-1.6435701
1663666177978	11.572886	1.4270196	-2.8393831
1663666177994	11.244771	2.481656	-4.0148573
1663666178021	10.963614	2.7305098	-6.116952
1663666178041	10.223933	1.7835501	-7.7410803
1663666178060	9.375079	1.0259227	-7.18445
1663666178080	8.936893	0.27667013	-5.0276194
1663666178095	8.835198	-0.31944183	-2.2277179
1663666178109	8.733503	-0.6643074	-0.51475596
1663666178129	8.503793	-1.0402796	-0.33379877
1663666178148	7.859525	-1.1431711	-1.3920245
1663666178165	7.463513	-1.049851	-2.6225336
1663666178190	7.855936	-0.77796644	-3.9131622
1663666178208	8.878269	-0.34486556	-4.753342
1663666178227	10.029816	0.09451649	-4.8095737
1663666178245	10.421341	0.32452658	-4.599005
1663666178263	9.926924	0.33529428	-4.0974097
1663666178281	9.393025	0.2335993	-3.3960135
1663666178300	8.990732	0.096909314	-2.9973094
1663666178348	8.648559	-0.2009971	-2.8716862
1663666178355	8.536096	-0.49082774	-2.864508
1663666178362	8.62822	-0.6619146	-2.6129622
1663666178379	8.665308	-0.67148584	-2.3186452
1663666178400	8.820842	-0.6128617	-2.333002
1663666178426	9.18485	-0.5051847	-2.3306093
1663666178449	9.517452	-0.27876383	-2.379662
1663666178458	9.621839	-0.019142581	-2.6285157
1663666178474	9.643374	0.29341987	-2.9135606
1663666178495	9.58804	0.63918275	-2.955435
1663666178513	9.389436	0.86560357	-2.862115
1663666178542	9.263813	0.7576275	-2.658426
1663666178560	9.543773	0.4776672	-2.2217357
1663666178573	9.975977	0.19501504	-1.6495521
1663666178590	10.405787	0.11844472	-1.5104693
1663666178610	10.736296	0.18305093	-1.8158532
1663666178629	10.588839	0.19501504	-2.8776684
1663666178650	10.277771	-0.5315057	-3.7657046
1663666178675	10.179666	-1.5370895	-3.618546
1663666178692	9.999905	-1.3501502	-3.6257246
1663666178709	10.288539	0.02751746	-4.412066
1663666178725	10.414163	0.7938189	-4.822734
1663666178743	9.905389	1.1288141	-4.6229334
1663666178763	9.081959	1.474876	-3.4953158
1663666178792	8.039286	1.8888344	-2.4239295
1663666178812	7.331609	2.2061825	-2.3341985
1663666178828	6.987042	2.1224337	-2.6715865
1663666178843	6.8482585	1.5119648	-3.35055
1663666178858	6.9009004	0.78873414	-3.9873397
1663666178879	7.402496	0.4106682	-4.336692
1663666178898	8.277371	0.24197419	-4.153641
1663666178926	9.180064	0.2551347	-3.9143589
1663666178943	9.654142	0.52911294	-4.0615172
1663666178961	9.345169	0.8356933	-3.7501514
1663666178977	9.250652	1.1240284	-3.1193435
1663666178995	9.58804	1.2221341	-2.204986
1663666179012	9.61825	1.1766706	-1.785943
1663666179032	9.602696	1.355235	-1.8349959
1663666179060	9.328419	1.6244274	-2.2145574
1663666179077	8.936893	1.3600205	-2.309074
1663666179093	8.653344	0.73369926	-2.3389843
1663666179110	8.689237	0.09092726	-2.2636101
1663666179128	8.95125	-0.24526432	-1.9510478
1663666179148	9.115458	-0.41545382	-1.623231
1663666179167	9.656535	-0.3472584	-1.2628121
1663666179186	10.729117	-0.032303106	-0.5243273
1663666179212	10.950454	0.3376871	0.24795625
1663666179228	12.1713915	0.77796644	0.08883354
1663666179252	12.056536	1.0223335	-2.0443678
1663666179265	11.330015	1.8361923	-5.0455656
1663666179283	10.952847	2.9578278	-7.559226
1663666179312	10.13151	2.4119651	-8.836395
1663666179326	8.7622175	0.69900334	-7.574779
1663666179345	8.356335	-0.13519448	-5.461917
1663666179363	8.818449	-0.50039905	-2.3521447
1663666179380	9.415757	-0.6619146	0.2228316
1663666179398	9.257831	-0.6619146	0.7375876
1663666179416	7.847561	-0.92303133	-0.45104706
1663666179445	7.72792	-0.9098708	-2.7026932
1663666179464	8.381459	-0.44775695	-4.855037
1663666179476	8.829216	0.05503492	-6.0711894
1663666179495	8.920144	0.076570325	-6.468697
1663666179516	8.744271	0.05383851	-5.776872
1663666179533	8.898608	-0.1052842	-3.8820555
1663666179562	9.172886	-0.39511484	-1.9187447
1663666179576	9.245867	-0.70259255	-1.1934203
1663666179593	9.105886	-0.974477	-1.5248263
1663666179616	8.788539	-1.0043873	-2.288735
1663666179630	8.611469	-0.8353942	-2.7278178
1663666179655	8.765806	-0.6236294	-2.9183464
1663666179667	9.060423	-0.30867413	-3.036791
1663666179698	9.48156	0.19740787	-3.3254254
1663666179715	9.808479	0.6008976	-3.2976086
1663666179732	9.907782	0.60807604	-2.896811
1663666179750	9.97837	0.32452658	-2.0563319
1663666179766	9.865907	-0.13040884	-1.608575
1663666179783	9.666106	-0.40468612	-1.9103698
1663666179810	9.549755	-0.47048876	-2.524428
1663666179822	9.684052	-0.52193445	-2.9973094
1663666179846	9.99153	-0.41784665	-3.0391839
1663666179861	9.972387	-0.19501504	-2.754438
1663666179879	9.85155	0.20937198	-2.4239295
1663666179900	9.990334	0.5518447	-2.2947168
1663666179917	10.342378	0.7516454	-2.8573294
1663666179946	10.439287	0.0741775	-2.923132
1663666179964	10.389038	-0.38554356	-3.0260234
1663666179980	9.796515	-0.04426722	-3.6161532
1663666179998	9.056833	0.2431706	-4.145266
1663666180021	8.703593	0.13280165	-4.442275
1663666180034	8.799306	0.24556342	-4.185944
1663666180054	9.190832	0.73130643	-3.3349965
1663666180080	9.257831	1.442573	-2.603391
1663666180097	8.847162	1.5394822	-2.0024934
1663666180114	8.416156	1.7404794	-3.0463624
1663666180131	7.550851	1.4509479	-3.6723845
1663666180150	7.3606215	1.2352947	-4.031607
1663666180168	7.8643107	1.1623136	-3.929912
1663666180186	8.670094	0.97806627	-3.399603
1663666180216	9.366704	0.93260264	-2.8393831
1663666180230	9.803694	1.0307083	-2.864508
1663666180245	9.54138	1.1467602	-3.6257246
1663666180265	8.6090765	0.85842514	-3.87727
1663666180284	8.536096	0.5913263	-3.5647075
1663666180317	8.9057865	0.8105687	-3.313461
1663666180330	8.98475	1.3082758	-2.676372
1663666180348	9.219545	1.5981064	-1.8337995
1663666180365	9.378669	1.5813566	-1.474577
1663666180384	9.108279	1.049851	-1.7464614
1663666180404	8.604291	0.43579283	-1.9869401
1663666180419	8.761021	0.38434714	-2.0479572
1663666180439	9.396614	0.53389853	-1.9701903
1663666180467	9.954441	0.71336025	-1.6926229
1663666180484	10.561321	0.8787641	-1.0737791
1663666180501	10.95165	1.1084751	-0.61884373
1663666180515	11.60519	1.0223335	-0.74566334
1663666180535	12.273087	1.1599208	-1.5439688
1663666180554	11.722438	1.6268203	-3.3672996
1663666180580	10.470394	1.9561325	-4.8394837
1663666180595	9.395418	1.3010973	-6.2174506
1663666180614	8.612666	0.09092726	-6.88774
1663666180631	8.1840515	-0.65353966	-6.457929
1663666180652	8.168498	-1.2855439	-4.822734
1663666180669	8.303693	-1.4362918	-3.0056844
1663666180697	7.9037924	-1.3657036	-1.608575
1663666180714	8.024929	-1.0785648	-1.4063815
1663666180732	8.313264	-0.7372885	-2.2025933
1663666180749	8.733503	-0.20458634	-2.8800611
1663666180769	9.824033	0.6667002	-3.0607193
1663666180785	10.99831	1.1611172	-2.780759
1663666180802	11.253146	0.71336025	-2.5639095
1663666180848	10.463215	0.07058827	-2.7616165
1663666181010	9.457631	-0.41545382	-3.3373895
1663666181028	8.697611	-1.055833	-3.996911
1663666181043	8.221141	-1.4772689	-4.4913282
1663666181056	8.095517	-1.4533406	-4.487739
1663666181069	8.414959	-1.1551352	-3.7812579
1663666181085	8.892626	-0.61405814	-2.6009982
1663666181098	9.109476	-0.1052842	-1.5858432
1663666181111	9.333204	0.17108682	-1.1503495
1663666181124	9.457631	0.17467605	-1.3657036
1663666181137	9.449257	0.11246266	-2.1352952
1663666181211	9.523434	0.25752753	-3.0020952
1663666181230	9.537791	0.30418757	-3.498905
1663666181245	9.342776	0.40827537	-3.2425737
1663666181260	9.06162	0.41545382	-2.626123
1663666181274	9.038888	0.34606197	-2.1424735
1663666181291	9.5868435	0.4728816	-2.0240288
1663666181304	10.405787	0.70977104	-2.015654
1663666181312	10.845169	0.90388876	-2.1065812
1663666181319	10.974382	0.9553344	-2.748456
1663666181329	11.043774	0.34486556	-3.1516466
1663666181336	11.097612	-1.0689936	-2.4311078
1663666181343	10.410573	-1.4928222	-2.382055
1663666181350	9.605089	-0.49441698	-4.034
1663666181413	9.128618	0.021535404	-5.2896338
1663666181425	8.459227	0.059820566	-5.306383
1663666181438	7.754241	0.2754737	-4.4949174
1663666181448	7.3136625	0.6260222	-3.219842
1663666181459	7.3435726	1.2209377	-2.2935205
1663666181471	7.5053873	1.3636098	-1.8780667
1663666181481	7.8894353	1.0510473	-2.3222344
1663666181488	8.313264	0.5422734	-3.2090743
1663666181495	8.814859	0.10289137	-3.946662
1663666181518	9.685248	0.08135597	-4.2014976
1663666181531	10.332807	0.5159524	-3.8147576
1663666181539	10.053743	0.91106725	-3.5467613
1663666181558	9.473185	1.1001002	-3.399603
1663666181611	9.108279	1.1096715	-2.91715
1663666181623	9.141779	1.1479566	-2.3581266
1663666181634	9.225528	1.16351	-1.9247267
1663666181642	9.223135	1.1443675	-1.7141583
1663666181653	9.2075815	0.9804591	-1.901995
1663666181777	9.089137	0.6308079	-2.353341
1663666181789	8.95484	0.12323037	-2.3509483
1663666181799	9.089137	0.07178468	-1.9354944
1663666181807	9.298509	0.24675983	-1.5104693
1663666181817	9.747462	0.24556342	-1.3094722
1663666181828	10.005887	-0.040677983	-1.4315062
1663666181838	10.23829	-0.020338992	-1.3034902
1663666181849	10.942079	0.7755736	-1.5284154
1663666181860	11.292927	1.8984057	-2.7206392
1663666181871	11.10838	1.9776679	-4.54397
1663666181879	9.837193	2.260021	-6.504589
1663666181958	8.350353	1.6519449	-7.1377897
1663666181969	7.9627156	0.7683952	-7.015756
1663666181981	7.967501	-0.21894327	-5.398507
1663666181991	8.88784	-0.74566334	-2.626123
1663666182002	9.953245	-1.0055838	-0.63559353
1663666182012	9.958031	-1.4015958	-0.97178507
1663666182021	8.968	-1.6674982	-2.5746772
1663666182031	8.199605	-1.5323038	-3.6556349
1663666182042	7.980662	-1.076172	-4.095017
1663666182053	8.079964	-0.56380886	-4.12732
1663666182210	8.558827	-0.22253251	-3.9011981
1663666182230	9.212367	0.02871387	-3.4965122
1663666182245	9.798908	0.10887343	-3.498905
1663666182259	10.031012	0.06460621	-3.8291144
1663666182273	9.863514	-0.1160519	-3.9801614
1663666182288	9.562916	-0.3400799	-3.856632
1663666182301	9.357133	-0.53389853	-3.4211383
1663666182313	9.131011	-0.6858428	-3.0906296
1663666182325	8.823235	-0.7648059	-3.1815567
1663666182336	8.600702	-0.78873414	-3.598207
1663666182347	8.500203	-0.7540382	-3.9155552
1663666182359	8.562417	-0.59970117	-3.897609
1663666182369	8.816056	-0.21535404	-3.5694933
1663666182410	9.119047	0.2009971	-3.0846474
1663666182425	9.503095	0.4549354	-2.6955147
1663666182438	9.913763	0.6798607	-2.5555346
1663666182453	10.329217	0.9062816	-2.6273193
1663666182466	10.539785	0.95772725	-2.990131
1663666182478	10.456037	0.96490574	-3.4965122
1663666182492	10.062119	0.6798607	-3.675974
1663666182506	9.54497	-0.019142581	-3.4761732
1663666182549	9.056833	-0.5027919	-3.240181
1663666182560	8.692825	-0.48245287	-3.4019957
1663666182566	8.519346	-0.52911294	-3.9430726
1663666182572	8.472686	-0.7157531	-4.4024944
1663666182577	8.495418	-0.5087739	-4.5559344
1663666182610	8.697611	0.083748795	-4.2948174
1663666182626	9.135797	0.8787641	-3.4426737
1663666182637	9.47797	1.5622141	-2.4670002
1663666182650	9.391829	1.8254246	-2.3318057
1663666182661	8.957232	1.7285153	-2.9650064
1663666182776	8.662915	1.5502499	-3.5503507
1663666182789	8.643773	1.2783655	-3.7094734
1663666182801	8.804091	0.7815557	-3.5551362
1663666182813	9.036494	0.19262223	-3.1863425
1663666182824	9.053245	-0.18185452	-2.902793
1663666182836	8.898608	-0.31585258	-2.9099715
1663666182848	8.667701	-0.1591227	-3.315854
1663666182859	8.606684	0.33529428	-3.7034912
1663666182872	8.740682	0.94695956	-3.7489548
1663666182882	8.934501	1.4102699	-3.4546378
1663666182890	9.108279	1.7225332	-2.955435
1663666183012	9.127422	1.6710875	-2.5519454
1663666183027	9.15494	1.338186	-2.400001
1663666183037	9.455238	0.96490574	-2.300699
1663666183050	10.048958	0.7001997	-2.0180469
1663666183063	10.796117	0.4621139	-2.1628125
1663666183075	10.995917	0.1591227	-3.3672996
1663666183085	10.308878	0.0849452	-4.447061
1663666183097	9.500702	0.67387867	-4.4781675
1663666183110	8.76461	1.2352947	-4.436293
1663666183121	8.242676	1.4473586	-4.7808595
1663666183134	8.312068	1.462912	-4.505685
1663666183212	9.109476	1.3755739	-3.1516466
1663666183225	10.07169	1.1802598	-1.5044873
1663666183237	10.283753	0.7049854	-0.98853487
1663666183246	9.718748	0.0849452	-2.0120647
1663666183257	9.188439	-0.16031912	-3.2306097
1663666183271	8.914162	-0.16510476	-3.8590248
1663666183282	8.735896	-0.08135597	-4.1057844
1663666183290	8.732307	0.0741775	-4.28405
1663666183303	8.823235	0.13160525	-4.2457647
1663666183310	8.965608	0.06460621	-3.9514475
1663666183316	9.182457	0.104087785	-3.399603
1663666183323	9.298509	0.2527419	-2.8094728
1663666183411	9.230313	0.34606197	-2.737389
1663666183418	9.079565	0.26949164	-3.0284162
1663666183429	9.012267	0.17826529	-3.301497
1663666183438	9.037691	0.10887343	-3.394817
1663666183449	9.08794	-0.12801601	-3.1875389
1663666183459	9.3308115	1.4066806	-3.0176485
1663666183471	8.330014	-0.4884349	-6.302396
1663666183483	9.225528	-1.3680964	-3.0726833
1663666183494	9.486345	-0.43818563	-2.3712873
1663666183534	9.391829	-0.24765715	-2.6105695
1663666183552	9.640982	-0.0526421	-2.585445
1663666183559	9.434899	0.04546363	-2.8836503
1663666183566	9.138189	-0.04426722	-4.020839
