Timestamp 	 X 	 Y 	 Z 
1662978753992	9.995119	-0.36520454	-0.047856454
1662978754002	9.975977	-0.20458634	-0.6667002
1662978754011	9.649357	-0.37357944	-1.2257234
1662978754015	9.666106	-0.38434714	-0.7253244
1662978754021	9.593125	-0.40827537	-0.8772686
1662978754026	9.772587	-0.17228323	-0.9490533
1662978754034	9.814461	-0.04426722	-0.80548394
1662978754061	9.7654085	-0.11006984	-0.79710907
1662978754082	9.761819	-0.15194423	-0.8557332
1662978754088	9.767801	-0.19740787	-0.80189466
1662978754129	9.808479	-0.27996024	-0.68464637
1662978754135	9.75823	-0.42981076	-0.65952176
1662978754158	9.760623	-0.48963133	-0.5721837
1662978754166	9.832407	-0.41784665	-0.581755
1662978754186	9.766604	-0.43100718	-0.58654064
1662978754202	9.705587	-0.45134616	-0.6858428
1662978754250	9.801301	-0.45613182	-0.73011
1662978754261	9.795319	-0.474078	-0.6332007
1662978754271	9.661321	-0.45134616	-0.8964112
1662978754282	9.800104	-0.19142582	-0.7109674
1662978754322	9.831211	-0.059820566	-0.68345
1662978754333	9.813265	-0.09092726	-0.7827521
1662978754346	9.798908	-0.17826529	-0.84017986
1662978754380	9.737891	-0.27158538	-0.7085746
1662978754391	9.780962	-0.37716866	-0.5925227
1662978754406	9.735498	-0.5602196	-0.5949155
1662978754454	9.7654085	-0.61405814	-0.6200402
1662978754468	9.803694	-0.5494519	-0.56380886
1662978754478	9.778569	-0.45613182	-0.50159544
1662978754486	9.690035	-0.44536412	-0.541077
1662978754513	9.696016	-0.44895336	-0.48095736
1662978754523	9.80489	-0.49082774	-0.42592242
1662978754541	9.82164	-0.60687965	-0.6092725
1662978754551	9.893424	-0.3915256	-0.6367899
1662978754577	9.833604	-0.23449662	-0.5267201
1662978754618	9.719945	-0.16869399	-0.68464637
1662978754628	9.725926	-0.16869399	-0.8102696
1662978754638	9.755837	-0.17826529	-0.7217351
1662978754649	9.802497	-0.2548356	-0.5303093
1662978754683	9.855139	-0.4322036	-0.45583272
1662978754691	9.81805	-0.55064833	-0.541077
1662978754715	9.840782	-0.5590232	-0.5243273
1662978754725	9.835997	-0.5063811	-0.5518447
1662978754743	9.752248	-0.5171488	-0.67387867
1662978754776	9.735498	-0.5159524	-0.73011
1662978754789	9.719945	-0.5422734	-0.669093
1662978754813	9.757033	-0.5482555	-0.74446696
1662978754827	9.776176	-0.38913277	-0.8353942
1662978754843	9.815658	-0.20578274	-0.6236294
1662978754888	9.696016	-0.16630118	-0.60807604
1662978754898	9.639785	-0.18783657	-0.7253244
1662978754906	9.7043915	-0.28953153	-0.75643104
1662978754925	9.780962	-0.44057846	-0.6798607
1662978754945	9.752248	-0.53988063	-0.770788
1662978754982	9.719945	-0.5662017	-0.6367899
1662978754990	9.684052	-0.52313083	-0.32662028
1662978755021	9.768997	-0.41545382	-0.21774685
1662978755038	9.723534	-0.47527438	-0.42831525
1662978755048	9.67807	-0.47886363	-0.5554339
1662978755054	9.642178	-0.4429713	-0.4354937
1662978755075	9.777372	-0.42861435	-0.21894327
1662978755131	9.856336	-0.42741793	-0.15433706
1662978755150	9.917353	-0.33170503	0.12951152
1662978755159	9.725926	-0.30029923	-0.09332009
1662978755167	9.554541	-0.2321038	-0.38404804
1662978755178	9.568898	-0.12203395	-0.52552366
1662978755195	10.017851	-0.02632105	-0.5769694
1662978755209	10.308878	-0.0634098	-0.6619146
1662978755243	10.05494	-0.40468612	-0.36011982
1662978755255	9.783355	-0.75643104	-0.16390835
1662978755297	9.779765	-0.81266236	-0.2416751
1662978755310	9.763016	-0.79471624	-0.49052864
1662978755321	9.749855	-0.5422734	-0.79830545
1662978755330	9.723534	-0.2548356	-0.99930257
1662978755339	9.642178	-0.111266255	-1.082154
1662978755380	9.684052	0.009571291	-1.1874382
1662978755390	9.7247305	-0.029910283	-0.95742816
1662978755426	9.8348	-0.22253251	-0.9287143
1662978755438	9.89821	-0.42502514	-1.0280164
1662978755449	9.871889	-0.474078	-0.99690974
1662978755474	9.897014	-0.5099703	-0.8246265
1662978755484	9.838389	-0.6511469	-0.7468598
1662978755522	9.80489	-0.7851449	-0.63798636
1662978755532	9.813265	-0.95413804	-0.62721866
1662978755566	9.88146	-0.89312106	-0.5554339
1662978755575	9.882657	-0.831805	-0.64995044
1662978755587	9.837193	-0.79471624	-0.70618176
1662978755619	9.723534	-0.8341978	-0.7612167
1662978755630	9.631411	-0.8234301	-1.0411769
1662978755670	9.529416	-0.7372885	-1.1240284
1662978755683	9.460024	-0.6667002	-1.1874382
1662978755690	9.510274	-0.6774679	-1.2771691
1662978755702	9.549755	-0.7289136	-1.1335998
1662978755712	9.655338	-0.79710907	-0.86171526
1662978755749	9.761819	-1.0342976	-0.6367899
1662978755759	9.999905	-1.1012967	-0.5733801
1662978755773	9.934102	-1.2400804	-0.5901299
1662978755806	9.972387	-1.1850454	-0.79950184
1662978755820	9.856336	-1.1300105	-0.6655038
1662978755831	9.5760765	-1.2053844	-0.7013961
1662978755883	9.482756	-1.1718849	-0.83060855
1662978755893	9.444471	-1.1563315	-0.7636095
1662978755903	9.367901	-1.3034902	-0.8234301
1662978755946	9.533006	-1.1132607	-0.8700901
1662978755957	9.546165	-1.1001002	-0.8353942
1662978755970	9.594321	-1.1407782	-0.7612167
1662978755982	9.552148	-1.1934203	-0.6750751
1662978755991	9.640982	-1.3226327	-0.6451648
1662978756010	9.778569	-1.2664014	-0.44506502
1662978756022	9.538987	-1.5753746	-0.35533416
1662978756067	9.409775	-1.9031913	-0.47018966
1662978756077	9.61466	-1.9127626	-0.2416751
1662978756088	9.6529455	-1.8984057	-0.38524446
1662978756124	9.783355	-1.8146569	-0.37806597
1662978756131	9.625428	-1.6507485	-0.63798636
1662978756163	9.525827	-1.5634105	-0.67387867
1662978756172	9.637392	-1.5394822	-0.58893347
1662978756182	9.663713	-1.5382859	-0.7899306
1662978756215	9.753445	-1.4374882	-0.5733801
1662978756225	9.718748	-1.4665012	-0.6092725
1662978756233	9.573684	-1.468894	-0.7612167
1662978756264	9.387043	-1.4087744	-0.9909277
1662978756272	9.263813	-1.3310076	-1.0531411
1662978756281	9.205189	-1.4051851	-0.939482
1662978756324	9.266206	-1.5131612	-0.9107681
1662978756338	9.510274	-1.7033906	-0.4956134
1662978756348	9.874282	-1.9582262	0.016749758
1662978756407	10.13151	-2.1870399	0.21565314
1662978756418	10.0214405	-2.243271	0.2000998
1662978756429	9.954441	-2.12363	-0.09930214
1662978756451	10.552946	-1.9438694	-1.1359925
1662978756462	10.785349	-2.1858435	-1.5750755
1662978756473	10.555339	-2.213361	-0.9239286
1662978756493	11.088041	-1.8074784	-1.2017952
1662978756507	10.484751	-1.6603198	-1.6121643
1662978756562	9.812068	-1.3393825	-1.244866
1662978756576	9.434899	-0.9804591	-1.3022938
1662978756588	9.430114	-0.45732823	-1.8481563
1662978756602	9.837193	0.049052864	-1.9055841
1662978756611	10.126724	0.09212367	-1.9845473
1662978756621	9.530613	-0.30987054	-1.9845473
1662978756628	9.626625	-0.31106696	-1.9630119
1662978756690	9.595518	-0.41545382	-2.0072792
1662978756700	9.703195	-0.2847459	-2.2636101
1662978756709	9.862318	0.083748795	-2.2205393
1662978756735	9.830014	0.31615168	-2.201397
1662978756743	10.014262	0.36161533	-2.0443678
1662978756773	9.912567	0.23120649	-1.9426728
1662978756791	9.813265	0.48006004	-2.28036
1662978756799	9.717552	0.79860455	-2.2935205
1662978756812	9.701999	0.8021938	-2.2408783
1662978756824	9.450453	0.5733801	-2.71705
1662978756890	9.2590275	0.2970091	-2.7349963
1662978756908	9.227921	0.24197419	-2.2468605
1662978756921	9.218349	0.041874398	-2.2420747
1662978757034	9.394221	-0.17228323	-2.0874386
1662978757048	9.475577	-0.26679972	-1.657927
1662978757058	9.442079	-0.22971097	-1.4015958
1662978757069	9.337991	-0.06460621	-1.4793626
1662978757081	9.221938	0.022731815	-1.6591234
1662978757091	9.192028	0.3915256	-1.7907287
1662978757100	9.183653	0.4728816	-1.8050855
1662978757113	9.255438	0.602094	-1.7021942
1662978757126	9.243474	0.5183452	-2.0395823
1662978757136	9.263813	0.30059835	-2.2504497
1662978757232	9.111869	0.008374879	-1.8481563
1662978757242	9.090333	-0.3472584	-1.2699906
1662978757254	9.315259	-0.6152545	-0.7193423
1662978757264	9.337991	-0.8856435	-0.79830545
1662978757275	9.6122675	-0.8365906	-1.5044873
1662978757285	9.696016	-0.5075775	-2.3569303
1662978757300	9.55813	0.022731815	-2.5351956
1662978757313	9.572487	0.42981076	-2.2815564
1662978757327	9.67807	0.44895336	-2.3509483
1662978757340	9.78814	0.34486556	-2.2528424
1662978757351	9.691231	-0.17587246	-2.210968
1662978757364	9.636196	-0.8880363	-2.4239295
1662978757432	9.841979	-1.2340983	-2.6021945
1662978757443	9.640982	-1.4593227	-2.7711878
1662978757454	9.5760765	-1.3034902	-3.124129
1662978757464	9.61825	-0.9625129	-3.2174492
1662978757481	9.509077	-0.62482584	-3.292823
1662978757491	9.534202	-0.4118646	-3.0523443
1662978757500	9.580862	-0.32422748	-2.6069803
1662978757514	9.7043915	-0.44536412	-2.0515463
1662978757526	9.8348	-0.72771716	-1.7632111
1662978757565	9.753445	-1.1204392	-1.7237296
1662978757579	9.548559	-1.495215	-1.8266209
1662978757591	9.225528	-1.759622	-2.1077776
1662978757602	9.314062	-1.5167505	-2.6751757
1662978757630	9.270991	-1.3393825	-2.8381867
1662978757641	9.390633	-1.2065809	-2.656033
1662978757649	9.444471	-1.2340983	-2.4849463
1662978757659	9.48156	-1.2795619	-2.4454648
1662978757691	9.491131	-1.358525	-2.5040889
1662978757702	9.524631	-1.4219348	-2.544767
1662978757712	9.6326065	-1.4063815	-2.4586253
1662978757774	9.623035	-1.372882	-2.3557339
1662978757787	9.503095	-1.3453646	-2.449054
1662978757796	9.393025	-1.311865	-2.6009982
1662978757804	9.323633	-1.2675978	-2.7592237
1662978757815	9.479167	-1.1886346	-2.6596224
1662978757827	9.540184	-1.11685	-2.629712
1662978757841	9.517452	-1.0606186	-2.5627131
1662978757893	9.382257	-1.1455638	-2.4717858
1662978757907	9.263813	-1.16351	-2.5292134
1662978757916	9.205189	-1.1778669	-2.6201408
1662978758033	9.078369	-1.1826526	-2.5818555
1662978758049	9.052048	-1.1527423	-2.510071
1662978758058	9.0747795	-1.1252248	-2.4263222
1662978758070	9.113065	-1.0953146	-2.4071796
1662978758081	9.272188	-1.0390832	-2.440679
1662978758091	9.29492	-1.1072787	-2.528017
1662978758101	9.265009	-1.2077773	-2.8058836
1662978758115	9.5557375	-1.1587243	-2.8322048
1662978758128	9.938888	-1.1647065	-2.6333013
1662978758141	10.383056	-0.9517452	-2.1125634
1662978758148	10.363914	-0.71694946	-1.5559329
1662978758235	9.981958	-0.48245287	-1.4159528
1662978758251	10.062119	-0.30867413	-1.0642079
1662978758258	10.363914	-0.29910284	-1.0857433
1662978758272	10.7351	-0.35443684	-1.1036894
1662978758285	10.537393	-0.43818563	-0.8676973
1662978758300	10.34836	-0.3278167	-0.52911294
1662978758309	10.258629	0.062213387	-0.541077
1662978758322	10.253843	0.44057846	-0.55064833
1662978758334	10.278968	0.7492526	-0.26799613
1662978758348	10.0214405	0.8321041	-0.19621146
1662978758361	9.46481	0.602094	-0.18185452
1662978758425	9.211171	0.4441677	-0.11724831
1662978758436	9.223135	0.4118646	-0.23090738
1662978758449	9.493524	0.4322036	-0.2428715
1662978758458	9.722338	0.29102704	0.049052864
1662978758468	10.015458	0.19501504	0.28145576
1662978758478	10.046565	-0.032303106	0.37477586
1662978758494	9.875478	-0.22492532	0.3711866
1662978758508	9.7043915	-0.19621146	0.14985052
1662978758517	9.495916	0.09810573	-0.07058827
1662978758526	9.381062	0.39631125	-0.11246266
1662978758570	9.347562	0.5267201	-0.2213361
1662978758582	9.521041	0.5494519	-0.2440679
1662978758590	9.61825	0.4645067	-0.2955136
1662978758636	9.509077	0.23718855	-0.34217364
1662978758650	9.531809	0.08135597	-0.29072794
1662978758659	9.657731	0.05383851	-0.28953153
1662978758675	9.773783	0.15792629	-0.32542387
1662978758689	9.78814	0.24795625	-0.32542387
1662978758701	9.634999	0.25872394	-0.30029923
1662978758714	9.51147	0.15314065	-0.3481557
1662978758774	9.548559	-0.023928227	-0.29072794
1662978758785	9.688838	-0.019142581	-0.32422748
1662978758793	9.583255	-0.0071784677	-0.29910284
1662978758801	9.597911	0.06819545	-0.44985065
1662978758815	9.507881	0.062213387	-0.32303107
1662978758829	9.420543	-0.076570325	-0.3278167
1662978758840	9.516255	-0.29312077	-0.2847459
1662978758885	9.662517	-0.3580261	-0.4235296
1662978758903	9.710373	-0.041874398	-0.7743772
1662978758925	9.529416	0.16869399	-0.8856435
1662978758937	9.503095	0.16390835	-0.9981061
1662978759034	9.686445	0.019142581	-0.7935198
1662978759047	9.960423	-0.13519448	-0.63918275
1662978759055	10.247861	-0.29312077	-0.5267201
1662978759064	10.410573	-0.27158538	-0.63559353
1662978759079	10.816456	-0.21774685	-0.4319045
1662978759090	10.70489	-0.39391842	-0.44506502
1662978759102	10.105189	-0.5183452	-0.6523433
1662978759113	9.692428	-0.5602196	-0.520738
1662978759127	9.445667	-0.61405814	-0.2416751
1662978759142	9.397811	-0.7743772	-0.2321038
1662978759205	9.536594	-0.81984085	-0.5135596
1662978759218	10.133903	-0.29790643	-0.62482584
1662978759241	10.161719	-0.27517462	-0.6870392
1662978759253	9.961619	-0.51475596	-0.5925227
1662978759265	9.474381	-0.74207413	-0.69541407
1662978759276	9.37149	-0.77796644	-0.939482
1662978759290	9.211171	-1.0917253	-0.8772686
1662978759301	9.297313	-1.183849	-0.78634137
1662978759313	9.595518	-1.1084751	-0.56500524
1662978759328	9.733106	-1.1575279	-0.2739782
1662978759343	9.833604	-1.3166506	0.051445685
1662978759434	9.936495	-1.4904294	0.21565314
1662978759447	9.977173	-1.5299109	0.31375888
1662978759459	9.883853	-1.5215361	0.14626129
1662978759469	9.682856	-1.3716856	-0.30508488
1662978759478	9.992726	-0.817448	-0.50039905
1662978759490	9.792926	-0.73369926	-0.5602196
1662978759502	9.808479	-0.8341978	-0.4968098
1662978759514	9.77139	-1.0941181	-0.5075775
1662978759528	9.819247	-1.1252248	-0.49800622
1662978759541	9.742677	-1.1802598	-0.49292147
1662978759577	9.542577	-1.2987045	-0.4354937
1662978759590	9.630214	-1.3238292	-0.424726
1662978759602	9.580862	-1.4015958	-0.465404
1662978759634	9.655338	-1.3764713	-0.5075775
1662978759646	9.735498	-1.3274183	-0.4534399
1662978759658	9.810872	-1.3214363	-0.30149564
1662978759669	9.928121	-1.2819548	-0.276371
1662978759691	9.8886385	-1.4003994	-0.22731815
1662978759703	9.900602	-1.2795619	-0.63559353
1662978759712	10.167702	-1.0319048	-0.5721837
1662978759737	10.2347	-1.2161521	-0.89760756
1662978759774	9.959227	-1.3405789	-1.076172
1662978759786	9.794122	-0.99960166	-0.64995044
1662978759796	9.736694	-0.68464637	-0.30867413
1662978759815	9.382257	-0.61884373	-0.32542387
1662978759826	9.500702	-0.57457656	-0.6152545
1662978759837	9.715159	-0.69302124	-0.6415756
1662978759881	9.84796	-0.7157531	-0.42711884
1662978759892	9.901799	-0.72053874	-0.40677986
1662978759921	9.826426	-0.70977104	-0.46779683
1662978759933	9.571291	-0.76600236	-0.5063811
1662978759942	9.434899	-0.91226363	-0.52911294
1662978760035	9.730712	-0.5267201	-0.80787677
1662978760047	9.699606	-0.28953153	-0.5949155
1662978760059	9.643374	-0.26679972	-0.5721837
1662978760072	9.636196	-0.30149564	-0.47258246
1662978760085	9.727123	-0.33290145	-0.3469593
1662978760096	9.949656	-0.4010969	-0.124426775
1662978760108	9.819247	-0.73369926	0.16061822
1662978760132	9.822836	-0.72771716	0.02632105
1662978760143	9.77498	-0.7827521	0.08883354
1662978760155	9.613464	-0.7181459	0.032303106
1662978760234	9.78814	-0.5063811	-0.049052864
1662978760245	9.925728	-0.3580261	-0.011964113
1662978760253	9.739087	-0.38793638	0.18693927
1662978760259	9.6122675	-0.5626124	0.23001008
1662978760265	9.660124	-0.474078	-0.09212367
1662978760268	9.830014	-0.392722	0.23479572
1662978760287	9.740284	-0.49202415	0.02871387
1662978760293	9.736694	-0.50398827	-0.05503492
1662978760304	9.7450695	-0.4226323	-0.19621146
1662978760316	9.891031	-0.38554356	-0.076570325
1662978760434	9.886246	-0.53629136	0.06460621
1662978760450	9.740284	-0.6308079	-0.124426775
1662978760461	9.807282	-0.66071814	-0.14237295
1662978760470	9.67807	-0.78753775	-0.11365908
1662978760481	9.7043915	-0.77796644	-0.20578274
1662978760493	9.736694	-0.7289136	-0.17467605
1662978760504	9.733106	-0.68464637	-0.10049855
1662978760519	9.785748	-0.67148584	-0.08973085
1662978760527	9.906585	-0.6128617	-0.18065812
1662978760537	9.924531	-0.3699902	-0.24047868
1662978760549	9.863514	-0.40707895	-0.17347965
1662978760585	9.798908	-0.48006004	-0.13998012
1662978760594	9.631411	-0.58534425	-0.31106696
1662978760631	9.672089	-0.61764735	-0.24526432
1662978760641	9.831211	-0.73489565	-0.032303106
1662978760649	9.723534	-0.84855473	-0.23330021
1662978760683	9.875478	-0.72293156	-0.27158538
1662978760698	9.68166	-0.82941216	-0.22492532
1662978760740	9.636196	-0.8641081	-0.33379877
1662978760751	9.721141	-0.80907315	-0.36610186
1662978760760	9.780962	-0.78035927	-0.30388847
1662978760787	9.800104	-0.85094756	-0.20458634
1662978760796	9.930513	-0.9696914	-0.12323037
1662978760807	9.857532	-0.57577294	-0.4211368
1662978760818	9.778569	-0.54466623	-0.14596218
1662978760830	9.657731	-0.61884373	-0.11365908
1662978760841	9.6122675	-0.7157531	-0.18065812
1662978760881	9.666106	-0.811466	-0.08853444
1662978760892	9.785748	-0.9696914	0.07806584
1662978760942	9.706784	-1.1886346	0.06610172
1662978760954	9.875478	-1.0438689	-0.013160525
1662978760963	9.800104	-1.0139586	-0.07537391
1662978761034	9.77139	-0.9409775	-0.29790643
1662978761048	9.871889	-0.7851449	-0.38524446
1662978761061	9.877871	-0.7648059	-0.2943172
1662978761074	9.770194	-0.7576275	-0.2835495
1662978761084	9.964012	-0.8365906	-0.11724831
1662978761094	9.718748	-0.62123656	-0.6858428
1662978761109	9.742677	-0.5554339	-0.31585258
1662978761132	9.666106	-0.6726823	-0.37088752
1662978761144	9.723534	-0.70618176	-0.37447673
1662978761158	9.84796	-0.71455663	-0.27756742
1662978761170	9.996316	-0.77318084	-0.08733802
1662978761236	9.768997	-0.9840483	-0.013160525
1662978761251	9.687641	-0.95653087	-0.106480606
1662978761260	9.593125	-0.9445667	-0.14955142
1662978761269	9.603892	-0.9062816	-0.29192436
1662978761281	9.89821	-0.7648059	-0.2847459
1662978761289	9.955638	-0.8042875	-0.0047856453
1662978761298	9.802497	-0.86530447	0.12352947
1662978761309	9.870692	-0.8856435	0.117547415
1662978761320	9.668499	-0.6308079	-0.53389853
1662978761348	9.664909	-0.6116653	-0.13040884
1662978761434	9.667302	-0.71336025	-0.18424734
1662978761450	9.710373	-0.82941216	-0.23569304
1662978761462	9.779765	-0.84735835	-0.1794617
1662978761471	9.9807625	-0.8955139	0.013160525
1662978761483	9.7654085	-0.99960166	0.013160525
1662978761497	9.733106	-0.89042914	-0.12083755
1662978761511	9.733106	-0.79950184	-0.12323037
1662978761522	9.737891	-0.73130643	-0.22492532
1662978761549	9.863514	-0.7157531	-0.23808585
1662978761562	9.80489	-0.7480562	-0.22731815
1662978761571	9.710373	-0.75284183	-0.1591227
1662978761581	9.813265	-0.85094756	-0.03589234
1662978761634	9.825229	-0.62961143	-0.317049
1662978761646	9.733106	-0.5494519	-0.13040884
1662978761657	9.682856	-0.60687965	-0.15194423
1662978761683	9.6529455	-0.62721866	-0.14596218
1662978761696	9.685248	-0.61405814	-0.08015956
1662978761741	9.8348	-0.74566334	0.1055833
1662978761753	9.886246	-0.948156	0.1797608
1662978761765	9.876675	-0.9625129	0.034695927
1662978761777	9.867104	-0.9194421	0.07686943
1662978761791	9.656535	-0.99960166	0.023928227
1662978761802	9.675677	-0.9924232	-0.106480606
1662978761822	9.816854	-0.8808578	-0.09571291
1662978761835	9.918549	-0.817448	0.1797608
1662978761847	10.164112	-0.8676973	0.24197419
1662978761885	9.81805	-0.58654064	-0.3589234
1662978761898	9.740284	-0.52552366	0.02871387
1662978761908	9.589237	-0.6332007	-0.21894327
1662978761942	9.596714	-0.64636123	-0.31944183
1662978761955	9.571291	-0.69302124	-0.13399807
1662978761969	9.731909	-0.8593224	0.13070793
1662978762033	9.815658	-1.0402796	0.19651055
1662978762047	9.789336	-1.076172	0.1055833
1662978762059	9.887443	-0.974477	0.27188447
1662978762069	9.792926	-0.9625129	0.32452658
1662978762081	9.682856	-1.0007981	0.22881366
1662978762092	9.832407	-0.933799	0.1594218
1662978762156	9.91496	-0.8748758	0.23479572
1662978762170	10.052547	-0.94337034	0.3376871
1662978762179	9.661321	-0.73011	-0.28115666
1662978762189	9.737891	-0.581755	-0.013160525
1662978762232	9.65175	-0.6774679	-0.16749759
1662978762248	9.627821	-0.71455663	-0.18065812
1662978762262	9.658928	-0.7013961	-0.08733802
1662978762274	9.843175	-0.74566334	0.058624156
1662978762285	9.920941	-0.9314062	0.19531415
1662978762296	9.71157	-1.0953146	0.116351
1662978762309	9.800104	-0.99720883	0.17377874
1662978762321	9.690035	-1.0845468	0.20967108
1662978762330	9.656535	-1.1288141	0.19292133
1662978762356	9.838389	-1.0486546	0.1594218
1662978762370	10.005887	-0.9517452	0.28863424
1662978762432	10.042975	-0.9385847	0.37716866
1662978762444	9.620643	-0.8712866	-0.11485548
1662978762453	9.757033	-0.541077	0.24915266
1662978762466	9.620643	-0.63798636	0.1486541
1662978762482	9.625428	-0.70977104	0.11156536
1662978762494	9.655338	-0.8066803	0.06460621
1662978762562	9.800104	-0.9206385	0.30179477
1662978762575	9.906585	-1.0666007	0.45134616
1662978762588	9.753445	-1.2364911	0.29102704
1662978762602	9.768997	-1.1730813	0.20727827
1662978762615	9.760623	-1.1419746	0.2216352
1662978762642	9.754641	-1.0749756	0.062213387
1662978762650	9.879067	-0.96849495	0.03589234
1662978762664	9.773783	-0.9828519	0.11395818
1662978762686	9.729516	-0.9589237	0.14027923
1662978762700	10.002297	-0.9290134	0.20967108
1662978762767	9.676874	-0.817448	-0.17706887
1662978762784	9.7247305	-0.7755736	0.12592229
1662978762794	9.625428	-0.87607217	-0.0011964113
1662978762807	9.633803	-0.95054877	-0.07298109
1662978762823	9.748658	-0.9816555	0.1486541
1662978762837	9.926924	-1.1347961	0.49202415
1662978762852	9.760623	-1.2807583	0.42981076
1662978762866	9.773783	-1.2149557	0.35084763
1662978762880	9.668499	-1.2484552	0.32213375
1662978762893	9.734302	-1.16351	0.2228316
1662978762903	9.803694	-1.1132607	0.2335993
1662978762912	9.737891	-1.1407782	0.3400799
1662978762962	9.688838	-1.1096715	0.285045
1662978762971	9.981958	-0.9194421	0.30299118
1662978762982	9.679267	-0.87367934	-0.039481573
1662978763034	9.699606	-0.83778703	0.31615168
1662978763045	9.672089	-0.9589237	0.27667013
1662978763054	9.730712	-1.015155	0.2862414
1662978763069	9.770194	-0.9840483	0.20847467
1662978763082	9.858728	-1.0654043	0.61046886
1662978763091	9.75823	-1.0977074	0.47048876
1662978763157	9.646963	-1.0307083	0.27068806
1662978763170	9.621839	-1.015155	0.36400816
1662978763178	9.549755	-1.1527423	0.5075775
1662978763190	9.698409	-1.2065809	0.5195416
1662978763201	9.850353	-1.2173486	0.6622137
1662978763235	9.850353	-1.2029916	0.6478567
1662978763250	9.905389	-0.933799	0.48125646
1662978763259	9.589237	-0.80548394	0.2635096
1662978763271	9.517452	-0.7181459	0.5590232
1662978763289	9.509077	-0.78873414	0.60807604
1662978763301	9.583255	-0.8979067	0.6466603
1662978763309	9.61466	-0.9840483	0.5949155
1662978763318	9.77498	-1.1156535	0.86560357
1662978763366	9.880263	-1.2197413	0.94695956
1662978763378	9.740284	-1.2197413	0.66699934
1662978763433	9.734302	-1.1216356	0.6945168
1662978763445	9.7043915	-1.0654043	0.6200402
1662978763454	9.718748	-1.061815	0.5626124
1662978763467	9.754641	-1.1539388	0.66101724
1662978763481	9.770194	-1.1647065	0.535095
1662978763490	9.816854	-1.0666007	0.5482555
1662978763564	9.661321	-1.0474582	0.2730809
1662978763582	9.630214	-0.817448	0.3077768
1662978763590	9.666106	-0.85214394	0.27786654
1662978763605	9.613464	-0.9517452	0.34247273
1662978763618	9.605089	-1.0175478	0.29341987
1662978763639	9.736694	-1.1347961	0.4334
1662978763651	9.883853	-1.2077773	0.69930243
1662978763665	9.835997	-1.2221341	0.49202415
1662978763687	9.815658	-1.1407782	0.45134616
1662978763701	9.655338	-1.1742777	0.47168517
1662978763709	9.6015	-1.2077773	0.35563326
1662978763760	9.722338	-1.21017	0.36520454
1662978763773	9.822836	-1.076172	0.42741793
1662978763786	9.91137	-1.0163515	0.31974092
1662978763801	9.650553	-0.9409775	-0.04546363
1662978763811	9.621839	-0.79950184	0.19411774
1662978763825	9.727123	-0.86889374	0.016749758
1662978763841	9.791729	-0.9493524	0.041874398
1662978763853	9.748658	-0.9206385	-0.062213387
1662978763874	9.855139	-0.9349955	0.09122636
1662978763885	9.852746	-1.0689936	0.31974092
1662978763895	9.802497	-1.2293127	0.35204405
1662978763966	9.682856	-1.3633107	0.24436702
1662978763986	9.743873	-1.4569299	0.28145576
1662978763999	9.753445	-1.5861423	0.32213375
1662978764069	9.785748	-1.3740784	0.28743783
1662978764078	9.887443	-1.2628121	0.22402802
1662978764091	9.949656	-1.1395818	0.20368902
1662978764104	9.6015	-1.0666007	-0.2428715
1662978764112	9.751051	-0.61405814	-0.09930214
1662978764123	9.546165	-0.80787677	-0.10049855
1662978764172	9.552148	-0.98883396	0.008374879
1662978764178	9.717552	-1.0749756	-0.09451649
1662978764183	9.873085	-1.0881361	0.1582254
1662978764189	9.959227	-1.2017952	0.4034897
1662978764194	9.964012	-1.2281163	0.30059835
1662978764229	9.666106	-1.2460624	0.06610172
1662978764237	9.668499	-1.1036894	0.16301104
1662978764244	9.547362	-1.2173486	0.18335004
1662978764251	9.712767	-1.1132607	0.12831512
1662978764288	9.871889	-1.035494	0.17856438
1662978764297	9.956834	-1.0043873	0.23718855
1662978764304	9.757033	-1.0486546	0.021535404
1662978764320	9.772587	-0.6367899	-0.15074782
1662978764387	9.672089	-0.71336025	0.015553347
1662978764396	9.620643	-0.84855473	0.049052864
1662978764410	9.65175	-0.9302098	-0.046660043
1662978764431	9.746265	-0.93978107	0.03589234
1662978764445	9.88146	-1.0331012	0.1893321
1662978764455	9.928121	-1.0977074	0.453739
1662978764483	9.809675	-1.0450653	0.22522444
1662978764497	9.764212	-0.9720842	0.3293122
1662978764566	9.623035	-1.1383854	0.25393832
1662978764584	9.649357	-1.0271192	0.13908282
1662978764595	9.747462	-0.98644114	0.17377874
1662978764607	9.796515	-0.9696914	0.1582254
1662978764620	9.934102	-0.9493524	0.20608185
1662978764631	9.621839	-0.95653087	-0.11964113
1662978764643	9.830014	-0.70618176	0.17497516
1662978764657	9.733106	-0.8234301	-0.043070808
1662978764685	9.642178	-0.81864446	-0.01794617
1662978764701	9.760623	-0.80548394	0.011964113
1662978764711	9.916156	-0.933799	0.3484548
1662978764777	9.789336	-1.1264212	0.37597227
1662978764790	9.777372	-1.1623136	0.29341987
1662978764798	9.658928	-1.3501502	0.26590243
1662978764814	9.835997	-1.1826526	0.25992036
1662978764830	9.815658	-1.1335998	0.17497516
1662978764842	9.737891	-1.0654043	0.23479572
1662978764852	9.757033	-1.0139586	0.20608185
1662978764864	9.893424	-0.8892327	0.07447661
1662978764892	9.590433	-0.7755736	-0.10887343
1662978764902	9.650553	-0.70977104	0.29461628
1662978764918	9.600304	-0.8449655	0.17258233
1662978764989	9.609875	-0.9349955	-0.07776674
1662978764998	9.7247305	-0.9984053	0.21206391
1662978765013	9.857532	-1.0941181	0.5159524
1662978765026	9.798908	-1.0725827	0.39511484
1662978765040	9.584451	-1.1288141	0.18574286
1662978765053	9.643374	-1.0247263	0.034695927
1662978765060	9.624231	-0.8665009	-0.40797627
1662978765073	9.668499	-0.6523433	-0.45104706
1662978765083	9.617053	-0.5482555	-0.05383851
1662978765177	9.503095	-0.65712893	0.18215363
1662978765192	9.752248	-0.82941216	0.15224335
1662978765201	9.902996	-0.7516454	0.0840479
1662978765216	9.873085	-0.76241314	0.5554339
1662978765234	9.75823	-0.7743772	0.58534425
1662978765246	9.6122675	-0.5949155	0.52313083
1662978765256	9.597911	-0.43938205	0.6430711
1662978765269	9.680463	-0.43459642	0.67417777
1662978765282	9.814461	-0.47886363	0.4728816
1662978765297	9.810872	-0.62841505	0.20847467
1662978765307	10.11476	-0.5769694	0.008374879
1662978765321	10.416555	-0.5985048	0.10199407
1662978765332	10.448858	-0.75643104	0.27906293
1662978765386	10.0011015	-1.1108679	0.10917253
1662978765399	9.5353985	-1.346561	-0.2727818
1662978765410	9.134601	-1.1443675	-0.69182485
1662978765440	9.15494	-0.6451648	-0.89282197
1662978765456	9.24467	-0.34127632	-0.44985065
1662978765470	9.436096	-0.20338993	-0.19142582
1662978765482	9.791729	-0.24765715	0.12352947
1662978765492	10.31486	-0.69541407	0.47168517
1662978765567	10.058529	-1.346561	0.31136605
1662978765585	9.926924	-1.6974086	0.24915266
1662978765595	9.7654085	-1.7368901	0.029910283
1662978765605	9.499506	-1.6914265	-0.3397808
1662978765617	9.38465	-1.6938193	-0.30029923
1662978765631	9.402596	-1.5526428	-0.16749759
1662978765641	9.452846	-1.4700904	-0.1902294
1662978765652	9.772587	-1.2317054	-0.1698904
1662978765685	9.730712	-1.4434702	-0.35413775
1662978765699	9.861121	-1.5610176	-0.19381863
1662978765711	9.802497	-1.6519449	-0.34576288
1662978765777	9.882657	-1.5945172	-0.23449662
1662978765792	10.026226	-1.4940187	-0.08853444
1662978765804	10.139885	-1.4557334	0.12951152
1662978765818	9.853943	-1.5538392	0.059820566
1662978765832	9.656535	-1.7153547	-0.15433706
1662978765844	9.473185	-2.0338993	-0.1698904
1662978765856	9.232706	-2.1080768	-0.21655045
1662978765868	9.408579	-1.9043877	-0.24646074
1662978765894	9.523434	-1.8134605	-0.24885355
1662978765907	9.764212	-1.6220347	-0.3074777
1662978765987	9.960423	-1.5311074	-0.30029923
1662978766005	9.606286	-1.582553	-0.42951167
1662978766017	9.527023	-1.3561323	-0.11844472
1662978766028	9.625428	-1.2783655	-0.096909314
1662978766040	9.44806	-1.7620147	-0.22013968
1662978766049	9.493524	-1.9857436	-0.14117654
1662978766062	9.485149	-2.4418755	0.3077768
1662978766076	9.282955	-2.544767	0.26949164
1662978766087	9.2997055	-2.2863421	-0.18544376
1662978766100	9.0951185	-1.9127626	-0.7109674
1662978766112	9.162118	-1.6411772	-0.57577294
1662978766198	9.238688	-1.6160526	-0.3385844
1662978766213	9.395418	-1.6794624	-0.3278167
1662978766225	9.404989	-1.718944	-0.44626144
1662978766232	9.498309	-1.7141583	-0.50039905
1662978766244	9.735498	-1.6555341	-0.38763726
1662978766255	9.89821	-1.637588	-0.38404804
1662978766265	9.968799	-1.7871394	-0.076570325
1662978766281	10.219148	-2.0279171	0.043070808
1662978766292	11.013864	-2.367698	-0.5913263
1662978766330	11.655439	-2.827419	-1.5702899
1662978766344	11.475977	-3.4450665	-1.0543375
1662978766389	11.569298	-3.470191	-0.09092726
1662978766401	11.309676	-2.7735806	0.453739
1662978766410	10.866705	-1.5729818	0.66341007
1662978766426	10.326824	-0.61046886	-1.2400804
1662978766439	9.288938	-0.36640096	-3.3000016
1662978766451	8.801699	-0.4860421	-2.896811
1662978766465	9.855139	0.13998012	-2.013261
1662978766493	10.275378	-0.07776674	-0.6128617
1662978766505	9.772587	-0.57457656	-0.9059825
1662978766515	9.989138	-0.30029923	-1.3058829
1662978766565	9.7247305	-0.28953153	-1.7763717
1662978766579	9.94846	-0.083748795	-1.8912272
1662978766590	9.547362	-0.22013968	-1.6483557
1662978766600	9.115458	-0.48364928	-1.198206
1662978766613	9.21476	-0.61884373	-0.79112697
1662978766645	9.395418	-0.4657031	-0.94426763
1662978766658	9.255438	-0.47886363	-0.93589276
1662978766686	9.120243	-0.32183465	-0.622433
1662978766699	8.940483	-0.12083755	-0.69182485
1662978766710	9.009874	0.18903299	-0.6332007
1662978766758	8.837591	0.0741775	-0.75523466
1662978766774	8.780164	-0.13160525	-0.5733801
1662978766785	8.713164	0.022731815	-0.2943172
1662978766794	8.400602	-0.08015956	-0.25004998
1662978766806	8.369495	-0.101694964	-0.39720857
1662978766820	8.367103	0.05742774	0.040677983
1662978766829	8.352746	-0.11964113	0.18335004
1662978766840	8.633005	-0.317049	0.13908282
1662978766870	8.863913	-0.7157531	0.37836507
1662978766898	9.044869	-1.1192428	0.61884373
1662978766911	9.841979	-1.3417753	0.79142606
1662978767007	10.770992	-1.4976078	1.218844
1662978767025	10.96481	-1.6519449	0.9445667
1662978767034	11.178968	-1.1072787	0.23958136
1662978767051	11.978769	-0.71336025	1.4928222
1662978767063	12.38555	-0.8955139	2.600101
1662978767076	11.578869	-1.0055838	1.2726825
1662978767092	13.04178	-0.09451649	-0.94785684
1662978767104	13.259527	1.4569299	-3.3984063
1662978767113	12.909877	2.1655045	-1.9223338
1662978767125	10.969596	1.5490535	-1.6639091
1662978767197	9.561719	0.6726823	-1.7644076
1662978767211	8.731111	-0.078963146	-2.0048864
1662978767221	8.307282	-0.5937191	-1.7285153
1662978767228	8.200802	-1.0211371	-1.3345969
1662978767244	8.283354	-1.6794624	-2.0084755
1662978767258	8.928518	-1.0642079	-2.8058836
1662978767272	9.162118	0.111266255	-1.9582262
1662978767285	9.242277	0.8488538	-1.608575
1662978767294	9.164511	0.64875406	-1.1886346
1662978767331	8.927322	-0.020338992	-1.2699906
1662978767343	8.890233	-0.6439684	-1.625624
1662978767353	8.994321	-1.1527423	-1.3202399
1662978767410	9.3511505	-1.250848	-0.88683987
1662978767425	9.412168	-1.2616158	-0.48215377
1662978767438	9.18126	-1.5873387	-0.5829514
1662978767451	9.193225	-1.5394822	-0.71216387
1662978767462	9.015857	-1.6435701	-0.49800622
1662978767475	9.141779	-1.5861423	-0.03589234
1662978767488	9.21476	-1.5430715	0.117547415
1662978767501	8.884252	-1.5574285	0.27786654
1662978767510	8.670094	-1.5442679	0.2515455
1662978767566	8.750254	-1.5323038	0.21445672
1662978767579	8.756235	-1.7261224	0.033499517
1662978767590	9.086744	-1.9354944	-0.26679972
1662978767601	9.275777	-2.0001006	-0.45224348
1662978767617	9.242277	-1.6495521	-1.5643078
1662978767644	9.772587	-1.2831511	-1.6531414
1662978767658	9.809675	-1.7847466	-1.4075779
1662978767687	9.782158	-2.4143581	-0.7755736
1662978767700	11.107183	-2.5148566	0.40707895
1662978767710	12.140285	-2.0937197	1.8544376
1662978767778	12.392728	-1.1826526	1.9680966
1662978767791	11.303694	-0.7636095	0.38793638
1662978767801	11.224432	-0.7935198	-2.3246272
1662978767812	11.522637	-2.070988	-4.1632123
1662978767823	10.64148	-3.330211	-3.9071803
1662978767839	9.35833	-3.321836	-1.9067806
1662978767855	8.936893	-1.4350954	0.059820566
1662978767868	10.336395	1.0331012	-0.60329044
1662978767898	10.726725	1.4162519	-2.3748765
1662978767912	10.790134	1.0067801	-3.7836509
1662978767921	11.376676	0.3293122	-2.4586253
1662978768007	12.250355	-0.0035892338	0.5662017
1662978768027	11.420942	-0.46809593	0.52552366
1662978768042	9.859925	-0.41784665	-0.5458627
1662978768057	8.300103	-0.4728816	-1.1850454
1662978768072	7.5807614	-0.28115666	-1.3776677
1662978768082	7.382157	0.025124637	-1.4470595
1662978768093	7.609475	0.6667002	-1.16351
1662978768106	7.9519477	0.6774679	-0.8461619
1662978768119	8.358727	0.26470602	-0.5243273
1662978768218	8.750254	-0.04546363	-0.5518447
1662978768230	9.042477	-0.30149564	-0.3924229
1662978768249	8.971589	-0.46809593	-0.07178468
1662978768262	8.579166	-0.43818563	-0.0526421
1662978768274	8.266604	-0.64037913	-0.05742774
1662978768288	8.093124	-0.50039905	0.015553347
1662978768302	8.148159	-0.21774685	0.3484548
1662978768313	8.4400835	-0.26081768	0.52313083
1662978768327	9.200403	-0.6451648	0.75673014
1662978768341	9.889835	-0.96729857	0.90029955
1662978768350	10.81167	-1.2891332	0.3281158
1662978768357	11.255539	-1.631606	0.15463616
1662978768368	11.947662	-0.95772725	-0.35413775
1662978768410	12.14866	-0.25962126	1.1180464
1662978768419	11.7463665	-0.25124636	2.8130622
1662978768432	11.267503	-0.25842485	2.032703
1662978768442	13.96212	0.23718855	-0.6643074
1662978768450	13.552947	0.86560357	-3.5527434
1662978768467	12.468401	1.9537396	-4.243372
1662978768492	9.455238	1.6782659	-1.9666011
1662978768506	7.5293155	0.60807604	-0.87607217
1662978768521	7.77458	-0.9804591	-1.6196418
1662978768545	9.323633	-0.81625164	-2.4658036
1662978768555	9.715159	-0.79112697	-2.8022945
1662978768567	9.38465	-1.0426725	-1.6770695
1662978768581	9.482756	-0.7612167	-0.69182485
1662978768623	9.466006	-0.88325065	-0.6415756
1662978768641	8.95484	-1.0881361	-0.78873414
1662978768651	8.800503	-1.1312069	-0.61405814
1662978768690	8.76461	-1.1383854	-0.53389853
1662978768702	8.901001	-1.0426725	-0.79950184
1662978768712	8.855537	-1.2089736	-1.2173486
1662978768758	9.0544405	-1.3058829	-1.474577
1662978768770	9.281759	-1.2257234	-1.1587243
1662978768781	9.257831	-1.2855439	-0.8892327
1662978768795	9.136993	-1.1347961	-0.82941216
1662978768816	9.030213	-1.3250256	-0.5063811
1662978768829	8.703593	-1.311865	-0.6056832
1662978768840	8.376674	-1.378864	-0.40917268
1662978768853	8.495418	-1.2963116	-0.22372891
1662978768891	8.371888	-1.3800604	-0.50159544
1662978768902	8.635398	-1.6794624	-0.8533404
1662978768912	9.460024	-1.759622	-0.97537434
1662978768982	9.80489	-1.7141583	-1.3130615
1662978768997	9.85155	-1.5897316	-1.3800604
1662978769009	10.567303	-1.7811574	-0.3589234
1662978769021	11.137094	-2.0889342	0.03708875
1662978769034	11.239985	-2.4789643	1.4138591
1662978769049	11.349157	-2.6132615	2.1475582
1662978769063	10.913365	-2.099702	1.3707882
1662978769076	11.241181	-1.6878372	-0.9981061
1662978769092	11.779866	-1.9785652	-3.5300117
1662978769207	10.548161	-2.3437698	-4.430311
1662978769224	9.255438	-1.7943178	-2.0204396
1662978769235	8.621041	-1.1599208	-0.8605189
1662978769249	9.785748	-0.0035892338	-1.8230318
1662978769261	10.861919	0.67387867	-3.8641095
1662978769270	12.651451	1.1407782	-4.0627136
1662978769277	12.523436	0.86560357	-1.1443675
1662978769288	12.282658	0.20578274	0.45972106
1662978769300	11.278569	-0.20458634	0.17856438
1662978769314	9.583255	-0.36400816	-0.8389834
1662978769327	8.218747	-0.40947178	-1.7488543
1662978769342	7.597511	-0.36041892	-1.7285153
1662978769431	7.257431	-0.3699902	-1.9067806
1662978769445	7.7697945	0.20219351	-1.0689936
1662978769451	8.023732	0.19860429	-0.5087739
1662978769458	8.06441	0.16151553	-0.7492526
1662978769465	8.4197445	0.15074782	-0.9514461
1662978769472	8.351549	0.015553347	-0.8042875
1662978769477	8.129017	0.022731815	-0.4749753
1662978769485	7.980662	-0.17706887	-0.09092726
1662978769492	7.8810606	-0.5662017	0.14386846
1662978769565	8.084749	-0.87248296	0.2730809
1662978769576	8.79452	-1.0893325	0.44177487
1662978769587	10.025029	-1.1754742	0.9661021
1662978769596	11.012667	-1.5646069	1.4162519
1662978769605	11.09522	-1.7632111	0.29341987
1662978769620	11.531013	-0.70259255	-1.2951152
1662978769631	12.133106	0.06819545	0.8285148
1662978769639	11.479567	-0.8497511	3.1579278
1662978769688	10.390234	-1.7536399	3.3409786
1662978769700	10.2682	-1.3956138	1.5299109
1662978769707	11.734403	-0.8919246	-2.0228324
1662978769772	12.761521	1.0019945	-4.503292
1662978769783	12.757932	2.3605196	-5.408078
1662978769790	11.419746	2.379662	-2.4670002
1662978769795	9.697213	1.3214363	-0.64277196
1662978769814	8.948857	0.19262223	-1.0953146
1662978769826	9.144172	-0.90149593	-2.8166513
1662978769834	9.629018	-2.0147567	-2.5531418
1662978769866	9.0182495	-2.2648067	-1.5308083
1662978769877	8.950054	-1.5358931	-0.7755736
1662978770032	8.903394	-0.70977104	-1.1180464
1662978770047	9.0182495	-0.31106696	-1.2903296
1662978770061	8.964411	-0.23569304	-1.0375878
1662978770080	8.881859	-0.68823564	-1.0447662
1662978770094	8.555239	-1.1407782	-1.230509
1662978770106	8.533703	-1.204188	-1.5224334
1662978770117	8.556435	-1.3920245	-1.3286148
1662978770127	8.763413	-1.5837495	-1.0052847
1662978770140	9.109476	-1.611267	-0.6415756
1662978770149	8.973982	-1.6746768	-0.5769694
1662978770161	8.811271	-1.7847466	-0.7181459
1662978770233	8.76461	-1.8589242	-0.46301118
1662978770248	8.985947	-1.8026928	-0.0741775
1662978770257	9.027821	-1.8888344	0.16779669
1662978770268	8.962018	-1.9259231	-0.0741775
1662978770281	9.096315	-1.9534405	-0.41635114
1662978770291	9.203992	-1.8505492	-1.3597214
1662978770301	9.446864	-1.1072787	-2.117349
1662978770312	9.815658	-0.5374878	-1.372882
1662978770324	10.910973	-0.6858428	-0.46181476
1662978770337	10.821241	-1.7009978	0.4010969
1662978770346	10.715957	-2.6395824	1.5071791
1662978770358	11.111969	-2.6862426	2.2205393
1662978770427	11.109576	-2.1774685	1.4246268
1662978770441	10.682158	-1.9115661	-0.4968098
1662978770450	12.142677	-1.6890336	-3.1289146
1662978770460	11.304891	-2.306681	-5.67757
1662978770470	8.2965145	-3.19382	-4.6145587
1662978770481	9.461221	-1.637588	-0.8042875
1662978770491	10.481161	0.285045	0.5673981
1662978770502	11.137094	1.0785648	-1.466202
1662978770515	11.632708	1.0570294	-2.9530423
1662978770530	12.573685	0.6966105	-3.0966115
1662978770543	12.421741	0.19980069	-0.4031906
1662978770555	11.259128	-0.34127632	0.24197419
1662978770569	9.44806	-0.6056832	-0.55064833
1662978770582	8.489435	-0.56859446	-1.0220344
1662978770634	7.577172	-0.5662017	-0.92512506
1662978770647	6.882954	-0.41545382	-1.2293127
1662978770656	7.328019	0.03708875	-1.2723835
1662978770688	7.855936	0.09930214	-0.80907315
1662978770701	8.176873	0.09571291	-0.8210373
1662978770709	8.4197445	-0.12203395	-0.69541407
1662978770776	8.554042	-0.28594232	-0.6367899
1662978770790	8.835198	-0.22612174	-0.14596218
1662978770801	8.934501	-0.18424734	0.22642085
1662978770812	8.499007	-0.5769694	0.30059835
1662978770823	8.19123	-0.6726823	0.4034897
1662978770832	8.160124	-0.7001997	0.43579283
1662978770845	8.680861	-0.68225354	0.55304116
1662978770872	9.32483	-0.907478	0.95054877
1662978770882	10.011869	-1.3752748	0.91585284
1662978771034	10.982757	-1.3920245	0.20847467
1662978771054	11.538191	-1.2496517	0.15104693
1662978771069	12.160624	-1.0797613	2.0075781
1662978771084	11.609976	-1.489233	3.1100712
1662978771099	10.153046	-1.7141583	2.8046873
1662978771113	11.107183	-0.37357944	0.2742773
1662978771128	13.91546	0.72293156	-1.9713868
1662978771141	14.226826	2.3461626	-4.6731825
1662978771153	12.750753	3.1208389	-3.354139
1662978771166	10.195219	2.2420747	-0.669093
1662978771181	8.146963	0.19262223	0.33888352
1662978771193	8.589934	-0.53270215	-2.597409
1662978771233	10.259826	-1.3609179	-3.5359936
1662978771248	9.835997	-1.9737796	-2.5375884
1662978771262	9.163314	-1.7069799	-0.7923234
1662978771274	9.065208	-0.89042914	-0.9873384
1662978771285	9.055637	-0.3062813	-1.3764713
1662978771298	8.636594	-0.2440679	-1.0136595
1662978771312	8.381459	-0.42502514	-1.0435698
1662978771322	8.589934	-0.75284183	-0.80548394
1662978771330	8.333603	-0.98644114	-1.0160524
1662978771336	8.346764	-1.1060823	-1.2352947
1662978771343	8.792128	-1.2807583	-1.1371889
1662978771424	9.333204	-1.5311074	-0.68225354
1662978771435	9.304491	-1.5466608	-0.13878371
1662978771447	9.128618	-1.5466608	-0.5805586
1662978771459	9.075976	-1.6998014	-0.43669012
1662978771472	8.808877	-1.8098712	-0.25603202
1662978771484	8.648559	-1.9235303	-0.09212367
1662978771498	8.738289	-1.8864416	0.08045866
1662978771510	9.084352	-2.0841484	0.17018951
1662978771522	9.419347	-2.1080768	-0.30029923
1662978771533	9.701999	-1.8984057	-0.7851449
1662978771569	9.620643	-1.1312069	-1.4889339
1662978771584	10.047761	-0.73130643	-0.75284183
1662978771597	10.743475	-1.0187442	-0.31585258
1662978771612	10.672587	-2.056631	0.36640096
1662978771634	10.961222	-2.716153	1.7416757
1662978771649	11.102398	-2.3461626	2.1475582
1662978771660	11.200503	-1.7273189	0.541077
1662978771674	11.929716	-1.6698911	-2.3282163
1662978771684	12.245569	-2.3449662	-4.2673
1662978771775	9.749855	-2.746063	-4.1548376
1662978771789	8.533703	-1.590928	-1.631606
1662978771798	9.19801	0.023928227	-0.7755736
1662978771812	10.561321	1.0019945	-1.6998014
1662978771822	10.945668	0.74566334	-2.6416762
1662978771831	11.921342	0.45972106	-3.5742788
1662978771846	12.983156	0.38793638	-0.9179466
1662978771860	12.32214	-0.09092726	0.8129615
1662978771869	10.742278	-0.5602196	0.17497516
1662978771880	8.853145	-0.5673981	-0.83778703
1662978772037	7.5723863	-0.6451648	-1.3453646
1662978772050	7.2933235	-0.5243273	-1.4267205
1662978772059	7.4599237	-0.11844472	-1.3513466
1662978772070	7.904989	0.30059835	-0.7193423
1662978772081	8.365906	0.38913277	-0.36131623
1662978772089	8.543274	0.34486556	-0.36490545
1662978772097	8.56122	0.17706887	-0.41994038
1662978772109	8.447262	-0.031106694	-0.32183465
1662978772120	8.4858465	0.09451649	-0.076570325
1662978772130	8.392227	-0.25004998	0.0
1662978772236	8.103892	-0.5063811	0.090029955
1662978772251	8.146963	-0.5027919	0.3149553
1662978772261	8.45803	-0.7815557	0.53988063
1662978772271	9.065208	-0.98644114	0.6358926
1662978772285	9.698409	-1.2293127	1.2164512
1662978772300	10.320843	-1.6710875	1.1036894
1662978772310	11.314462	-1.5478572	0.3484548
1662978772317	11.946466	-0.93978107	0.42741793
1662978772332	12.479168	-0.35204405	1.9202402
1662978772343	11.239985	-0.91226363	2.4122643
1662978772355	9.983155	-1.3645071	2.2779672
1662978772368	11.346765	-0.33409786	-0.17467605
1662978772386	13.258331	0.34965122	-1.739283
1662978772433	13.066905	1.6806588	-4.4482574
1662978772448	11.7260275	2.4335005	-2.4119651
1662978772462	10.028619	1.6136597	-0.41754755
1662978772475	8.774181	0.15433706	-0.5386842
1662978772490	9.002696	-0.04546363	-2.9937203
1662978772501	9.932906	-0.95413804	-3.5264223
1662978772509	9.723534	-1.8445672	-2.0754745
1662978772520	9.322437	-1.8493528	-0.68823564
1662978772532	9.26142	-1.1694921	-1.3968102
1662978772542	9.304491	-0.58534425	-1.3142579
1662978772574	8.991928	-0.25842485	-0.8712866
1662978772588	8.65813	-0.33170503	-0.6619146
1662978772602	8.680861	-0.57577294	-0.8066803
1662978772633	8.5014	-0.7827521	-1.3441681
1662978772649	8.508578	-1.0331012	-1.3992031
1662978772661	8.850752	-1.1431711	-1.0507482
1662978772670	9.243474	-1.3501502	-0.5075775
1662978772678	9.245867	-1.5155541	-0.09810573
1662978772701	8.911769	-1.6483557	-0.276371
1662978772710	8.8854475	-1.6639091	-0.21535404
1662978772777	8.656933	-1.7907287	-0.062213387
1662978772792	8.683254	-1.7715861	0.392722
1662978772801	8.65813	-1.84696	0.38554356
1662978772809	9.042477	-1.8864416	0.08045866
1662978772820	9.455238	-1.8601205	-0.14237295
1662978772831	9.254242	-1.6722839	-0.8808578
1662978772843	9.062816	-1.049851	-1.7715861
1662978772882	9.873085	-0.7408777	-1.2484552
1662978772895	10.845169	-1.6196418	-0.5877371
1662978773033	11.129915	-2.3054845	0.6442675
1662978773044	11.910574	-2.2827528	1.902294
1662978773056	11.669796	-2.015953	2.3883362
1662978773067	11.038988	-1.7943178	0.7160522
1662978773079	11.854342	-1.7380866	-1.7356937
1662978773091	11.897413	-2.6970103	-3.7740796
1662978773102	9.706784	-3.4977086	-3.3864422
1662978773111	8.005786	-2.455036	-1.6292131
1662978773124	8.349156	-0.5027919	-0.919143
1662978773133	9.840782	1.1012967	-1.198206
1662978773207	10.560124	1.0689936	-1.9701903
1662978773222	11.13829	0.7743772	-2.306681
1662978773233	12.594024	0.09451649	-2.4825535
1662978773244	12.948161	-0.42981076	0.0840479
1662978773256	11.857932	-0.9242278	0.90388876
1662978773268	9.996316	-0.90149593	-0.13998012
1662978773281	8.593523	-0.55423754	-1.0112667
1662978773294	7.967501	-0.28594232	-1.2843475
1662978773309	7.4563346	-0.14476576	-1.0713863
1662978773321	7.6657066	0.30897322	-0.67148584
1662978773332	7.9710903	0.43579283	-0.25962126
1662978773346	8.140981	0.05383851	-0.32063824
1662978773361	8.315657	-0.20458634	-0.36610186
1662978773435	8.400602	-0.40707895	-0.2440679
1662978773448	8.538488	-0.24765715	-0.041874398
1662978773462	8.630612	-0.28713873	0.20249261
1662978773471	8.389834	-0.622433	0.36041892
1662978773483	8.268997	-0.6332007	0.6164509
1662978773497	8.575577	-0.70259255	0.8488538
1662978773511	9.186047	-0.85214394	1.0594223
1662978773524	9.410972	-1.1288141	1.6052849
1662978773536	9.6326065	-1.7033906	1.3444673
1662978773548	10.706087	-1.6686947	0.4118646
1662978773580	11.623136	-1.1958131	0.48963133
1662978773592	12.35205	-0.5063811	1.4820545
1662978773603	11.365908	-0.44177487	1.9944177
1662978773633	10.312468	-0.8425727	1.8293129
1662978773647	11.575279	-0.020338992	0.92662054
1662978773659	13.369597	-0.06460621	-0.6511469
1662978773671	12.948161	0.8021938	-3.1396823
1662978773681	11.511869	1.0725827	-2.1460629
1662978773691	10.201201	0.8213364	0.14147563
1662978773777	8.749057	-0.1698904	-0.8365906
1662978773792	9.355937	0.49322057	-3.065505
1662978773801	10.3028965	0.04426722	-2.8920252
1662978773812	10.108778	-1.1300105	-1.8972093
1662978773825	9.424132	-2.0338993	-0.8497511
1662978773837	8.996714	-1.4338989	-1.1706885
1662978773851	9.142975	-0.53988063	-1.2711871
1662978773862	9.232706	-0.15314065	-1.2089736
1662978773874	8.946465	-0.111266255	-1.0016954
1662978773884	8.575577	-0.4848457	-0.7217351
1662978773896	8.48465	-0.7540382	-0.94426763
1662978774035	8.503793	-0.8844471	-1.0642079
1662978774048	8.811271	-1.1144571	-0.9490533
1662978774060	9.083155	-1.3956138	-0.88683987
1662978774070	9.340384	-1.6208383	-0.69302124
1662978774082	9.203992	-1.5047864	-0.5279165
1662978774096	8.969196	-1.6016957	-0.7540382
1662978774110	8.911769	-1.4868401	-0.28594232
1662978774120	8.897412	-1.50359	-0.06460621
1662978774130	8.966804	-1.724926	0.20608185
1662978774233	9.068798	-1.8194425	0.1486541
1662978774247	9.412168	-1.6950158	-0.3062813
1662978774258	9.643374	-1.6974086	-0.32183465
1662978774272	9.577272	-1.346561	-0.9000004
1662978774282	9.801301	-0.8330014	-0.79112697
1662978774292	10.307682	-0.9421739	-0.26799613
1662978774306	10.360324	-1.8912272	-0.26679972
1662978774321	10.1700945	-2.6096723	0.09122636
1662978774331	10.756635	-2.178665	1.4461622
1662978774343	10.839188	-1.2783655	2.37039
1662978774355	10.263414	-0.8712866	1.6627127
1662978774368	10.256236	-1.1814562	-0.5422734
1662978774382	11.797812	-1.4315062	-2.835794
1662978774424	11.072488	-2.7520452	-4.438686
1662978774438	9.7654085	-3.1974092	-2.9913275
1662978774452	9.329616	-2.036292	-1.238884
1662978774461	9.540184	-0.22851457	-0.7935198
1662978774470	10.41177	0.33888352	-1.7703897
1662978774481	10.70848	0.36281174	-3.4402807
1662978774495	12.535399	-0.21415763	-3.1959138
1662978774502	12.854841	-0.20219351	0.4549354
1662978774569	11.612369	-0.5662017	1.2451651
1662978774592	10.229915	-0.48006004	-0.29671
1662978774605	8.778967	-0.38315073	-1.076172
1662978774618	7.47787	-0.53389853	-1.0689936
1662978774629	6.79442	-0.4776672	-1.0749756
1662978774642	7.4252276	0.104087785	-1.1491531
1662978774651	8.358727	0.37238303	-0.71216387
1662978774663	8.9775715	0.04546363	-0.40558344
1662978774675	9.363115	-0.25244278	-0.3505485
1662978774688	9.537791	-0.23449662	-0.45942193
1662978774702	9.292527	-0.4010969	-0.104087785
1662978774776	9.218349	-0.28953153	0.07088737
1662978774790	8.819645	-0.14955142	-0.0035892338
1662978774800	8.283354	-0.25603202	-0.034695927
1662978774807	8.065607	-0.24765715	0.05623133
1662978774820	8.260622	-0.20458634	0.1594218
1662978774830	8.519346	-0.30867413	0.2754737
1662978774839	9.003893	-0.31465617	0.5159524
1662978774852	9.670892	-0.4860421	0.69212395
1662978774868	10.286146	-0.8605189	0.7639086
1662978774883	10.360324	-1.2927225	0.45254257
1662978774894	10.920544	-1.3716856	1.2284154
1662978775033	11.599208	-1.8373886	2.2097716
1662978775044	11.216057	-2.0733807	2.3859432
1662978775055	10.141082	-1.8254246	1.8580267
1662978775065	10.784153	-0.7851449	0.4106682
1662978775078	12.948161	0.050249275	-0.5901299
1662978775089	12.923037	1.2939188	-3.1372895
1662978775098	12.706487	2.0697916	-2.2444677
1662978775107	11.097612	1.5382859	-0.86889374
1662978775120	9.399008	0.5662017	-0.05742774
1662978775133	8.801699	0.0059820567	-1.8122641
1662978775206	9.507881	-0.1698904	-2.821437
1662978775223	9.08794	-0.7396813	-3.022434
1662978775237	9.232706	-1.1383854	-1.7967107
1662978775249	9.333204	-0.8892327	-1.2173486
1662978775261	9.162118	-0.71216387	-1.1802598
1662978775269	9.0436735	-0.6415756	-1.1312069
1662978775281	9.139386	-0.58654064	-0.96819586
1662978775291	9.090333	-0.56500524	-0.66071814
1662978775303	8.904591	-0.7396813	-0.5279165
1662978775312	8.889037	-0.8341978	-0.89401835
1662978775323	8.958429	-1.0091729	-1.0304092
1662978775337	9.116654	-1.311865	-1.0016954
1662978775430	9.292527	-1.5514464	-0.93349993
1662978775445	9.256635	-1.2915261	-0.6798607
1662978775456	9.329616	-0.9661021	-0.91196454
1662978775472	9.089137	-1.0977074	-0.8425727
1662978775483	8.897412	-1.1682956	-0.73011
1662978775494	9.266206	-1.1886346	-0.30029923
1662978775506	9.03141	-1.4964114	-0.11844472
1662978775519	9.280562	-1.5514464	-0.35294133
1662978775530	9.698409	-1.5610176	-0.23090738
1662978775568	9.739087	-1.6974086	-0.28953153
1662978775581	9.596714	-1.7751753	-0.40079778
1662978775590	9.438489	-1.4291133	-0.8246265
1662978775601	9.891031	-1.3334004	-0.28713873
1662978775635	10.274182	-1.3561323	-0.25244278
1662978775650	10.081261	-1.6591234	0.0
1662978775658	10.460822	-1.6722839	0.49920264
1662978775673	10.326824	-1.4362918	1.0259227
1662978775684	10.245468	-1.5622141	0.38315073
1662978775698	10.944471	-1.8397815	-1.3704891
1662978775710	11.508281	-2.7675984	-1.7524434
1662978775760	10.821241	-3.7073796	-1.6049858
1662978775772	9.964012	-3.2907293	-1.6495521
1662978775785	8.44128	-2.4311078	-1.6914265
1662978775798	8.235497	-0.70259255	-1.0339985
1662978775813	9.52822	1.1443675	-1.2532408
1662978775825	10.634302	1.887638	-3.551547
1662978775834	11.195718	1.6244274	-3.1468608
1662978775889	12.402598	0.58654064	0.21924238
1662978775906	13.063316	-0.6906284	1.3109677
1662978775916	12.176177	-1.3992031	0.38554356
1662978776038	10.409377	-1.1132607	-1.6770695
1662978776051	9.159725	-0.5937191	-2.2325034
1662978776059	8.575577	-0.22253251	-1.8960128
1662978776067	8.069196	0.12921242	-1.5080764
1662978776079	7.963912	0.1698904	-0.96460664
1662978776087	8.17448	0.17706887	-0.58893347
1662978776095	8.597113	0.17826529	-0.37447673
1662978776102	8.881859	-0.05623133	-0.30029923
1662978776110	9.042477	-0.35084763	-0.36370903
1662978776117	9.026625	-0.5673981	-0.34097722
1662978776235	8.826823	-0.5697909	-0.31106696
1662978776252	8.604291	-0.42741793	-0.28235307
1662978776263	8.583952	-0.37597227	-0.124426775
1662978776277	8.465208	-0.22971097	0.19292133
1662978776290	8.616255	-0.34965122	0.29102704
1662978776302	8.856734	-0.64037913	0.4022933
1662978776310	9.104691	-0.9804591	0.73519474
1662978776323	9.400204	-1.3310076	0.907478
1662978776336	10.213165	-1.2604194	0.541077
1662978776350	11.12513	-0.7325028	0.26949164
1662978776362	11.134701	-0.3182454	0.39750767
1662978776371	11.03181	-0.9984053	1.2475579
1662978776429	10.7793665	-1.41356	2.0937197
1662978776445	12.02184	-1.3573287	0.3915256
1662978776458	12.943376	-0.5027919	-1.2376875
1662978776472	13.344473	0.9409775	-2.6859434
1662978776484	12.037394	1.4605191	-2.9386854
1662978776499	9.922138	1.5346966	-2.3318057
1662978776512	9.542577	1.3393825	-1.873281
1662978776520	8.109874	0.058624156	-1.3142579
1662978776533	7.926823	-0.86171526	-1.2317054
1662978776570	7.9651084	-1.9462621	-1.9522442
1662978776584	8.636594	-2.4358935	-2.693122
1662978776594	9.3308115	-1.9510478	-2.0551355
1662978776605	9.462418	-1.2687942	-1.1659029
1662978776631	9.471989	-1.1467602	-0.3900301
1662978776644	9.408579	-0.948156	0.021535404
1662978776652	10.040583	-0.68345	-0.24885355
1662978776667	10.390234	-0.8955139	-0.4139583
1662978776684	10.36152	-0.8210373	-1.338186
1662978776694	10.172487	-0.7253244	-2.021636
1662978776706	9.606286	-0.72771716	-2.1652055
1662978776774	9.182457	-0.66071814	-1.6411772
1662978776785	9.266206	-0.5662017	-1.0423734
1662978776795	9.049655	-0.95653087	-1.2173486
1662978776806	8.655737	-1.3369896	-1.4829519
1662978776819	8.65813	-1.5813566	-1.2759727
1662978776829	9.002696	-1.6351951	-0.5267201
1662978776843	9.267402	-1.6124634	-0.08973085
1662978776890	9.493524	-1.3776677	-0.17467605
1662978776907	9.736694	-0.9589237	-0.5458627
1662978776917	9.486345	-0.6332007	-0.76241314
1662978776992	9.495916	-0.5075775	-0.76600236
1662978777007	9.603892	-0.69541407	-0.92632145
1662978777017	9.491131	-0.92542416	-0.8042875
1662978777028	9.334401	-1.1814562	-0.67148584
1662978777039	9.5557375	-1.4868401	-0.65353966
1662978777053	9.751051	-1.704587	-0.5697909
1662978777063	9.876675	-1.806282	-0.36729828
1662978777074	9.712767	-1.9486549	-0.33738798
1662978777088	9.617053	-2.009672	-0.25603202
1662978777101	9.491131	-1.8816559	-0.07776674
1662978777111	9.6122675	-1.6998014	0.019142581
1662978777203	9.716355	-1.3597214	-0.2943172
1662978777217	10.053743	-1.0953146	-1.4769697
1662978777225	10.73151	-1.1324034	-2.684747
1662978777234	11.003096	-1.5000007	-2.6404798
1662978777244	11.4699955	-1.6686947	-1.4171492
1662978777256	10.889437	-1.8637097	-0.0634098
1662978777268	10.202397	-1.6004993	0.28863424
1662978777281	10.269397	-0.82701933	-1.0917253
1662978777291	10.165309	-0.051445685	-2.1317058
1662978777302	9.987941	0.5027919	-1.8888344
1662978777333	9.554541	0.93738824	-1.6133606
1662978777433	9.377472	1.096511	-1.5595222
1662978777447	9.590433	1.0175478	-1.466202
1662978777461	9.856336	0.52313083	-1.2520444
1662978777472	10.249058	0.26949164	-1.1347961
1662978777484	10.269397	0.17347965	-1.1647065
1662978777496	10.015458	0.35324043	-1.4159528
1662978777509	9.880263	0.6308079	-1.494916
1662978777526	9.583255	0.89072824	-1.6339988
1662978777536	9.199206	1.0689936	-1.7261224
1662978777547	9.073584	1.3429717	-1.6519449
1662978777561	9.098708	1.4018949	-1.5128621
1662978777572	9.072387	1.1264212	-1.326222
1662978777584	9.305687	0.7743772	-1.1814562
1662978777689	9.468399	0.18305093	-1.0977074
1662978777701	9.722338	-0.05503492	-0.9131609
1662978777711	9.71157	-0.21296121	-0.7588239
1662978777721	9.6015	-0.33888352	-0.7001997
1662978777729	9.521041	-0.18185452	-0.9023932
1662978777739	9.251849	-0.076570325	-0.97537434
1662978777752	9.232706	0.104087785	-0.9131609
1662978777761	9.385847	0.535095	-0.49292147
1662978777774	9.309277	0.78873414	-0.24885355
1662978777788	9.102298	0.8117651	-0.29910284
1662978777798	9.164511	0.41545382	-0.40558344
1662978777825	9.247063	0.038285162	-0.45104706
1662978777838	9.4229355	-0.40468612	-0.2105684
1662978777888	9.646963	-0.68345	0.13310076
1662978777901	10.028619	-0.75643104	0.4334
1662978777911	10.127921	-0.5554339	0.7603194
1662978777924	10.066904	-0.3999005	0.33529428
1662978777940	11.170593	0.3592225	-0.42711884
1662978777952	12.3041935	1.1084751	-0.9071789
1662978777963	11.289337	1.346561	-1.1144571
1662978777988	9.61825	0.9206385	-0.31226337
1662978778002	9.085547	0.28025934	-0.50039905
1662978778065	8.823235	-0.70378894	-1.2053844
1662978778079	9.037691	-1.1946167	-1.934298
1662978778089	9.455238	-0.98644114	-2.4849463
1662978778101	9.636196	-0.1902294	-2.0730817
1662978778126	9.791729	0.13399807	-1.2580265
1662978778141	9.893424	0.16869399	-0.81984085
1662978778151	9.91137	0.08015956	-0.5805586
1662978778161	9.822836	-0.33170503	-1.2592229
1662978778234	9.571291	-0.70618176	-1.5176477
1662978778249	9.536594	-0.86171526	-1.745265
1662978778257	9.84796	-0.8844471	-1.3357933
1662978778267	9.917353	-0.9314062	-1.4003994
1662978778275	9.862318	-0.86530447	-1.4255241
1662978778287	9.808479	-0.79710907	-1.1443675
1662978778294	9.725926	-0.7923234	-0.84735835
1662978778301	9.668499	-0.85812604	-0.70977104
1662978778307	9.596714	-0.9493524	-0.93708915
1662978778324	9.790533	-0.7289136	-1.2460624
1662978778340	9.746265	-0.70618176	-1.2520444
1662978778360	9.609875	-0.9062816	-1.4614165
1662978778387	9.54497	-1.082154	-1.3130615
1662978778400	9.611072	-1.1539388	-1.224527
1662978778414	9.715159	-1.0570294	-1.2699906
1662978778439	9.661321	-1.1383854	-1.2999009
1662978778453	9.617053	-1.2340983	-1.16351
1662978778474	9.699606	-1.189831	-1.090529
1662978778499	9.819247	-0.9601201	-1.1060823
1662978778510	9.662517	-0.78873414	-1.2352947
1662978778541	9.650553	-0.57577294	-1.4279169
1662978778555	9.584451	-0.5171488	-1.4231312
1662978778572	9.626625	-0.6966105	-1.3800604
1662978778588	9.69482	-1.0917253	-0.9634102
1662978778608	9.875478	-1.4856437	-0.84137625
1662978778627	9.977173	-1.7572291	-0.5183452
1662978778654	10.059726	-1.6136597	-0.76241314
1662978778666	9.917353	-1.6830516	-0.8138588
1662978778688	9.843175	-1.3082758	-1.1670992
1662978778708	9.949656	-0.83060855	-0.75523466
1662978778729	9.849157	-0.4441677	-0.64995044
1662978778741	9.846765	-0.29910284	-0.71694946
1662978778761	9.768997	-0.3807579	-1.090529
1662978778786	9.664909	-0.811466	-1.2209377
1662978778801	9.685248	-1.1766706	-1.3226327
1662978778818	9.734302	-1.1216356	-1.2017952
1662978778839	9.553345	-0.74207413	-1.1587243
1662978778860	9.669696	-0.22253251	-1.1694921
1662978778894	9.661321	0.016749758	-0.9981061
1662978778910	9.572487	-0.16749759	-0.8102696
1662978778919	9.5353985	-0.6643074	-0.750449
1662978778938	9.623035	-0.83060855	-0.77677006
1662978778953	9.761819	-0.7193423	-0.91196454
1662978778973	9.8348	-0.65712893	-0.9837492
1662978779002	9.797711	-0.6332007	-0.9239286
1662978779016	9.712767	-0.541077	-0.8066803
1662978779043	9.624231	-0.44536412	-0.68823564
1662978779051	9.573684	-0.3711866	-0.67028946
1662978779074	9.75823	-0.09810573	-0.8282157
1662978779090	9.845568	0.043070808	-0.8258229
1662978779118	9.643374	-0.40588254	-0.6678966
1662978779143	9.602696	-0.5087739	-0.84735835
1662978779151	9.715159	-0.42981076	-0.79830545
1662978779169	9.772587	-0.50159544	-0.7073782
1662978779191	9.783355	-0.5422734	-0.663111
1662978779206	9.814461	-0.47886363	-0.56500524
1662978779223	9.846765	-0.37357944	-0.53270215
1662978779240	9.887443	-0.083748795	-0.76241314
1662978779267	9.794122	-0.014356935	-0.7636095
1662978779284	9.737891	-0.0023928226	-0.74446696
1662978779301	9.77498	-0.032303106	-0.71455663
1662978779317	9.824033	-0.038285162	-0.7085746
1662978779337	9.889835	-0.11365908	-0.6906284
1662978779356	9.855139	-0.29910284	-0.7013961
1662978779377	9.777372	-0.3472584	-0.78873414
1662978779401	9.700802	-0.28115666	-0.8712866
1662978779418	9.611072	-0.15433706	-0.97178507
1662978779435	9.733106	-0.101694964	-0.9023932
1662978779453	9.736694	-0.19142582	-0.97537434
1662978779478	9.712767	-0.4968098	-1.0737791
1662978779501	9.806087	-0.58893347	-1.0196415
1662978779517	9.845568	-0.38434714	-1.102493
1662978779535	9.770194	-0.038285162	-1.0136595
1662978779552	9.657731	0.2105684	-0.9131609
1662978779570	9.400204	0.10049855	-1.0399805
1662978779587	9.30808	-0.1052842	-1.4231312
1662978779606	9.6529455	-0.770788	-1.2616158
1662978779635	10.34836	-0.6667002	-0.47138608
1662978779651	10.470394	-0.2440679	-0.3062813
1662978779669	10.078868	-0.03589234	-0.8102696
