Timestamp 	 X 	 Y 	 Z 
1663755719881	10.168898	-0.16390835	0.17736799
1663755719885	9.931709	-0.29312077	-0.10887343
1663755719888	9.91496	-0.0011964113	-0.65353966
1663755719893	9.32483	0.04546363	-2.7003005
1663755719900	9.254242	0.16869399	-2.678765
1663755719904	9.697213	0.2551347	-1.3573287
1663755719908	9.880263	0.2527419	-0.8605189
1663755719912	9.742677	0.148355	-1.1252248
1663755719945	9.61466	0.009571291	-1.3310076
1663755719956	9.594321	-0.03589234	-1.3130615
1663755720042	9.672089	0.04546363	-1.2293127
1663755720051	9.782158	0.13399807	-1.2113664
1663755720058	9.863514	0.23958136	-1.183849
1663755720064	9.843175	0.29341987	-1.2568301
1663755720070	9.802497	0.20458634	-1.2675978
1663755720074	9.768997	0.06699903	-1.2065809
1663755720081	9.715159	-0.07178468	-1.1084751
1663755720126	9.67807	-0.16869399	-1.0809577
1663755720139	9.668499	-0.20817557	-1.1682956
1663755720150	9.687641	-0.21415763	-1.1994023
1663755720162	9.646963	-0.20578274	-1.2281163
1663755720256	9.552148	-0.15433706	-1.2747762
1663755720263	9.430114	-0.05742774	-1.4590236
1663755720273	9.4229355	0.008374879	-1.6411772
1663755720280	9.5665045	0.05503492	-1.6603198
1663755720289	9.797711	0.041874398	-1.4446666
1663755720299	9.938888	-0.019142581	-1.1001002
1663755720380	9.979566	-0.08973085	-1.0016954
1663755720389	10.040583	-0.15672988	-1.0124631
1663755720401	10.017851	-0.1160519	-1.076172
1663755720411	9.864711	-0.11485548	-1.2173486
1663755720420	9.684052	-0.19262223	-1.3393825
1663755720428	9.509077	-0.29910284	-1.3836497
1663755720438	9.468399	-0.392722	-1.3908281
1663755720448	9.626625	-0.44895336	-1.338186
1663755720459	9.876675	-0.3699902	-1.3238292
1663755720470	10.113564	-0.3484548	-1.2855439
1663755720482	10.158131	-0.42382872	-1.1503495
1663755720563	10.076475	-0.42023948	-1.1706885
1663755720576	9.844372	-0.47886363	-1.16351
1663755720586	9.679267	-0.53389853	-1.2999009
1663755720596	9.553345	-0.44536412	-1.378864
1663755720629	9.552148	-0.16749759	-1.4195421
1663755720639	9.686445	0.096909314	-1.4027922
1663755720650	10.036994	0.45014977	-1.3716856
1663755720662	10.289736	0.7408777	-1.372882
1663755720677	10.292129	0.7480562	-1.4530416
1663755720691	10.283753	0.59611195	-1.4159528
1663755720713	10.135099	0.41306102	-1.5798612
1663755720728	10.11835	0.48006004	-1.8074784
1663755720756	10.17488	0.8392825	-1.9223338
1663755720767	10.231112	1.2699906	-2.1269202
1663755720854	10.460822	1.8266209	-2.3150558
1663755720865	10.8200445	2.4502504	-2.213361
1663755720880	10.621141	2.7711878	-2.088635
1663755720896	9.455238	2.4239295	-1.9630119
1663755720909	8.206783	1.8840487	-1.7955143
1663755720920	7.841579	1.6483557	-1.204188
1663755720933	8.069196	1.8110676	-0.9299107
1663755720945	8.326425	1.9525433	-1.1670992
1663755720957	8.368299	1.89362	-1.5104693
1663755720966	8.083553	1.602892	-1.5631114
1663755720980	7.9387875	1.4126626	-1.2831511
1663755721045	8.175676	1.495215	-0.9550353
1663755721061	8.89143	1.6806588	-0.7588239
1663755721072	9.548559	1.9405792	-0.65712893
1663755721083	9.790533	1.9812572	-0.6942177
1663755721095	9.840782	1.6974086	-0.48454657
1663755721107	9.698409	1.3671991	-0.53629136
1663755721129	9.188439	1.0402796	-0.89760756
1663755721139	8.976375	0.8895318	-1.0689936
1663755721152	9.122637	0.9242278	-0.6858428
1663755721165	9.260223	1.0857433	-0.17108682
1663755721257	9.742677	1.4700904	0.0011964113
1663755721272	10.088439	1.8541385	-0.22013968
1663755721287	9.94487	1.8852451	-0.5901299
1663755721298	9.869496	1.5071791	-1.0088738
1663755721309	9.943673	1.3154542	-1.4709877
1663755721321	10.026226	1.3983058	-1.8218354
1663755721364	10.403395	1.6926229	-1.8720846
1663755721374	11.38505	2.2121646	-1.4410775
1663755721388	11.714064	2.0279171	-1.1706885
1663755721398	10.386645	0.8751749	-1.378864
1663755721409	8.786145	0.07058827	-1.9977078
1663755721422	7.8032937	-0.3376871	-2.3030918
1663755721432	7.5999036	-0.689432	-2.0312073
1663755721446	7.8679	-0.93260264	-1.765604
1663755721457	8.243873	-1.0055838	-2.1870399
1663755721470	8.929715	-0.8991031	-3.045166
1663755721485	9.348758	-0.6523433	-3.705884
1663755721496	9.530613	-0.3364907	-4.0627136
1663755721507	9.778569	0.19501504	-3.8339
1663755721577	10.025029	0.6547361	-2.7110682
1663755721587	10.069297	0.56141603	-1.5583258
1663755721600	10.103992	0.05742774	-1.2616158
1663755721612	10.105189	-0.31585258	-1.3692927
1663755721627	10.0681	-0.45014977	-1.3669
1663755721639	9.886246	-0.51236314	-1.6447664
1663755721650	9.850353	-0.6523433	-2.0563319
1663755721662	9.603892	-1.1192428	-2.1604197
1663755721711	9.171689	-1.5311074	-2.0336
1663755721721	8.906983	-1.6567305	-1.9618155
1663755721758	9.026625	-1.7081763	-2.1352952
1663755721775	9.5868435	-1.5669997	-2.141277
1663755721787	10.036994	-1.2221341	-1.6121643
1663755721822	10.33161	-0.8844471	-1.1814562
1663755721833	10.596017	-0.66071814	-0.9813564
1663755721844	10.747064	-0.50039905	-1.0447662
1663755721854	11.054542	-0.31226337	-1.0570294
1663755721866	11.212468	-0.20338993	-1.1252248
1663755721888	11.040185	-0.26799613	-1.6734804
1663755721898	10.952847	-0.45014977	-2.3605196
1663755721952	10.695319	-0.7001997	-2.382055
1663755721962	10.363914	-1.1467602	-1.9402801
1663755721971	10.434502	-1.4374882	-1.3824533
1663755722049	10.310075	-1.3968102	-1.1862419
1663755722062	10.139885	-1.1790633	-1.7129619
1663755722072	10.106385	-0.6750751	-2.3581266
1663755722084	10.088439	0.148355	-2.8094728
1663755722098	10.014262	0.974477	-3.193521
1663755722106	9.800104	1.3947165	-3.2497523
1663755722132	9.590433	1.5598212	-3.1695926
1663755722145	9.379865	1.6627127	-3.0487552
1663755722159	9.385847	1.7811574	-2.6656044
1663755722171	9.497113	1.7979071	-2.4622145
1663755722182	8.836395	1.3947165	-2.4514468
1663755722194	8.047661	1.0390832	-2.658426
1663755722252	7.528119	1.2293127	-2.9506495
1663755722263	7.1820574	1.6435701	-2.7711878
1663755722273	7.0325055	1.9800607	-2.292324
1663755722287	7.5520473	2.292324	-2.0994027
1663755722367	8.251051	2.478067	-2.2779672
1663755722379	9.066405	2.6419754	-2.5579274
1663755722390	10.115957	2.8776684	-2.3114667
1663755722401	10.754242	2.8992038	-1.6878372
1663755722410	10.355538	2.4948168	-1.1611172
1663755722426	9.178867	1.8589242	-1.4207385
1663755722437	8.243873	1.4090735	-1.8421743
1663755722445	8.045268	1.3935201	-1.8314066
1663755722461	8.42812	1.6196418	-1.3920245
1663755722479	8.607881	1.6627127	-0.79710907
1663755722490	8.843574	1.718944	-0.7013961
1663755722570	8.979964	1.7165512	-0.7289136
1663755722584	8.872287	1.6100706	-0.3900301
1663755722593	8.83161	1.3731811	-0.16510476
1663755722610	9.203992	1.1706885	-0.19740787
1663755722633	9.580862	0.9637093	-0.23569304
1663755722648	10.308878	0.9302098	-0.6511469
1663755722659	11.657832	1.2903296	-1.3992031
1663755722668	12.822538	2.3688943	-2.4670002
1663755722678	13.088441	3.3637104	-2.4765713
1663755722692	11.940484	3.4630125	-1.9271195
1663755722778	10.051351	3.0284162	-1.9199411
1663755722788	8.383852	2.248057	-2.2181466
1663755722800	7.4479594	1.4437693	-2.4179473
1663755722811	7.361818	0.5673981	-2.0874386
1663755722826	7.855936	-0.48364928	-1.2604194
1663755722838	8.4604225	-1.5335002	-0.6116653
1663755722847	8.944072	-2.0482562	-1.0570294
1663755722858	9.003893	-1.934298	-2.3557339
1663755722871	8.843574	-1.4386846	-3.3852458
1663755722887	9.012267	-0.8389834	-3.9418762
1663755722899	9.573684	-0.09571291	-4.0938206
1663755723005	10.022636	0.5937191	-3.7645082
1663755723014	9.879067	1.0115658	-3.1887352
1663755723023	9.573684	1.096511	-2.5842485
1663755723036	9.902996	1.2879368	-1.7201403
1663755723046	10.869098	1.5729818	-0.8330014
1663755723057	11.486745	1.5023935	-0.24526432
1663755723066	10.576875	0.7408777	-0.1052842
1663755723081	9.104691	-0.28713873	-1.1910275
1663755723094	9.965209	-0.46929234	-2.3856442
1663755723107	12.005091	-0.3484548	-2.3844478
1663755723127	13.2021	-1.096511	-2.2456641
1663755723142	12.505489	-2.0781665	-2.8585258
1663755723153	10.119546	-1.6734804	-3.5443685
1663755723170	8.453244	0.09212367	-3.1576285
1663755723181	7.5029945	0.7372885	-1.5451652
1663755723259	7.160522	0.22372891	-0.5925227
1663755723269	7.659724	-0.41306102	-0.8676973
1663755723281	8.482257	-0.62961143	-1.3561323
1663755723297	9.0951185	-0.927817	-1.867299
1663755723308	9.442079	-0.994816	-2.4179473
1663755723382	9.84796	-0.30388847	-2.676372
1663755723397	10.410573	0.4968098	-2.120938
1663755723406	9.9807625	0.79112697	-1.4027922
1663755723413	9.409775	1.0211371	-1.3250256
1663755723426	9.45165	1.2999009	-1.3022938
1663755723437	9.716355	1.332204	-1.332204
1663755723447	9.89821	0.7851449	-1.2149557
1663755723460	9.97837	0.19980069	-1.1551352
1663755723472	9.962816	0.041874398	-0.8952148
1663755723490	9.824033	0.17228323	-0.72053874
1663755723505	9.75823	0.33409786	-0.9203394
1663755723583	9.58804	0.27786654	-1.5343975
1663755723595	9.379865	0.06819545	-2.1711874
1663755723605	9.29133	0.0741775	-2.4275186
1663755723615	9.352347	0.28145576	-1.9666011
1663755723624	9.643374	0.56859446	-1.0857433
1663755723639	10.102797	0.79860455	-0.45104706
1663755723650	10.28495	0.7001997	-0.5554339
1663755723665	10.096814	0.5303093	-1.3800604
1663755723678	9.852746	0.57457656	-1.9965113
1663755723686	9.385847	0.62721866	-1.9295124
1663755723816	9.068798	0.7648059	-1.4207385
1663755723827	8.959625	0.71216387	-1.0411769
1663755723835	9.055637	0.4668995	-1.1862419
1663755723850	9.281759	0.25633112	-1.4566308
1663755723861	9.638589	0.35563326	-1.5523437
1663755723872	9.785748	0.4884349	-1.3669
1663755723886	9.864711	0.56859446	-1.1395818
1663755723898	9.759426	0.42382872	-1.1551352
1663755723906	9.662517	0.18544376	-1.2771691
1663755723913	9.7043915	-0.0011964113	-1.2855439
1663755723925	9.748658	-0.03708875	-1.2364911
1663755723992	9.688838	0.023928227	-1.230509
1663755724007	9.64457	0.09810573	-1.1647065
1663755724017	9.705587	0.18544376	-0.97537434
1663755724025	9.844372	0.28145576	-0.8282157
1663755724036	10.047761	0.25752753	-0.78394854
1663755724049	10.1446705	0.104087785	-0.83778703
1663755724060	10.026226	-0.078963146	-0.92273223
1663755724069	9.875478	-0.13160525	-0.9693923
1663755724080	9.777372	-0.059820566	-0.9610174
1663755724096	9.869496	0.047856454	-0.94785684
1663755724138	10.07169	0.12083755	-0.94785684
1663755724148	10.053743	0.05383851	-0.9239286
1663755724158	9.891031	0.019142581	-0.94666046
1663755724171	9.734302	0.08853444	-0.86171526
1663755724201	9.645767	0.17587246	-0.69182485
1663755724213	9.654142	0.19860429	-0.6308079
1663755724249	9.798908	0.20578274	-0.6858428
1663755724263	9.8348	0.15194423	-0.7612167
1663755724274	9.764212	0.104087785	-0.97776717
1663755724290	9.673285	0.12203395	-1.0869397
1663755724402	9.69482	0.21296121	-0.98853487
1663755724412	9.7450695	0.24436702	-0.8102696
1663755724424	9.705587	0.19980069	-0.7480562
1663755724436	9.620643	0.08853444	-0.7588239
1663755724448	9.5868435	0.032303106	-0.83060855
1663755724461	9.572487	0.038285162	-0.8700901
1663755724480	9.577272	0.14356937	-0.90119684
1663755724498	9.679267	0.22971097	-0.85094756
1663755724512	9.801301	0.19142582	-0.76241314
1663755724528	9.827621	0.1268196	-0.7743772
1663755724543	9.790533	0.12083755	-0.878465
1663755724609	9.802497	0.1268196	-0.919143
1663755724623	9.845568	0.12083755	-0.817448
1663755724632	9.809675	0.09571291	-0.6786643
1663755724648	9.730712	0.07058827	-0.61046886
1663755724659	9.729516	0.08135597	-0.60687965
1663755724668	9.77498	0.08015956	-0.64636123
1663755724679	9.779765	0.047856454	-0.79950184
1663755724693	9.776176	0.043070808	-0.9945169
1663755724706	9.74148	0.01794617	-0.9622138
1663755724718	9.731909	0.029910283	-0.7516454
1663755724819	9.748658	0.050249275	-0.52911294
1663755724828	9.721141	0.07058827	-0.4534399
1663755724840	9.685248	0.02871387	-0.62841505
1663755724855	9.718748	0.02751746	-0.7468598
1663755724867	9.785748	0.083748795	-0.76241314
1663755724873	9.767801	0.09332009	-0.7683952
1663755724887	9.697213	0.049052864	-0.80548394
1663755724898	9.666106	0.034695927	-0.81266236
1663755724906	9.698409	0.031106694	-0.7001997
1663755724919	9.753445	0.0023928226	-0.61764735
1663755724933	9.77498	-0.047856454	-0.56500524
1663755724943	9.810872	-0.058624156	-0.58534425
1663755725011	9.855139	-0.051445685	-0.6415756
1663755725024	9.871889	-0.013160525	-0.6332007
1663755725031	9.839586	0.02751746	-0.5602196
1663755725038	9.789336	0.05623133	-0.55304116
1663755725048	9.759426	0.050249275	-0.6008976
1663755725055	9.780962	0.03708875	-0.73369926
1663755725063	9.798908	0.08255238	-0.79950184
1663755725071	9.802497	0.09332009	-0.8042875
1663755725126	9.776176	0.08135597	-0.71694946
1663755725133	9.74148	0.050249275	-0.5841478
1663755725139	9.623035	0.021535404	-0.56380886
1663755725143	9.626625	-0.011964113	-0.71336025
1663755725199	9.751051	0.038285162	-0.8365906
1663755725206	9.88505	0.101694964	-0.7085746
1663755725212	9.901799	0.08135597	-0.6583253
1663755725218	9.816854	0.021535404	-0.6667002
1663755725245	9.706784	-0.023928227	-0.71455663
1663755725249	9.669696	-0.033499517	-0.7588239
1663755725385	9.688838	-0.0059820567	-0.79112697
1663755725401	9.7043915	-0.0011964113	-0.80548394
1663755725414	9.7043915	-0.047856454	-0.770788
1663755725426	9.70798	-0.046660043	-0.7360921
1663755725439	9.731909	-0.013160525	-0.7360921
1663755725450	9.78814	-0.025124637	-0.7516454
1663755725466	9.835997	0.0011964113	-0.7755736
1663755725483	9.858728	-0.008374879	-0.73848486
1663755725496	9.8348	0.008374879	-0.7085746
1663755725512	9.783355	0.009571291	-0.7827521
1663755725526	9.759426	-0.0059820567	-0.8246265
1663755725622	9.752248	0.009571291	-0.7899306
1663755725630	9.768997	-0.008374879	-0.7851449
1663755725643	9.78814	-0.010767702	-0.79710907
1663755725657	9.819247	-0.0047856453	-0.78634137
1663755725668	9.814461	-0.015553347	-0.7755736
1663755725682	9.796515	-0.03708875	-0.8030911
1663755725697	9.778569	-0.06819545	-0.81864446
1663755725708	9.778569	-0.0849452	-0.7612167
1663755725720	9.752248	-0.07058827	-0.73848486
1663755725730	9.764212	-0.043070808	-0.69900334
1663755725815	9.828818	-0.033499517	-0.71694946
1663755725824	9.869496	-0.04426722	-0.71694946
1663755725833	9.879067	-0.049052864	-0.71216387
1663755725848	9.855139	-0.05503492	-0.76241314
1663755725859	9.778569	-0.032303106	-0.80189466
1663755725870	9.7247305	-0.041874398	-0.7516454
1663755725881	9.712767	-0.033499517	-0.63200426
1663755725895	9.729516	-0.04546363	-0.6260222
1663755725909	9.727123	-0.0741775	-0.7600203
1663755725919	9.733106	-0.02871387	-0.85214394
1663755725930	9.792926	-0.009571291	-0.80907315
1663755725942	9.856336	0.008374879	-0.6870392
1663755726033	9.844372	0.011964113	-0.6236294
1663755726048	9.777372	0.025124637	-0.67387867
1663755726057	9.718748	-0.020338992	-0.73011
1663755726066	9.709177	-0.06460621	-0.76241314
1663755726073	9.71157	-0.058624156	-0.73369926
1663755726087	9.70798	-0.02751746	-0.6858428
1663755726099	9.761819	0.016749758	-0.6308079
1663755726109	9.820443	0.02871387	-0.6523433
1663755726145	9.864711	0.032303106	-0.6750751
1663755726156	9.853943	0.025124637	-0.67387867
1663755726167	9.779765	-0.008374879	-0.7193423
1663755726178	9.690035	0.009571291	-0.750449
1663755726186	9.701999	0.015553347	-0.6966105
1663755726260	9.825229	0.043070808	-0.602094
1663755726271	9.904192	0.041874398	-0.5985048
1663755726283	9.9089775	0.05503492	-0.67028946
1663755726298	9.838389	0.062213387	-0.73489565
1663755726313	9.749855	0.04546363	-0.750449
1663755726329	9.692428	0.046660043	-0.7157531
1663755726382	9.679267	0.03589234	-0.6439684
1663755726399	9.703195	0.025124637	-0.67387867
1663755726408	9.749855	0.022731815	-0.68345
1663755726421	9.809675	0.050249275	-0.6547361
1663755726438	9.855139	0.08973085	-0.622433
1663755726452	9.813265	0.06460621	-0.6547361
1663755726465	9.759426	0.039481573	-0.70378894
1663755726474	9.715159	0.04426722	-0.72412795
1663755726491	9.696016	0.031106694	-0.7396813
1663755726504	9.723534	0.023928227	-0.7360921
1663755726518	9.779765	0.0023928226	-0.62482584
1663755726630	9.770194	0.020338992	-0.60329044
1663755726643	9.779765	0.031106694	-0.7049854
1663755726654	9.742677	0.08015956	-0.7360921
1663755726663	9.743873	0.07776674	-0.6367899
1663755726674	9.794122	0.08255238	-0.62123656
1663755726689	9.809675	0.08015956	-0.663111
1663755726701	9.783355	0.04546363	-0.6870392
1663755726712	9.735498	0.050249275	-0.69900334
1663755726727	9.730712	0.0634098	-0.6678966
1663755726739	9.780962	0.08733802	-0.62482584
1663755726836	9.810872	0.10887343	-0.6044868
1663755726844	9.812068	0.08853444	-0.6164509
1663755726853	9.776176	0.043070808	-0.64277196
1663755726860	9.736694	0.03589234	-0.6547361
1663755726868	9.675677	0.040677983	-0.6678966
1663755726874	9.693624	0.06699903	-0.6583253
1663755726885	9.755837	0.07058827	-0.58893347
1663755726893	9.803694	0.04426722	-0.61046886
1663755726900	9.84796	0.029910283	-0.64037913
1663755726909	9.840782	0.033499517	-0.6583253
1663755726921	9.802497	0.02632105	-0.64037913
1663755726929	9.776176	0.05503492	-0.6128617
1663755727034	9.743873	0.06819545	-0.6128617
1663755727050	9.721141	0.043070808	-0.6308079
1663755727066	9.709177	0.013160525	-0.64636123
1663755727082	9.729516	0.011964113	-0.6559325
1663755727098	9.748658	0.019142581	-0.6451648
1663755727108	9.755837	0.023928227	-0.60807604
1663755727123	9.735498	0.034695927	-0.6200402
1663755727136	9.752248	0.01794617	-0.62123656
1663755727147	9.785748	0.033499517	-0.59970117
1663755727157	9.803694	0.051445685	-0.5733801
1663755727165	9.812068	0.050249275	-0.5985048
1663755727181	9.78814	0.05503492	-0.6415756
1663755727232	9.768997	0.062213387	-0.6475576
1663755727247	9.77139	0.08853444	-0.5733801
1663755727259	9.748658	0.09810573	-0.5733801
1663755727271	9.767801	0.06580263	-0.68105716
1663755727282	9.764212	0.06699903	-0.71336025
1663755727302	9.764212	0.034695927	-0.6116653
1663755727318	9.798908	0.038285162	-0.5099703
1663755727380	9.838389	0.05742774	-0.46181476
1663755727394	9.820443	0.043070808	-0.49800622
1663755727405	9.772587	0.034695927	-0.58654064
1663755727417	9.78814	0.046660043	-0.61884373
1663755727429	9.778569	0.03708875	-0.6092725
1663755727439	9.792926	0.05383851	-0.57577294
1663755727447	9.783355	0.086141616	-0.5482555
1663755727453	9.761819	0.08973085	-0.53270215
1663755727459	9.7450695	0.0526421	-0.5315057
1663755727464	9.752248	0.040677983	-0.5733801
1663755727630	9.760623	0.019142581	-0.5925227
1663755727644	9.782158	0.02751746	-0.57936215
1663755727654	9.795319	0.06580263	-0.58534425
1663755727660	9.786943	0.08135597	-0.56141603
1663755727669	9.801301	0.08135597	-0.5590232
1663755727675	9.813265	0.014356935	-0.55782676
1663755727680	9.806087	0.014356935	-0.56500524
1663755727686	9.792926	0.034695927	-0.5829514
1663755727691	9.7654085	0.07178468	-0.5566304
1663755727697	9.725926	0.083748795	-0.541077
1663755727703	9.740284	0.05742774	-0.56380886
1663755727711	9.813265	0.047856454	-0.5721837
1663755727717	9.857532	0.061016977	-0.57816577
1663755727842	9.850353	0.086141616	-0.57457656
1663755727849	9.806087	0.11844472	-0.52193445
1663755727855	9.730712	0.12323037	-0.520738
1663755727860	9.688838	0.124426775	-0.5518447
1663755727865	9.7247305	0.16390835	-0.5721837
1663755727870	9.794122	0.19980069	-0.5733801
1663755727874	9.844372	0.19621146	-0.57457656
1663755727879	9.893424	0.16869399	-0.54346985
1663755727883	9.895817	0.16390835	-0.44985065
1663755727887	9.838389	0.11246266	-0.4211368
1663755728042	9.779765	0.07537391	-0.5673981
1663755728052	9.754641	0.06580263	-0.64636123
1663755728058	9.778569	0.106480606	-0.59730834
1663755728064	9.832407	0.17347965	-0.5602196
1663755728071	9.849157	0.21774685	-0.541077
1663755728077	9.795319	0.22253251	-0.53629136
1663755728083	9.727123	0.19980069	-0.5721837
1663755728090	9.719945	0.22851457	-0.5709873
1663755728123	9.736694	0.19262223	-0.54346985
1663755728129	9.749855	0.1698904	-0.581755
1663755728135	9.746265	0.1471586	-0.6308079
1663755728141	9.77139	0.13160525	-0.57816577
1663755728234	9.753445	0.13040884	-0.5279165
1663755728242	9.739087	0.14476576	-0.55064833
1663755728253	9.749855	0.13758731	-0.56859446
1663755728267	9.820443	0.14476576	-0.55064833
1663755728271	9.861121	0.14237295	-0.57457656
1663755728275	9.892228	0.19381863	-0.57816577
1663755728280	9.849157	0.17587246	-0.52313083
1663755728381	9.791729	0.18664017	-0.5099703
1663755728394	9.747462	0.15074782	-0.5279165
1663755728409	9.705587	0.11724831	-0.5554339
1663755728417	9.729516	0.10767702	-0.58534425
1663755728430	9.747462	0.11006984	-0.5805586
1663755728439	9.728319	0.1268196	-0.5721837
1663755728449	9.691231	0.14237295	-0.59970117
1663755728460	9.709177	0.1698904	-0.61046886
1663755728478	9.767801	0.20817557	-0.5949155
1663755728490	9.796515	0.22013968	-0.5901299
1663755728632	9.81805	0.22731815	-0.60807604
1663755728649	9.819247	0.21655045	-0.56500524
1663755728662	9.772587	0.23479572	-0.5063811
1663755728674	9.709177	0.2431706	-0.541077
1663755728689	9.672089	0.23599213	-0.6200402
1663755728701	9.672089	0.19621146	-0.669093
1663755728710	9.733106	0.18185452	-0.5877371
1663755728723	9.701999	0.2105684	-0.57457656
1663755728737	9.71157	0.23718855	-0.6655038
1663755728747	9.748658	0.27906293	-0.68225354
1663755728760	9.785748	0.3077768	-0.57936215
1663755728857	9.801301	0.2958127	-0.5279165
1663755728876	9.800104	0.2742773	-0.5769694
1663755728888	9.782158	0.25034907	-0.5554339
1663755728898	9.746265	0.2742773	-0.55304116
1663755728907	9.752248	0.28384858	-0.56859446
1663755728920	9.754641	0.2623132	-0.58534425
1663755728932	9.773783	0.2213361	-0.581755
1663755728944	9.773783	0.22971097	-0.55064833
1663755728955	9.810872	0.25992036	-0.53629136
1663755728965	9.813265	0.2551347	-0.5733801
1663755728974	9.813265	0.285045	-0.5877371
1663755728986	9.807282	0.2527419	-0.541077
1663755729049	9.784551	0.2335993	-0.46181476
1663755729065	9.740284	0.1902294	-0.43429732
1663755729076	9.713963	0.19980069	-0.52313083
1663755729089	9.713963	0.18544376	-0.5805586
1663755729101	9.721141	0.19381863	-0.58654064
1663755729112	9.752248	0.21894327	-0.6044868
1663755729128	9.800104	0.23718855	-0.5901299
1663755729138	9.850353	0.25872394	-0.5267201
1663755729146	9.85155	0.26590243	-0.49292147
1663755729158	9.844372	0.24795625	-0.52911294
1663755729174	9.797711	0.25393832	-0.541077
1663755729187	9.766604	0.23479572	-0.5315057
1663755729247	9.727123	0.19621146	-0.5267201
1663755729261	9.712767	0.16031912	-0.55064833
1663755729272	9.74148	0.15314065	-0.5805586
1663755729284	9.768997	0.14356937	-0.5769694
1663755729297	9.808479	0.17467605	-0.5697909
1663755729305	9.832407	0.20578274	-0.5279165
1663755729315	9.828818	0.21296121	-0.4749753
1663755729384	9.800104	0.21894327	-0.47976094
1663755729400	9.759426	0.2324029	-0.535095
1663755729409	9.795319	0.22851457	-0.53988063
1663755729422	9.833604	0.23718855	-0.45702913
1663755729435	9.846765	0.20338993	-0.46660042
1663755729447	9.819247	0.19621146	-0.57457656
1663755729460	9.757033	0.19621146	-0.62961143
1663755729472	9.755837	0.19501504	-0.5422734
1663755729485	9.82164	0.18185452	-0.46061835
1663755729495	9.807282	0.16390835	-0.49800622
1663755729632	9.740284	0.17587246	-0.57577294
1663755729648	9.705587	0.17826529	-0.6056832
1663755729659	9.697213	0.17706887	-0.5901299
1663755729669	9.660124	0.1794617	-0.60687965
1663755729685	9.654142	0.15194423	-0.57816577
1663755729697	9.643374	0.13519448	-0.51236314
1663755729706	9.663713	0.034695927	-0.41515473
1663755729717	9.682856	-0.062213387	-0.38763726
1663755729727	9.674481	-0.08853444	-0.44865423
1663755729738	9.801301	0.0634098	-0.55064833
1663755729838	10.05494	0.27068806	-0.54705906
1663755729851	10.074082	0.3269194	-0.52552366
1663755729861	9.85155	0.29222345	-0.62482584
1663755729872	9.69482	0.2213361	-0.72771716
1663755729884	9.786943	0.13040884	-0.68345
1663755729897	10.075279	-0.051445685	-0.58893347
1663755729908	10.259826	-0.25004998	-0.4869394
1663755729920	10.081261	-0.46929234	-0.35294133
1663755729935	9.662517	-0.5590232	-0.5482555
1663755729949	9.370294	-0.3182454	-0.8449655
1663755729959	9.430114	0.05623133	-0.7193423
1663755730062	9.687641	0.2335993	-0.55782676
1663755730074	9.776176	0.148355	-0.61884373
1663755730088	9.691231	0.04426722	-0.77677006
1663755730098	9.603892	0.18185452	-0.80189466
1663755730106	9.52822	0.47048876	-0.6786643
1663755730113	9.534202	0.7289136	-0.7085746
1663755730125	9.700802	0.92542416	-0.8641081
1663755730138	9.822836	1.0390832	-0.9299107
1663755730147	9.778569	0.9493524	-0.85094756
1663755730159	9.567701	0.6786643	-0.86889374
1663755730173	9.412168	0.5183452	-0.9406784
1663755730190	9.363115	0.43938205	-0.88325065
1663755730207	9.42174	0.36759737	-0.9239286
1663755730219	9.482756	0.39870408	-0.95383894
1663755730247	9.456435	0.43938205	-0.93349993
1663755730261	9.485149	0.55304116	-0.8341978
1663755730275	9.608679	0.63559353	-0.71694946
1663755730286	9.736694	0.6056832	-0.6583253
1663755730294	9.882657	0.4764708	-0.5841478
1663755730307	10.11476	0.34486556	-0.5279165
1663755730317	10.34477	0.2730809	-0.5087739
1663755730386	10.454841	0.2105684	-0.6547361
1663755730403	10.316056	0.17228323	-0.81266236
1663755730416	9.9807625	0.20578274	-0.8569296
1663755730425	9.675677	0.24436702	-0.8246265
1663755730432	9.457631	0.21655045	-0.8030911
1663755730444	9.460024	0.20219351	-0.77796644
1663755730456	9.6122675	0.30059835	-0.7648059
1663755730465	9.699606	0.40588254	-0.79710907
1663755730478	9.743873	0.57457656	-1.0208379
1663755730493	9.906585	0.89431745	-1.2125629
1663755730629	10.3746805	1.2664014	-1.1240284
1663755730637	10.603195	1.489233	-1.0809577
1663755730648	10.249058	1.4712868	-1.0677971
1663755730659	9.719945	1.5071791	-1.3154542
1663755730671	9.640982	1.8278174	-1.6049858
1663755730684	10.070493	2.2468605	-1.4673985
1663755730696	10.311271	2.4107687	-1.3034902
1663755730708	10.007083	2.3784657	-1.3022938
1663755730722	9.4839525	2.4622145	-1.3980067
1663755730735	9.037691	2.4792633	-1.3345969
1663755730750	8.700004	2.3174486	-0.90358967
1663755730840	8.545667	2.0063818	-0.37806597
1663755730854	8.589934	1.6100706	-0.07178468
1663755730864	8.644969	1.2807583	-0.047856454
1663755730872	8.67129	1.1647065	-0.21296121
1663755730884	8.8136635	1.2436695	-0.39840496
1663755730902	9.170493	1.4593227	-0.3290131
1663755730908	9.559326	1.6746768	-0.28115666
1663755730914	9.67807	1.7572291	-0.34456646
1663755730920	9.525827	1.7225332	-0.28235307
1663755730926	9.162118	1.5837495	-0.14596218
1663755731046	8.867501	1.468894	-0.11724831
1663755731057	8.859127	1.4856437	-0.14117654
1663755731065	9.142975	1.5167505	-0.21894327
1663755731073	9.58804	1.4401802	0.022731815
1663755731080	9.824033	1.2544373	0.7304091
1663755731089	10.165309	1.1479566	1.2140584
1663755731096	10.357931	1.076172	1.3085749
1663755731104	10.216755	1.0055838	0.8117651
1663755731112	9.795319	0.887139	0.13190435
1663755731119	9.512667	0.7588239	-0.70618176
1663755731127	9.624231	0.75643104	-1.3812568
1663755731134	10.086046	1.4868401	-1.5284154
1663755731141	11.175379	3.1040893	-1.1659029
1663755731148	12.558131	4.449454	-0.80548394
1663755731246	12.926626	4.100999	-1.3298112
1663755731258	11.594422	2.0003998	-1.4219348
1663755731269	10.160523	0.31016964	-1.4159528
1663755731277	9.013464	-0.5279165	-1.4757733
1663755731285	8.134998	-0.9696914	-1.2771691
1663755731296	7.7697945	-1.102493	-0.97537434
1663755731305	7.591529	-1.1192428	-1.1491531
1663755731380	7.611868	-0.80907315	-1.9271195
1663755731391	7.8774714	-0.34606197	-2.8788648
1663755731398	8.386245	-0.0634098	-3.5060835
1663755731404	9.282955	0.05623133	-3.7597225
1663755731411	10.125528	0.013160525	-3.3852458
1663755731421	10.412966	-0.03589234	-2.5639095
1663755731444	10.126724	-0.06460621	-2.1520448
1663755731455	9.757033	-0.25244278	-2.0252252
1663755731464	9.517452	-0.46809593	-1.9127626
1663755731472	9.578469	-0.6774679	-1.9426728
1663755731503	9.807282	-0.86171526	-1.9007984
1663755731629	9.946067	-1.1850454	-1.7811574
1663755731640	9.786943	-1.4605191	-1.8613169
1663755731649	9.318848	-1.5335002	-2.0276182
1663755731661	8.722735	-1.4605191	-2.300699
1663755731671	8.431708	-1.3046865	-2.4670002
1663755731681	8.705986	-1.0642079	-2.0670996
1663755731693	9.3511505	-0.7432705	-1.3692927
1663755731705	10.14826	-0.38554356	-0.80189466
1663755731714	11.0019	-0.09571291	-0.36370903
1663755731725	11.505888	0.11964113	-0.14356937
1663755731841	11.511869	0.041874398	-0.59730834
1663755731859	11.104791	-0.28235307	-1.2783655
1663755731872	10.760224	-0.6044868	-1.7907287
1663755731884	11.033006	-0.52193445	-1.8266209
1663755731895	11.893824	-0.124426775	-1.5571294
1663755731907	12.433704	0.46091747	-1.5116657
1663755731917	12.34846	0.64636123	-1.718944
1663755731927	11.79542	0.22612174	-2.0515463
1663755731935	10.958829	-0.20817557	-1.5667006
1663755731947	10.567303	-0.1902294	-1.494916
1663755731958	10.232307	0.17826529	-2.225325
1663755732050	9.378669	0.26111677	-2.8920252
1663755732065	8.811271	0.80937225	-3.437888
1663755732075	8.880662	1.8649062	-3.827918
1663755732086	8.500203	2.4646072	-3.7369907
1663755732097	7.4682984	2.6395824	-3.6209388
1663755732105	6.343074	2.716153	-3.3000016
1663755732114	5.742176	2.5845475	-2.5627131
1663755732127	5.9898334	2.2229323	-1.7823538
1663755732136	6.8135624	1.8122641	-1.1407782
1663755732146	8.273783	1.5957136	-0.68225354
1663755732158	10.13151	1.5777674	-0.8557332
1663755732171	10.800902	1.5179468	-1.1036894
1663755732181	10.246665	1.7871394	-1.4303098
1663755732259	9.432507	2.1140587	-1.0941181
1663755732267	9.003893	2.3832514	-0.45822555
1663755732277	8.676076	2.524727	-0.15194423
1663755732291	8.363513	2.251646	-0.20697916
1663755732304	8.476275	1.698605	-0.42831525
1663755732317	8.801699	1.230509	-0.5159524
1663755732329	8.747861	0.907478	-0.33499518
1663755732384	8.89502	0.85842514	0.02751746
1663755732401	9.275777	0.8787641	1.0642079
1663755732412	10.0417795	0.90388876	1.6651055
1663755732423	10.814063	1.0007981	1.5442679
1663755732436	10.839188	1.1383854	1.2248261
1663755732449	10.573285	0.99960166	0.34965122
1663755732462	10.366306	0.85842514	-0.96460664
1663755732474	9.987941	1.4880366	-2.0479572
1663755732494	9.8682995	2.9446673	-2.3461626
1663755732502	11.26511	4.249653	-1.6109679
1663755732512	13.455739	4.2341	-1.0543375
1663755732631	12.945768	2.518745	-0.9023932
1663755732645	11.050952	1.0175478	-1.4327025
1663755732656	9.438489	0.16630118	-1.6121643
1663755732666	8.156534	-0.4776672	-1.3621143
1663755732678	7.379764	-1.0366904	-1.0016954
1663755732687	6.7666035	-1.4736797	-0.939482
1663755732696	6.3801622	-1.5131612	-1.6268203
1663755732707	6.559624	-1.1575279	-2.7843482
1663755732717	7.125826	-1.0007981	-3.6951163
1663755732728	8.152945	-0.8808578	-4.2948174
1663755732742	9.873085	-0.6475576	-3.9957147
1663755732839	10.949257	-0.8066803	-2.9195428
1663755732857	10.9121685	-0.98524475	-2.605784
1663755732867	10.542178	-1.0402796	-2.2791636
1663755732873	10.562517	-0.87248296	-1.250848
1663755732887	10.810473	-0.61884373	-0.2847459
1663755732899	10.4871435	-0.55423754	-0.020338992
1663755732910	9.865907	-0.6858428	-0.7265208
1663755732925	9.355937	-0.6583253	-1.8625133
1663755732938	8.879466	-0.5171488	-2.7699914
1663755732949	8.652147	-0.5243273	-2.9650064
1663755733049	8.988339	-0.65353966	-2.4538395
1663755733063	9.869496	-0.5877371	-1.5367904
1663755733080	10.852348	-0.40588254	-0.602094
1663755733093	11.410174	-0.13280165	0.040677983
1663755733106	11.441281	0.18783657	0.06729814
1663755733117	10.966007	0.11964113	-0.32662028
1663755733129	10.713265	-0.07537391	-0.9945169
1663755733140	11.370693	-0.020338992	-1.3154542
1663755733152	12.451651	0.57457656	-1.4207385
1663755733164	12.799807	1.3010973	-1.500898
1663755733174	12.096018	1.0438689	-1.9809581
1663755733188	11.103595	0.25393832	-1.8014964
1663755733199	10.593624	-0.22851457	-1.3716856
1663755733251	10.211968	-0.2117648	-1.7955143
1663755733266	9.26142	0.10767702	-2.9374888
1663755733277	8.665308	0.39750767	-3.7597225
1663755733287	8.946465	1.2269198	-4.232604
1663755733297	9.002696	2.2073789	-4.0064826
1663755733311	8.157731	2.6072793	-3.2353954
1663755733324	6.5847487	2.4598217	-2.510071
1663755733335	5.461917	2.1463618	-1.9821545
1663755733381	5.5839505	1.7081763	-1.244866
1663755733395	6.9475603	1.3971093	-0.663111
1663755733406	9.017053	1.2963116	-0.32662028
1663755733415	10.454841	1.0438689	-0.4534399
1663755733423	10.387841	0.8739785	-1.0785648
1663755733446	9.590433	1.2293127	-1.4614165
1663755733459	8.939286	1.602892	-0.77677006
1663755733469	8.792128	1.9740787	0.15702899
1663755733485	8.725129	2.2492533	0.23599213
1663755733527	8.923733	2.1511476	-0.1268196
1663755733541	9.111869	1.8696918	-0.5829514
1663755733631	9.036494	1.590928	-0.9454641
1663755733647	8.926126	1.2879368	-0.55423754
1663755733657	9.099904	1.2592229	0.29820552
1663755733666	9.385847	1.1706885	1.2667005
1663755733679	9.556933	0.91346	1.7333009
1663755733689	9.584451	0.7468598	1.6459628
1663755733701	9.434899	0.9314062	1.1359925
1663755733714	9.986745	1.3106686	0.46929234
1663755733723	11.003096	1.5466608	-0.74446696
1663755733738	11.100005	1.9055841	-2.2839491
1663755733855	11.6686	2.8034909	-3.1671999
1663755733866	13.406686	3.3517463	-2.8286154
1663755733876	14.100006	2.585744	-2.6273193
1663755733890	12.634702	1.2568301	-2.635694
1663755733902	10.629517	0.77677006	-2.4538395
1663755733911	8.770593	0.64636123	-1.4757733
1663755733923	7.361818	0.10767702	-0.31226337
1663755733936	6.643373	-0.69900334	-0.11485548
1663755733946	6.3083777	-1.4039887	-0.72771716
1663755733957	6.25095	-1.6004993	-2.1077776
1663755733969	6.6098733	-1.4410775	-3.6664026
1663755733979	7.3869424	-1.5251254	-4.1548376
1663755733989	8.476275	-1.3800604	-4.334299
1663755734000	9.960423	-0.8557332	-4.388138
1663755734013	11.501102	-0.52552366	-3.0415766
1663755734024	11.885449	-0.17587246	-1.5403795
1663755734050	11.711671	0.41665024	-0.9299107
1663755734061	11.119147	0.535095	-0.43908295
1663755734073	10.375877	0.11964113	-0.55423754
1663755734138	9.633803	-0.45014977	-0.71216387
1663755734151	9.426525	-0.9816555	-0.9813564
1663755734167	9.572487	-0.92303133	-1.4733806
1663755734178	9.579665	-0.770788	-2.0515463
1663755734259	9.059227	-0.817448	-2.0252252
1663755734268	9.029017	-0.8066803	-1.6686947
1663755734277	10.059726	-0.30029923	-0.27996024
1663755734289	11.987144	0.9696914	1.3169497
1663755734299	12.682558	1.765604	0.9385847
1663755734308	11.855539	1.1682956	-1.6782659
1663755734317	11.364711	0.5673981	-3.8410785
1663755734330	11.413764	0.62721866	-4.0387855
1663755734339	11.086844	0.021535404	-2.1400807
1663755734348	10.919347	-0.08973085	0.10797612
1663755734380	11.6339035	0.7432705	1.3301103
1663755734392	11.207683	0.4956134	1.2020943
1663755734446	8.575577	-0.68105716	-1.326222
1663755734462	7.7961154	-0.67387867	-5.1604214
1663755734472	8.090732	0.08015956	-6.969096
1663755734485	8.016554	0.93978107	-6.212665
1663755734497	7.827222	1.9405792	-4.1177487
1663755734530	7.623832	2.7520452	-1.3393825
1663755734543	7.9974113	3.4606197	0.5709873
1663755734631	8.014161	3.7432718	0.14506488
1663755734647	7.9746795	2.8298118	-1.3310076
1663755734656	8.636594	1.6280167	-2.6715865
1663755734665	9.427721	1.1252248	-2.798705
1663755734680	9.427721	1.1491531	-2.3688943
1663755734694	9.165708	1.5227325	-1.7979071
1663755734707	9.083155	2.0889342	-1.1132607
1663755734717	9.225528	2.457429	-0.3912265
1663755734735	8.89502	2.3246272	0.18454644
1663755734743	8.555239	2.0255244	0.11515459
1663755734753	8.731111	1.7105691	-0.12203395
1663755734826	9.165708	1.2795619	-0.5063811
1663755734840	9.38824	0.74566334	-0.64995044
1663755734851	9.134601	0.2862414	-0.5063811
1663755734866	8.560024	0.050249275	0.18693927
1663755734878	8.851949	0.22013968	1.3851452
1663755734887	9.813265	0.73369926	1.9573289
1663755734895	10.243075	0.95413804	1.7670995
1663755734909	11.32164	0.77677006	1.4557334
1663755734919	12.389138	0.9661021	0.7435696
1663755734929	12.249158	1.6627127	-1.2424731
1663755735060	11.387443	2.8058836	-3.0942187
1663755735072	11.164612	3.777968	-3.5527434
1663755735087	11.629118	3.1782668	-3.063112
1663755735098	11.4903345	1.8349959	-2.969792
1663755735107	10.885847	0.92542416	-2.617748
1663755735127	10.278968	0.30299118	-1.2532408
1663755735132	9.822836	-0.12083755	0.27188447
1663755735141	8.709576	-0.7468598	0.36281174
1663755735155	7.376175	-1.602892	-0.9729815
1663755735170	6.387341	-1.974976	-2.3545375
1663755735183	5.788836	-1.6387844	-3.6005998
1663755735196	5.8223357	-0.8066803	-4.2577286
1663755735239	6.8709903	-0.25244278	-4.0495534
1663755735256	8.648559	-0.09092726	-3.3864422
1663755735268	10.439287	-0.14596218	-2.2002003
1663755735279	11.18495	-0.3400799	-1.4673985
1663755735288	11.269896	-0.6152545	-1.2699906
1663755735300	11.889038	-0.8497511	-0.50159544
1663755735338	11.794223	-0.933799	0.15702899
1663755735347	10.542178	-1.1718849	-0.5171488
1663755735357	9.276974	-1.3716856	-1.4769697
1663755735366	8.341978	-1.3896317	-2.193022
1663755735379	8.05125	-1.4207385	-2.3940191
1663755735390	8.4197445	-1.5143577	-1.9438694
1663755735401	9.274581	-1.4087744	-1.16351
1663755735447	10.036994	-0.98524475	-0.4211368
1663755735463	10.823634	-0.42502514	-0.0634098
1663755735475	11.978769	0.34486556	0.24556342
1663755735491	12.775878	0.8285148	0.36041892
1663755735541	13.433007	0.6332007	-0.039481573
1663755735549	13.472488	0.29102704	-0.52911294
1663755735556	12.086446	-0.11485548	-1.7572291
1663755735602	11.162218	-0.4956134	-3.065505
1663755735613	10.872687	-0.8533404	-3.1360931
1663755735627	10.130314	-0.7289136	-1.5750755
1663755735639	10.182058	-0.6200402	-0.68464637
1663755735648	9.814461	-0.5183452	-1.3345969
1663755735663	9.334401	-0.31585258	-2.7038896
1663755735679	9.337991	0.3999005	-4.031607
1663755735709	8.70479	1.0929217	-4.526024
1663755735720	7.798508	1.6196418	-3.7932222
1663755735730	6.9798636	2.1487548	-2.7026932
1663755735744	6.220741	2.6336005	-1.9163518
1663755735839	6.005387	2.6563323	-1.4518452
1663755735857	6.387341	2.1176481	-1.2532408
1663755735868	7.504191	1.7943178	-1.5990037
1663755735878	9.035298	1.8924236	-1.6002002
1663755735889	10.00469	1.975275	-1.2053844
1663755735902	10.159327	1.8397815	-0.66071814
1663755735913	9.827621	2.070988	-0.30867413
1663755735951	9.713963	2.4023938	-0.4956134
1663755735962	9.245867	2.2743778	-0.8341978
1663755735972	8.912965	2.2121646	-0.8772686
1663755736049	8.616255	2.1714866	-1.0929217
1663755736064	8.646166	2.1738794	-0.8545368
1663755736073	9.44806	2.091327	0.034695927
1663755736087	10.137492	1.9944177	0.61884373
1663755736098	10.002297	1.7177476	0.80817586
1663755736107	9.327223	1.0642079	0.19531415
1663755736118	8.814859	0.71336025	-0.82941216
1663755736132	9.020642	0.76241314	-0.94426763
1663755736144	9.599107	0.7648059	-0.049052864
1663755736157	10.324431	0.42741793	0.8356933
1663755736169	11.0353985	0.20578274	0.7722835
1663755736244	11.040185	0.6774679	-0.79471624
1663755736261	11.053345	2.400001	-2.5184457
1663755736273	12.146267	4.733302	-2.8058836
1663755736287	14.174184	6.235397	-3.0080771
1663755736298	13.241581	4.6229334	-2.8692935
1663755736307	10.607981	2.4658036	-3.004488
1663755736361	8.679665	1.1443675	-2.7182465
1663755736381	7.54128	0.08973085	-1.89362
1663755736391	7.166504	-0.69302124	-0.78634137
1663755736403	6.8805614	-1.6794624	-0.3684947
1663755736418	6.413662	-2.675475	-1.1718849
1663755736431	6.5165534	-2.7855446	-2.7266214
1663755736446	7.099505	-2.201397	-3.7501514
1663755736458	7.5257263	-1.6280167	-3.6544385
1663755736472	8.536096	-0.70259255	-3.8051863
1663755736486	10.317253	0.1794617	-3.6221352
1663755736497	11.464013	0.48006004	-2.7843482
1663755736543	11.710474	0.65712893	-1.9247267
1663755736557	11.481959	0.8105687	-0.77796644
1663755736629	11.047363	0.5590232	0.015553347
1663755736639	10.679766	-0.050249275	-0.19980069
1663755736649	10.513465	-0.65712893	-0.74566334
1663755736661	10.098011	-1.0749756	-1.1659029
1663755736674	9.280562	-1.2819548	-1.9031913
1663755736685	8.462815	-1.1659029	-2.5172493
1663755736693	8.464012	-0.76241314	-2.603391
1663755736706	9.229117	-0.26799613	-1.7979071
1663755736718	10.414163	0.15672988	-0.7540382
1663755736729	11.483156	0.49202415	0.36520454
1663755736768	11.940484	0.6511469	0.76630145
1663755736778	11.872289	0.38793638	0.02871387
1663755736839	12.097214	-0.041874398	-1.0375878
1663755736855	12.736397	-0.26081768	-1.6998014
1663755736868	12.824931	-0.18305093	-1.7009978
1663755736878	12.076875	-0.43100718	-1.7979071
1663755736889	10.484751	-0.6798607	-2.0898316
1663755736903	9.165708	-0.2955136	-2.0324037
1663755736917	8.763413	0.040677983	-1.6121643
1663755736927	9.220742	0.7962117	-1.6495521
1663755736940	9.624231	1.6914265	-2.8262227
1663755736953	9.333204	2.1092732	-4.0064826
1663755737049	8.560024	2.2002003	-4.304389
1663755737066	7.6716886	2.6096723	-3.9011981
1663755737077	6.6481586	3.0729825	-3.1432717
1663755737090	5.8749776	3.0260234	-2.021636
1663755737102	5.6931233	2.3988047	-1.0016954
1663755737112	6.271289	1.8613169	-0.5877371
1663755737138	7.6513495	1.8481563	-0.5243273
1663755737148	9.674481	1.8948164	-0.68345
1663755737156	11.483156	1.8337995	-0.8665009
1663755737170	11.493923	1.8960128	-1.1455638
1663755737180	9.737891	2.0422742	-1.0570294
1663755737243	8.173284	1.9848464	-0.49920264
1663755737259	7.7004023	2.2217357	-0.21296121
1663755737270	8.084749	2.5869403	-0.26081768
1663755737286	8.945269	2.8405795	-0.5662017
1663755737297	9.452846	2.5725834	-0.62482584
1663755737367	9.35833	1.8864416	-0.26799613
1663755737379	8.817252	1.3369896	0.032303106
1663755737393	8.181659	1.0953146	0.20249261
1663755737405	8.0715885	1.1994023	0.5805586
1663755737413	8.592327	1.4330016	1.0869397
1663755737426	9.919745	1.509572	1.5490535
1663755737439	11.257932	1.096511	1.4916258
1663755737447	11.757134	0.5159524	0.8751749
1663755737461	11.523834	0.49082774	-0.64277196
1663755737485	10.963614	1.50359	-2.693122
1663755737499	11.253146	3.6260235	-3.8820555
1663755737571	13.436597	5.561518	-3.5611184
1663755737590	14.414662	4.5212383	-2.2743778
1663755737601	12.621541	2.2971098	-2.3904297
1663755737613	10.672587	1.3417753	-2.696711
1663755737631	9.089137	0.4549354	-1.9007984
1663755737642	7.669296	-0.38913277	-0.5303093
1663755737654	6.6302123	-1.2125629	0.034695927
1663755737667	6.031708	-1.6507485	-0.831805
1663755737678	5.803193	-1.7153547	-2.528017
1663755737686	6.13101	-1.495215	-4.1297126
1663755737762	6.890133	-1.1539388	-4.8011985
1663755737778	7.855936	-0.7049854	-4.779663
1663755737788	9.634999	-0.17467605	-4.229015
1663755737798	10.910973	-0.17587246	-3.2736804
1663755737811	11.442478	-0.18903299	-2.376073
1663755737838	11.630315	0.008374879	-1.1718849
1663755737852	11.479567	-0.05503492	-0.17108682
1663755737864	11.027024	-0.25124636	-0.069391854
1663755737875	10.269397	-0.56380886	-0.46899325
1663755737888	9.611072	-0.7073782	-1.047159
1663755737899	9.0341015	-0.58534425	-1.7440686
1663755737909	8.750254	-0.2632105	-2.3222344
1663755737936	8.770593	-0.032303106	-2.4825535
1663755737951	9.326026	0.086141616	-2.1460629
1663755737971	10.232307	0.10887343	-1.189831
1663755737978	11.182557	0.1698904	-0.17706887
1663755737983	11.700903	0.2623132	0.4429713
1663755737992	11.643475	0.34247273	0.4010969
1663755738008	11.563315	0.15194423	-0.29671
1663755738020	11.868699	-0.11964113	-1.1527423
1663755738051	12.057733	0.09930214	-1.9977078
1663755738057	12.017055	0.35563326	-2.4275186
1663755738075	11.73201	0.16869399	-2.32702
1663755738112	11.509477	0.37836507	-1.4338989
1663755738121	11.243574	0.9314062	-0.27876383
1663755738134	10.089636	1.1132607	-1.2975081
1663755738168	8.29771	0.5602196	-3.030809
1663755738183	7.550851	0.3915256	-4.4482574
1663755738195	8.142178	1.0295119	-5.032405
1663755738210	8.48465	1.7404794	-3.738187
1663755738232	8.023732	2.2492533	-2.7508488
1663755738251	6.788438	2.6575286	-2.5184457
1663755738280	5.4834523	2.551048	-2.2360928
1663755738295	5.192724	2.0518453	-1.9654047
1663755738310	6.4734826	1.8948164	-1.4171492
1663755738328	8.702396	2.0805593	-0.53629136
1663755738346	10.612766	1.9680966	0.08763713
1663755738376	11.782259	1.6698911	-0.37328035
1663755738389	10.971989	1.9800607	-0.89401835
1663755738410	9.537791	2.1631117	-1.2496517
1663755738425	8.709576	1.9920249	-1.0339985
1663755738454	8.373085	2.0949163	-0.6750751
1663755738465	8.066803	2.1667008	-0.47736812
1663755738490	8.344371	2.3042881	-0.24646074
1663755738506	9.375079	2.5139594	-0.047856454
1663755738523	10.076475	2.524727	0.11874382
1663755738539	9.630214	1.8266209	0.3185445
1663755738566	9.006286	1.0606186	0.0526421
1663755738583	8.837591	0.27667013	-0.046660043
1663755738607	8.830413	-0.30508488	0.37716866
1663755738621	9.213564	-0.44177487	1.0007981
1663755738647	10.017851	0.03708875	1.2810575
1663755738659	11.193325	1.0283155	0.21684955
1663755738672	12.456436	2.3437698	-1.6220347
1663755738693	13.230814	3.9550366	-2.7963123
1663755738713	13.947763	5.0048876	-3.1695926
1663755738731	13.366008	4.060321	-3.140879
1663755738751	11.812169	2.2815564	-3.2509487
1663755738777	10.338788	1.3489537	-2.894418
1663755738789	8.8447695	0.7408777	-1.9737796
1663755738810	7.4970126	0.13519448	-0.82941216
1663755738828	6.716354	-0.52911294	-0.3469593
1663755738854	6.2976103	-1.2364911	-0.61764735
1663755738866	6.153742	-1.7703897	-1.4853446
1663755738888	6.497411	-1.8230318	-2.684747
1663755738904	7.1078796	-1.7668004	-3.4929228
1663755738923	7.595118	-1.7979071	-3.6544385
1663755738942	9.048459	-1.2257234	-4.12732
1663755738968	10.979168	-0.32183465	-3.7573297
1663755738981	11.95843	0.44536412	-2.4789643
1663755739007	12.044572	0.8488538	-0.8102696
1663755739023	11.557333	0.5721837	0.05383851
1663755739051	10.787742	-0.0634098	0.18454644
1663755739062	10.092029	-0.6942177	-0.18903299
1663755739079	9.562916	-1.0486546	-0.7432705
1663755739097	9.038888	-1.1108679	-1.5595222
1663755739118	8.48465	-1.0570294	-2.349752
1663755739138	8.337193	-0.8605189	-2.644069
1663755739157	8.962018	-0.44057846	-2.0934207
1663755739187	10.051351	0.15074782	-0.95742816
1663755739198	11.181361	0.63798636	0.15702899
1663755739214	11.79183	0.8895318	0.7686943
1663755739250	11.685349	0.80817586	0.34247273
1663755739258	11.266306	0.31256247	-0.40677986
1663755739291	11.437693	-0.078963146	-0.7935198
1663755739301	12.240784	-0.12323037	-0.79950184
1663755739316	12.556935	-0.03589234	-1.0423734
1663755739330	12.200106	-0.031106694	-1.7907287
1663755739347	11.46521	0.18424734	-1.8948164
1663755739399	10.363914	0.5171488	-1.5427724
1663755739415	9.316455	0.5709873	-1.3214363
1663755739426	8.788539	0.6128617	-2.0431714
1663755739432	8.664112	1.244866	-3.4283166
1663755739449	8.71795	1.9055841	-4.121338
1663755739462	8.36471	2.2935205	-3.8339
1663755739491	7.72792	2.6216364	-3.1193435
1663755739510	6.7932234	2.914757	-2.650051
1663755739526	5.766104	2.7580273	-2.1906292
1663755739542	5.6533427	2.2815564	-1.5535401
1663755739558	7.045666	2.0494525	-0.9825528
1663755739586	9.41456	2.082952	-0.39720857
1663755739597	11.400603	2.0745773	-0.26919255
1663755739625	11.642279	1.8230318	-0.7755736
1663755739657	10.165309	1.879263	-1.2687942
1663755739666	8.75145	2.0398812	-1.0893325
1663755739677	8.149356	2.1595225	-0.7049854
1663755739693	8.042875	2.219343	-0.6667002
1663755739715	8.005786	2.1092732	-0.77796644
1663755739743	8.227122	1.9067806	-0.39601216
1663755739763	8.982357	1.8146569	0.11156536
1663755739791	9.699606	1.8565313	0.2108675
1663755739800	9.737891	1.5227325	-0.033499517
1663755739812	9.38465	0.8560323	-0.032303106
1663755739830	9.293723	0.4621139	0.06729814
1663755739849	9.440882	0.41545382	0.43698925
1663755739875	9.684052	0.51236314	1.102493
1663755739897	10.013065	0.8141579	1.5287145
1663755739914	10.47159	1.1276177	0.8117651
1663755739933	10.782956	1.4294125	-0.8042875
1663755739946	11.169397	2.5570302	-2.2588246
1663755739963	12.308979	4.1105704	-2.693122
1663755739988	13.777873	4.359723	-2.7266214
1663755740003	13.3073845	2.8046873	-2.6201408
1663755740021	11.790633	1.4880366	-2.231307
1663755740058	10.380663	0.7516454	-1.724926
1663755740073	9.104691	0.18544376	-0.67028946
1663755740087	7.7829547	-0.60687965	-0.051445685
1663755740101	6.6385875	-1.5993029	-0.35533416
1663755740122	6.2401824	-1.8445672	-1.3238292
1663755740137	6.311967	-1.4434702	-2.6608188
1663755740155	6.667301	-1.1001002	-3.522833
1663755740187	7.281359	-1.0295119	-4.0794635
1663755740201	8.562417	-0.811466	-4.5655055
1663755740212	10.105189	-0.3484548	-3.929912
1663755740234	11.090434	0.11006984	-2.6045876
1663755740261	11.399407	0.25872394	-1.2939188
1663755740279	11.347961	0.17347965	-0.17108682
1663755740297	10.963614	-0.09810573	0.27188447
1663755740314	10.384252	-0.4621139	-0.0071784677
1663755740330	9.94487	-0.8919246	-0.6511469
1663755740348	9.649357	-1.1766706	-1.338186
1663755740365	9.109476	-1.2412767	-2.123331
1663755740395	8.465208	-1.2340983	-2.7314072
1663755740412	8.510971	-0.9732806	-2.5519454
1663755740426	9.224331	-0.50398827	-1.5140585
1663755740456	10.308878	0.07537391	-0.2847459
1663755740466	11.420942	0.663111	0.65982085
1663755740480	12.24198	1.0989038	1.1132607
1663755740510	12.106785	1.1312069	0.4884349
1663755740527	11.395818	0.64277196	-1.1539388
1663755740542	11.601601	0.040677983	-2.3078775
1663755740561	12.744772	-0.10767702	-2.0072792
1663755740591	13.422239	-0.4776672	-1.4673985
1663755740602	12.337692	-1.7153547	-1.623231
1663755740617	9.416953	-2.2348964	-1.1108679
1663755740662	8.472686	-1.4458631	-1.0112667
1663755740670	8.804091	-0.17587246	-1.1407782
1663755740683	9.282955	1.5358931	-2.449054
1663755740698	9.580862	2.7412775	-4.158427
1663755740715	9.410972	3.016452	-5.030012
1663755740733	8.696415	3.024827	-4.5894337
1663755740828	7.623832	3.0933216	-3.5611184
1663755740838	6.4675007	2.8669007	-2.4299114
1663755740848	5.656932	2.3665016	-1.2975081
1663755740860	5.8211393	2.2289143	-0.86530447
1663755740887	6.8339014	2.1750758	-1.0160524
1663755740900	7.8224363	1.9465612	-1.0148559
1663755740911	9.253045	1.7117655	-0.3505485
1663755740931	10.980364	1.9549361	-0.520738
1663755740946	11.115559	2.5079772	-1.2149557
1663755740958	10.112368	2.3653052	-1.7165512
1663755741004	8.930911	1.8026928	-1.2783655
1663755741023	8.198408	1.6615162	-0.34097722
1663755741060	8.139785	1.8589242	0.41306102
1663755741075	8.5576315	1.9286151	0.5386842
1663755741126	9.084352	1.7237296	0.1486541
1663755741141	9.096315	1.0941181	-0.21894327
1663755741151	8.823235	0.5303093	-0.40797627
1663755741165	8.780164	0.44656053	-0.2656033
1663755741178	9.090333	0.73011	-0.19501504
1663755741187	9.776176	0.933799	0.44057846
1663755741221	10.484751	0.5733801	1.6280167
1663755741231	11.478371	0.031106694	2.3177478
1663755741245	12.621541	-0.02751746	0.9517452
1663755741258	12.745968	0.7938189	-1.2484552
1663755741340	12.835699	2.91715	-2.477768
1663755741354	13.986049	4.5882373	-3.551547
1663755741368	13.861622	4.1093736	-3.9610188
1663755741376	11.724831	2.408376	-3.9311085
1663755741391	10.060922	1.7943178	-3.3469608
1663755741406	8.5887375	1.3405789	-1.9725832
1663755741418	7.5867434	0.91226363	-0.5135596
1663755741427	7.0229344	0.17108682	-0.1052842
1663755741439	6.6565337	-0.7049854	-0.93349993
1663755741451	6.389734	-1.41356	-2.1747768
1663755741467	6.6278195	-1.6555341	-3.1875389
1663755741533	7.179664	-1.7021942	-3.3385859
1663755741547	8.044071	-1.2867404	-3.1887352
1663755741557	9.554541	-0.4106682	-3.1169505
1663755741566	10.652248	0.2117648	-2.868097
1663755741578	10.927722	0.37716866	-1.9677975
1663755741590	10.778171	0.15433706	-0.7468598
1663755741609	10.560124	-0.13519448	-0.008374879
1663755741621	10.537393	-0.45852464	0.0047856453
1663755741631	10.5900345	-0.76959157	-0.13878371
1663755741644	10.3340025	-0.8856435	-0.41156548
1663755741655	9.792926	-0.6643074	-1.326222
1663755741734	9.251849	-0.2632105	-1.9845473
1663755741748	9.193225	-0.040677983	-1.6974086
1663755741757	9.736694	-0.104087785	-0.6786643
1663755741769	10.34477	-0.26799613	0.17138593
1663755741785	10.867902	-0.36759737	0.33529428
1663755741796	10.949257	-0.4668995	0.04546363
1663755741810	11.267503	-0.20338993	-0.63798636
1663755741826	12.043375	0.2551347	-0.5709873
1663755741838	13.1231365	0.59970117	0.2431706
1663755741848	13.3588295	0.94695956	0.09361918
1663755741890	12.063714	0.9314062	-1.9522442
1663755741904	9.989138	0.22372891	-3.4689946
1663755741912	9.128618	-0.08973085	-2.9542387
1663755741932	9.163314	0.4549354	-1.4159528
1663755741945	8.898608	0.7360921	-0.94785684
1663755741956	8.592327	0.8632108	-1.6591234
1663755742004	8.92134	1.2759727	-3.1815567
1663755742022	8.849555	1.9968106	-4.3582273
1663755742033	8.180463	2.7245276	-4.0974097
1663755742047	6.966703	2.929114	-2.9063823
1663755742126	6.0305114	2.7329025	-1.5176477
1663755742138	6.024529	2.32702	-0.5733801
1663755742147	7.094719	1.9441684	-0.5494519
1663755742160	9.107083	1.8649062	-0.78634137
1663755742173	10.980364	1.8086748	-0.59970117
1663755742185	11.26152	1.5897316	-0.38524446
1663755742207	10.007083	1.4030914	-0.41156548
1663755742219	8.757432	1.2616158	-0.40079778
1663755742230	8.192427	1.326222	-0.3182454
1663755742243	8.332407	1.899602	-0.18783657
1663755742336	8.95484	2.5331018	-0.0526421
1663755742349	9.495916	2.691028	0.011964113
1663755742357	9.399008	2.4143581	0.103190474
1663755742367	8.912965	1.8864416	0.19411774
1663755742381	8.664112	1.3286148	0.285045
1663755742396	9.05803	0.94337034	0.48364928
1663755742409	9.672089	0.7289136	0.76989067
1663755742421	10.359127	0.60807604	1.1120644
1663755742432	10.770992	0.37238303	1.4665012
1663755742443	10.974382	0.13399807	1.5382859
1663755742457	11.017453	0.35443684	1.0725827
1663755742532	10.842776	1.338186	-0.22013968
1663755742543	10.555339	2.8920252	-1.6196418
1663755742556	11.686545	4.5942197	-2.5782664
1663755742570	13.412668	4.9989057	-2.6045876
1663755742583	13.169797	3.141178	-2.5591238
1663755742596	11.4903345	1.0211371	-2.4335005
1663755742612	9.7450695	0.025124637	-1.7691933
1663755742625	8.4197445	-0.34127632	-0.62841505
1663755742634	7.379764	-0.6164509	-0.008374879
1663755742648	6.6684976	-1.1108679	-0.5913263
1663755742657	6.248557	-1.5394822	-2.0312073
1663755742730	6.323931	-1.704587	-3.399603
1663755742739	7.0803623	-1.5502499	-3.978965
1663755742747	8.252247	-1.2520444	-3.527619
1663755742755	9.705587	-0.7289136	-3.0726833
1663755742770	11.103595	-0.2440679	-2.589034
1663755742781	11.656635	0.08733802	-2.05035
1663755742826	11.459228	0.33170503	-1.3704891
1663755742836	10.982757	0.16031912	-0.51236314
1663755742850	10.410573	-0.12562318	0.02751746
1663755742861	9.779765	-0.5243273	-0.12083755
1663755742886	9.255438	-0.9840483	-0.7073782
1663755742898	8.771789	-1.2987045	-1.4327025
1663755742907	8.625827	-1.2999009	-2.0455642
1663755742939	8.836395	-1.1144571	-2.2325034
1663755742948	9.236296	-1.0522437	-1.8182461
1663755742957	9.97478	-0.81984085	-0.817448
1663755743023	10.859527	-0.33170503	0.18095721
1663755743032	11.379068	0.083748795	0.74117684
1663755743043	11.339586	0.30179477	0.71365935
1663755743056	10.738688	0.2742773	0.033499517
1663755743127	10.278968	0.21655045	-0.9239286
1663755743141	10.373485	0.015553347	-1.238884
1663755743151	10.9325075	-0.25842485	-0.8425727
1663755743161	11.914163	0.083748795	-0.52911294
1663755743175	12.130713	0.7265208	-0.70977104
1663755743190	11.614761	0.71336025	-1.3345969
1663755743207	10.860723	0.10767702	-1.6435701
1663755743218	10.0932255	-0.5303093	-1.7009978
1663755743228	9.41815	-0.5901299	-1.6244274
1663755743268	9.211171	0.041874398	-1.5714862
1663755743336	9.716355	1.1551352	-1.5678971
1663755743348	10.275378	2.0374885	-1.8888344
1663755743358	10.219148	2.3748765	-2.4215364
1663755743370	9.217153	2.0578275	-2.8836503
1663755743383	7.919645	1.8326031	-3.26052
1663755743393	6.869794	2.0458634	-3.1719856
1663755743407	6.4998035	2.132005	-2.1448665
1663755743420	6.8602223	2.0147567	-1.0316057
1663755743429	7.585547	1.9007984	-0.74566334
1663755743445	8.365906	1.7261224	-0.99930257
1663755743456	9.282955	1.5669997	-1.4817554
1663755743536	10.343575	1.7727824	-1.3633107
1663755743552	10.791331	1.9043877	-0.75284183
1663755743569	10.33161	1.8170497	0.023928227
1663755743583	9.516255	1.7739788	0.44177487
1663755743598	8.660522	1.7775681	-0.0023928226
1663755743611	8.085946	1.7440686	-0.27876383
1663755743637	8.09791	1.6016957	0.17856438
1663755743645	8.519346	1.5693926	0.61046886
1663755743655	8.975179	1.4162519	0.6562316
1663755743670	8.851949	1.0283155	0.41545382
1663755743679	8.516953	0.6116653	0.14506488
1663755743733	8.516953	0.5099703	-0.13758731
1663755743745	8.983554	0.7049854	-0.10049855
1663755743754	9.958031	0.9696914	0.5063811
1663755743763	11.107183	1.183849	1.1973087
1663755743776	11.599208	1.2747762	1.3971093
1663755743790	11.511869	1.2173486	0.87637126
1663755743826	11.212468	1.355235	-0.6260222
1663755743840	10.986346	2.43709	-2.2791636
1663755743855	12.052947	4.3238306	-3.0523443
1663755743867	13.872389	4.7656054	-2.7855446
1663755743891	13.407883	2.94706	-2.1508484
1663755743907	11.335998	1.4988043	-2.1906292
1663755743920	9.372686	0.63918275	-2.0778673
1663755743932	7.8116684	-0.09212367	-1.6471593
1663755743950	6.960721	-0.56500524	-0.90358967
1663755743961	6.545267	-1.1551352	-0.67148584
1663755744063	6.419644	-1.6722839	-1.4243277
1663755744077	6.5715885	-1.8409779	-2.6428726
1663755744092	7.064809	-1.5370895	-3.8940198
1663755744105	7.895417	-1.0797613	-4.389334
1663755744128	9.382257	-0.63200426	-4.0531425
1663755744138	10.812866	-0.28235307	-3.185146
1663755744147	11.503495	-0.047856454	-2.3365912
1663755744158	11.514262	0.1902294	-1.5810575
1663755744170	11.242378	0.27906293	-0.72053874
1663755744186	10.873883	0.19740787	-0.1052842
1663755744266	10.398609	0.05383851	-0.124426775
1663755744278	9.633803	-0.3290131	-0.59970117
1663755744291	9.042477	-0.76959157	-1.372882
1663755744303	8.643773	-0.93260264	-2.1305094
1663755744315	8.513364	-0.6619146	-2.5962126
1663755744327	8.933304	-0.37836507	-2.5316064
1663755744339	9.773783	-0.22492532	-1.5750755
1663755744350	10.686944	-0.061016977	-0.22253251
1663755744364	11.132308	0.043070808	0.6681957
1663755744378	11.072488	0.08015956	0.57936215
1663755744387	10.732707	-0.15314065	-0.29910284
1663755744400	10.637891	-0.5027919	-1.311865
1663755744413	10.999507	-0.43459642	-1.7069799
1663755744460	11.951252	0.14356937	-1.4075779
1663755744468	12.280265	0.76959157	-1.0399805
1663755744535	11.624332	0.92662054	-1.4410775
1663755744547	11.006685	0.68823564	-1.5834504
1663755744556	10.214361	0.53629136	-0.9406784
1663755744573	9.602696	0.1363909	-0.60329044
1663755744586	9.229117	-0.18783657	-1.1324034
1663755744597	9.122637	-0.03589234	-2.0144575
1663755744609	9.12144	0.45852464	-2.4741786
1663755744620	9.621839	1.1766706	-2.929114
1663755744629	9.754641	1.9776679	-3.1157541
1663755744642	9.2075815	2.4143581	-3.1683962
1663755744669	8.053643	2.400001	-2.902793
1663755744733	7.1772714	2.1942184	-2.3712873
1663755744742	7.0803623	2.053042	-1.9223338
1663755744754	7.5125656	1.8086748	-1.317847
1663755744768	8.235497	1.6770695	-0.98016
1663755744779	9.083155	1.6950158	-0.9418748
1663755744791	9.636196	1.5945172	-1.0196415
1663755744823	9.662517	1.4796617	-0.7516454
1663755744837	9.619446	1.576571	-0.15792629
1663755744847	9.71157	1.8780667	0.23958136
1663755744855	9.251849	2.184647	0.05503492
1663755744890	8.670094	2.2037897	-0.51116675
1663755744905	8.27139	2.0087745	-0.878465
1663755744918	8.259425	1.8493528	-1.0016954
1663755744938	8.566006	1.6794624	-0.78035927
1663755744956	8.911769	1.4593227	-0.05383851
1663755744968	9.114262	1.3238292	0.6430711
1663755745048	9.190832	1.3839488	0.97806627
1663755745061	9.383454	1.5346966	1.0199406
1663755745070	9.879067	1.5813566	0.6430711
1663755745085	10.013065	1.4581263	0.119940236
1663755745129	9.852746	1.3058829	-0.15672988
1663755745143	9.922138	1.0462617	0.041874398
1663755745157	10.465608	0.78634137	0.52552366
1663755745172	10.824831	0.5733801	0.3711866
1663755745183	10.775778	0.770788	-0.66071814
1663755745193	10.920544	2.1858435	-1.7261224
1663755745250	12.090035	4.0124645	-1.7213368
1663755745263	13.479668	4.523631	-1.4219348
1663755745273	12.400206	3.0284162	-1.6133606
1663755745285	10.359127	1.5538392	-2.2408783
1663755745296	8.999106	0.9349955	-2.5112674
1663755745307	7.986644	0.285045	-2.178366
1663755745342	7.579565	-0.37477586	-1.5044873
1663755745358	7.4395847	-0.99720883	-0.8593224
1663755745374	7.328019	-1.4303098	-1.0594223
1663755745387	7.4659057	-1.495215	-2.111367
1663755745396	7.824829	-1.4039887	-3.138486
1663755745411	8.395817	-1.0893325	-3.5563326
1663755745426	9.461221	-0.4441677	-3.441477
1663755745448	10.584053	0.031106694	-2.635694
1663755745461	11.107183	0.10289137	-2.0108683
1663755745535	11.198111	0.03589234	-1.6351951
1663755745549	10.924132	-0.015553347	-1.1814562
1663755745562	10.324431	-0.15074782	-0.7923234
1663755745569	9.718748	-0.4322036	-0.7743772
1663755745577	9.2793665	-0.80189466	-0.9418748
1663755745583	8.915359	-1.0462617	-1.3082758
