Timestamp 	 X 	 Y 	 Z 
1664448924684	0.16630317	-0.004886778	-0.004886778
1664448924888	0.24204823	0.016034741	-0.0011453386
1664448925100	0.1790546	-0.0012980504	0.01733279
1664448925275	0.12774344	-0.063375406	0.024968382
1664448925486	0.05803049	-0.10911259	0.08124269
1664448925674	0.4743229	-0.16088189	-0.059481252
1664448925893	0.81884074	-0.09078717	-0.154468
1664448926102	0.8464052	-0.0503949	0.027946262
1664448926314	0.91443837	0.076966755	0.11796988
1664448926526	1.0260707	-0.13637166	0.17607673
1664448926727	0.8522846	-0.17538951	-0.08750387
1664448926933	0.7676823	-0.11995513	-0.26946
1664448927140	0.78638947	-0.16202724	-0.04023956
1664448927318	0.7242358	-0.12789614	-0.004886778
1664448927512	0.6383354	0.10483666	0.02535016
1664448927739	0.54625016	-0.0510821	0.0794865
1664448927929	0.23517619	-0.09093989	0.1468324
1664448928128	0.28450212	0.044133715	0.21242213
1664448928342	0.15362808	0.070247434	-0.14530529
1664448928553	0.03565821	-0.005497625	-0.099568106
1664448928763	0.017867282	-0.034436513	-0.048791423
1664448928962	-0.040392276	-0.0080173705	-0.24708772
1664448929169	0.2313584	-0.058641337	-0.12972869
1664448929349	0.41125292	0.049784053	-0.1182753
1664448929553	0.53357506	0.004886778	0.11361759
1664448929766	0.4107948	-0.035276428	0.13049224
1664448929958	0.775776	-0.2170035	0.0060321167
1664448930168	0.4130091	0.03229855	-0.29045787
1664448930380	-0.033902023	0.056961507	0.05245651
1664448930553	0.04924956	0.041843038	0.030466007
1664448930765	0.020387027	0.11178505	0.17103723
1664448930957	0.31764057	-0.1435491	0.21738526
1664448931169	0.37192962	-0.19058435	-0.21226943
1664448931381	-0.2618244	0.07261447	-0.18936265
1664448931593	-0.13591352	0.0041995747	0.0056503373
1664448931769	-0.32321456	0.051158458	0.09429955
1664448931987	0.19363858	0.09345963	0.25029466
1664448932172	0.2893889	-0.06123744	-0.2235701
1664448932390	-0.2911451	0.1338519	-0.24876754
1664448932595	-0.15507884	-0.012751437	-0.07330167
1664448932812	-0.14118208	-0.19867808	0.12247488
1664448932991	-0.0086282175	0.23563433	0.20577917
1664448933215	0.059252184	0.0	-0.0062611843
1664448933386	0.010308048	-0.12804885	-0.119267926
1664448933601	-0.12690352	0.06139015	-0.16363071
1664448933813	-0.10246963	-0.009315421	-0.033596598
1664448934021	-0.058641337	-0.13927318	0.03787253
1664448934217	0.26434416	0.12384928	0.15278818
1664448934425	0.18982078	-0.10071344	0.10048437
1664448934599	-0.13736428	0.044362783	-0.14499986
1664448934813	-0.3016822	0.15294088	-0.21028417
1664448935023	-0.08063184	-0.034589227	-0.02443389
1664448935215	0.113693945	-0.17149536	0.080020994
1664448935429	0.37101334	0.08490777	0.1123959
1664448935641	0.1468324	-0.004963134	0.11163234
1664448935814	0.023441264	-0.10743276	0.0019852535
1664448936021	-0.34314343	0.22868595	-0.20982604
1664448936213	-0.0021379655	-0.058946762	0.010002624
1664448936431	0.17951274	-0.13308835	0.018783553
1664448936643	0.40544987	0.09071082	0.20318307
1664448936850	0.3243599	-0.05062397	0.1376697
1664448937040	-0.018401774	-0.014278554	-0.04734066
1664448937235	-0.3339044	0.034971006	-0.25311983
1664448937432	-0.040850412	0.19478393	-0.04795151
1664448937649	0.13011047	-0.167983	0.06627693
1664448937852	0.15820944	-0.088649206	0.18585028
1664448938061	-0.088114716	0.049707696	0.11132691
1664448938238	-0.019852536	-0.01343864	-0.039628714
1664448938463	-0.3617743	0.044744562	-0.25166908
1664448938645	-0.034589227	0.14614521	-0.08345701
1664448938849	-0.0025961008	-0.13621894	-0.020463383
1664448939061	0.1518719	-8.39915E-4	0.15400986
1664448939273	0.06154286	0.051005747	0.040850412
1664448939466	-0.09384141	0.0015271181	0.00335966
1664448939676	-0.37254047	-0.018783553	-0.18340689
1664448939852	-0.09468132	0.12904148	0.010002624
1664448940062	0.29633728	-0.18241426	0.08047912
1664448940274	0.39147675	0.020845164	0.13606623
1664448940466	0.22509721	-0.07818845	-0.0029015245
1664448940681	-0.22448637	0.015347538	-0.084755056
1664448940891	-0.3865136	0.1643179	-0.084449634
1664448941106	-0.056274302	-0.027946262	-0.0062611843
1664448941314	-0.019623468	-0.18714833	0.09498675
1664448941521	0.1338519	0.18386503	0.20532103
1664448941712	0.104760304	0.06207735	-0.086434886
1664448941920	-0.033520244	-0.11415208	-0.049325917
1664448942097	-0.27388865	0.105294794	-0.12850699
1664448942305	-0.062230065	0.05971032	-0.05245651
1664448942522	0.14507623	-0.19997612	0.02107423
1664448942710	0.45027077	0.0581832	0.17447324
1664448942922	0.32810134	0.015271181	0.03268033
1664448943136	-0.15370443	-0.09361234	-0.13308835
1664448943311	-0.42415705	0.17729841	-0.16004199
1664448943522	0.03420745	-0.07941014	-0.03787253
1664448943713	0.26464957	-0.17256436	0.008933641
1664448943922	0.31748787	0.059786674	0.046958882
1664448944133	-0.03489465	0.11942064	0.075821415
1664448944346	-0.15179555	-0.05932854	-0.1487413
1664448944518	-0.5406762	0.11468657	-0.1887518
1664448944739	-0.021379653	-0.1711136	0.053067356
1664448944926	0.35788015	-0.083686076	0.10292777
1664448945134	0.3631487	0.18798824	0.19707459
1664448945344	0.12476555	-0.039628714	0.083380654
1664448945557	-0.18172707	0.11415208	-0.06620057
1664448945739	-0.5793886	-0.06826218	-0.1835596
1664448945959	-0.3421508	-0.04199575	-0.049173206
1664448946136	-0.14049487	-0.31733516	0.04214846
1664448946347	0.2596101	0.12575819	0.25289077
1664448946556	0.16042376	0.0962848	0.083686076
1664448946772	-0.16080554	-0.12308572	-0.13232478
1664448946960	-0.23090026	0.2583884	-0.29313034
1664448947175	0.20440477	-0.08345701	-0.047875155
1664448947348	0.31786963	-0.115908265	0.028786177
1664448947557	0.24044475	0.084449634	0.14255647
1664448947785	-0.036650836	0.11735903	0.09407048
1664448947967	-0.14385453	0.060473878	-0.074752435
1664448948180	-0.43202174	0.12056598	-0.22899136
1664448948389	-0.009620844	-0.033367533	-0.029320668
1664448948560	0.11560284	-0.16111097	0.09292514
1664448948775	0.17897825	0.0046577104	0.15149012
1664448948964	0.03283304	0.117893524	0.13041589
1664448949176	0.05222744	0.061084725	-0.092543356
1664448949399	-0.3951418	-0.13721156	-0.19035527
1664448949597	-0.13537902	-0.12751436	0.04566083
1664448949774	0.063909896	-0.06436803	-0.038865156
1664448949990	0.30611083	0.023823043	0.13148487
1664448950176	0.39071319	0.032527618	0.08597675
1664448950393	0.0503949	-0.09910997	-0.07505786
1664448950608	-0.29122144	0.19508934	-0.15981291
1664448950815	-0.03749075	0.0038941512	0.052151084
1664448950991	0.21181129	-0.18119256	0.080020994
1664448951217	-0.008093726	-0.11491564	0.0122933015
