Timestamp 	 X 	 Y 	 Z 
1663767210580	9.055637	-0.60687965	-3.3637104
1663767210585	9.019445	-0.5518447	-3.4570305
1663767210589	8.962018	-0.6343971	-3.4127634
1663767210593	8.934501	-0.50039905	-3.8964126
1663767210599	9.080762	-0.23688944	-4.0830526
1663767210603	9.071191	-0.12203395	-3.996911
1663767210607	8.98475	-0.034695927	-4.0064826
1663767210610	8.940483	-0.09930214	-3.9323049
1663767210613	9.080762	-0.2727818	-3.8916268
1663767210618	9.172886	-0.4226323	-3.8964126
1663767210669	9.145369	-0.48245287	-3.946662
1663767210673	9.036494	-0.43818563	-3.950251
1663767210710	8.945269	-0.39870408	-3.938287
1663767210717	8.910572	-0.3580261	-3.9418762
1663767210766	8.944072	-0.36281174	-3.9035912
1663767210779	8.994321	-0.39032918	-3.8796628
1663767210790	9.013464	-0.42741793	-3.8434713
1663767210803	9.009874	-0.47886363	-3.7944186
1663767210813	8.965608	-0.4884349	-3.7692938
1663767210843	8.889037	-0.49322057	-3.7860436
1663767210851	8.886644	-0.47168517	-3.8446677
1663767210857	8.9057865	-0.41904306	-3.8614175
1663767210868	8.963215	-0.3472584	-3.8641095
1663767210929	9.041281	-0.33888352	-3.78724
1663767210943	9.08794	-0.37597227	-3.7250266
1663767210954	9.140582	-0.45972106	-3.6831522
1663767210964	9.15494	-0.4968098	-3.6963127
1663767210974	9.080762	-0.51236314	-3.746562
1663767210988	8.982357	-0.4657031	-3.734598
1663767211041	8.945269	-0.4142574	-3.6771703
1663767211058	9.021839	-0.3592225	-3.6400814
1663767211098	9.096315	-0.32542387	-3.671188
1663767211111	9.153743	-0.36281174	-3.6915271
1663767211123	9.18126	-0.35563326	-3.6723845
1663767211138	9.188439	-0.34486556	-3.6233318
1663767211153	9.174082	-0.29671	-3.5850465
1663767211166	9.131011	-0.25004998	-3.6041892
1663767211176	9.093923	-0.2632105	-3.6604204
1663767211187	9.050852	-0.2727818	-3.6891344
1663767211200	9.077172	-0.30149564	-3.69392
1663767211242	9.0747795	-0.29790643	-3.7657046
1663767211256	9.0951185	-0.28953153	-3.80399
1663767211349	9.078369	-0.32063824	-3.8303108
1663767211362	9.084352	-0.36281174	-3.8015969
1663767211371	9.092726	-0.42502514	-3.7501514
1663767211386	9.08794	-0.453739	-3.69392
1663767211399	9.024232	-0.45732823	-3.6723845
1663767211412	8.98475	-0.4226323	-3.6652062
1663767211425	8.979964	-0.3699902	-3.6867416
1663767211437	8.968	-0.317049	-3.754937
1663767211448	8.973982	-0.25004998	-3.760919
1663767211460	9.029017	-0.23330021	-3.7034912
1663767211505	9.085547	-0.2428715	-3.6029928
1663767211517	9.183653	-0.2739782	-3.5886357
1663767211531	9.206385	-0.24885355	-3.6293137
1663767211545	9.153743	-0.25722843	-3.6017964
1663767211568	9.114262	-0.25124636	-3.5563326
1663767211579	9.114262	-0.27996024	-3.5682967
1663767211590	9.144172	-0.35084763	-3.6281173
1663767211604	9.147761	-0.38554356	-3.6951163
1663767211619	9.080762	-0.36281174	-3.7824545
1663767211629	9.007482	-0.2955136	-3.7824545
1663767211673	8.927322	-0.25842485	-3.699902
1663767211686	8.892626	-0.28713873	-3.6975093
1663767211764	8.947661	-0.29790643	-3.7238302
1663767211785	9.047262	-0.31226337	-3.7800615
1663767211806	9.111869	-0.30987054	-3.8099718
1663767211822	9.101101	-0.29312077	-3.8183467
1663767211837	9.093923	-0.25244278	-3.7776687
1663767211849	9.113065	-0.21894327	-3.7429729
1663767211865	9.113065	-0.23928227	-3.7824545
1663767211880	9.098708	-0.32303107	-3.7968113
1663767211892	9.047262	-0.37716866	-3.7704902
1663767211904	9.003893	-0.34606197	-3.7322052
1663767211916	8.978767	-0.23569304	-3.7513478
1663767211964	8.969196	-0.17467605	-3.7369907
1663767211977	9.049655	-0.20697916	-3.7310088
1663767211987	9.142975	-0.24526432	-3.6903307
1663767211998	9.233903	-0.28115666	-3.6699917
1663767212010	9.235099	-0.25004998	-3.7070804
1663767212022	9.158528	-0.1591227	-3.726223
1663767212033	9.059227	-0.13998012	-3.7800615
1663767212047	9.0436735	-0.18903299	-3.8374894
1663767212096	9.056833	-0.29312077	-3.8641095
1663767212111	9.035298	-0.41545382	-3.9011981
1663767212127	9.020642	-0.46331027	-3.8928235
1663767212140	8.970393	-0.43698925	-3.8916268
1663767212150	8.966804	-0.38434714	-3.8063827
1663767212163	8.932108	-0.2955136	-3.7274194
1663767212176	8.911769	-0.28115666	-3.7369907
1663767212188	8.911769	-0.28953153	-3.7728832
1663767212197	8.910572	-0.30149564	-3.714259
1663767212244	8.940483	-0.2943172	-3.6041892
1663767212259	8.976375	-0.24047868	-3.5359936
1663767212270	8.971589	-0.19142582	-3.571886
1663767212283	9.024232	-0.15672988	-3.6436708
1663767212347	9.080762	-0.15074782	-3.7537405
1663767212359	9.158528	-0.09930214	-3.8063827
1663767212367	9.1669035	-0.10887343	-3.7968113
1663767212377	9.24467	-0.16749759	-3.6951163
1663767212391	9.3511505	-0.2213361	-3.5958142
1663767212404	9.347562	-0.27876383	-3.5503507
1663767212421	9.209974	-0.317049	-3.5551362
1663767212435	9.072387	-0.2847459	-3.6340995
1663767212568	8.909376	-0.25124636	-3.6819558
1663767212587	8.855537	-0.18903299	-3.6233318
1663767212598	8.930911	-0.12562318	-3.5623147
1663767212609	9.03141	-0.148355	-3.5694933
1663767212619	9.115458	-0.2321038	-3.6484563
1663767212633	9.152547	-0.27876383	-3.738187
1663767212649	9.114262	-0.26081768	-3.7884364
1663767212658	9.0544405	-0.21296121	-3.7848473
1663767212666	9.190832	-0.22971097	-3.577868
1663767212675	8.666505	0.45254257	-4.4817567
1663767212689	9.066405	0.59730834	-3.6424742
1663767212702	9.23151	0.42023948	-3.4737802
1663767212717	9.376275	0.24915266	-3.5347972
1663767212731	9.47797	0.09332009	-3.5946178
1663767212765	9.333204	0.01794617	-3.7537405
1663767212779	9.163314	-0.096909314	-3.8051863
1663767212791	9.109476	-0.15792629	-3.8027935
1663767212804	9.075976	-0.17347965	-3.7597225
1663767212818	9.08794	-0.09212367	-3.760919
1663767212842	9.119047	-0.014356935	-3.807579
1663767212856	9.0951185	0.0741775	-3.885645
1663767212866	9.021839	0.13040884	-3.865306
1663767212966	8.93809	0.09092726	-3.7561333
1663767212981	8.917751	-0.013160525	-3.5347972
1663767212992	9.005089	-0.11006984	-3.3469608
1663767213003	9.068798	-0.09571291	-3.321836
1663767213017	9.041281	-0.049052864	-3.4271202
1663767213028	8.971589	0.07178468	-3.5407794
1663767213041	8.959625	0.22731815	-3.5359936
1663767213056	8.973982	0.34366915	-3.559922
1663767213066	9.085547	0.40588254	-3.539583
1663767213107	9.217153	0.35084763	-3.5264223
1663767213121	9.273384	0.25633112	-3.539583
1663767213134	9.238688	0.18783657	-3.5216367
1663767213147	9.107083	0.10289137	-3.5647075
1663767213163	8.911769	0.13998012	-3.5958142
1663767213174	8.719147	0.13519448	-3.7106698
1663767213189	8.656933	0.13878371	-3.7657046
1663767213199	8.878269	0.30299118	-3.7968113
1663767213208	9.23151	0.6978069	-4.051946
1663767213241	9.312865	0.95653087	-4.159623
1663767213265	9.196814	1.0474582	-4.0160537
1663767213277	8.848359	0.8536395	-3.8578284
1663767213350	8.740682	0.48963133	-3.905984
1663767213364	9.019445	0.19980069	-3.8231323
1663767213377	9.284152	-0.08973085	-3.7980077
1663767213385	9.27817	-0.36400816	-3.7932222
1663767213395	8.960822	-0.669093	-3.6077783
1663767213407	8.789735	-0.7612167	-3.557529
1663767213435	8.633005	-0.5374878	-3.8303108
1663767213447	8.567203	0.13160525	-4.306782
1663767213474	9.060423	1.055833	-4.601398
1663767213487	9.802497	1.1706885	-4.226622
1663767213499	10.028619	0.27188447	-3.531208
1663767213514	9.543773	-1.0486546	-3.551547
1663767213564	8.776574	-2.2229323	-4.2050867
1663767213576	8.33121	-2.2935205	-3.9777687
1663767213587	8.351549	-0.9936196	-3.9323049
1663767213597	8.468798	0.5315057	-4.0555353
1663767213609	8.4604225	1.4054842	-4.2242293
1663767213620	8.607881	1.1670992	-5.363811
1663767213630	9.623035	1.7297117	-3.4462628
1663767213665	8.973982	0.31256247	-3.5994034
1663767213711	8.570791	-1.1383854	-3.775276
1663767213728	8.397013	-1.8026928	-4.0423746
1663767213739	8.6294155	-1.224527	-4.2182474
1663767213749	8.989535	-0.21415763	-4.263711
1663767213763	9.458828	0.16510476	-4.3259244
1663767213777	9.928121	0.48364928	-3.7334015
1663767213788	9.782158	0.7648059	-3.5168512
1663767213821	9.175279	0.47048876	-4.0974097
1663767213833	8.550452	-0.7612167	-4.566702
1663767213848	8.723932	-1.8768703	-4.5415773
1663767213858	9.003893	-2.455036	-4.2661037
1663767213933	8.714361	-2.4071796	-3.9921255
1663767213946	8.229515	-1.8086748	-4.0531425
1663767213957	8.152945	-0.7815557	-4.421637
1663767213968	8.703593	0.38793638	-4.2708893
1663767213978	8.983554	0.9720842	-4.261318
1663767213992	8.573184	0.7743772	-4.968696
1663767214003	8.443673	0.5769694	-4.9375896
1663767214045	8.4197445	0.28384858	-4.5762734
1663767214062	8.670094	0.148355	-4.273282
1663767214077	8.793324	-0.06460621	-4.307978
1663767214092	8.926126	-0.10767702	-4.2373896
1663767214110	8.968	-0.09810573	-4.092624
1663767214128	9.0436735	0.02871387	-4.0040894
1663767214173	9.122637	0.16271193	-3.7920256
1663767214189	9.200403	0.1160519	-3.6149569
1663767214204	9.215957	-0.02751746	-3.6520455
1663767214219	9.226724	-0.05503492	-3.8183467
1663767214242	9.139386	0.013160525	-4.030411
1663767214257	8.962018	0.11724831	-4.3187456
1663767214275	8.867501	0.15672988	-4.557131
1663767214289	8.875876	0.16151553	-4.6061835
1663767214350	8.9057865	0.21296121	-4.499703
1663767214361	8.744271	0.29940194	-4.3522453
1663767214369	8.647362	0.36161533	-4.232604
1663767214381	8.702396	0.35682967	-4.030411
1663767214392	8.8447695	0.38673997	-3.9203408
1663767214405	9.044869	0.39391842	-4.0148573
1663767214437	9.068798	0.33290145	-4.1368914
1663767214451	8.962018	0.26590243	-4.0363927
1663767214468	8.86152	0.3269194	-3.92393
1663767214485	8.810074	0.5051847	-3.842275
1663767214500	8.842377	0.74446696	-3.8506498
1663767214512	8.958429	0.84047896	-3.8964126
1663767214566	9.0341015	0.8021938	-3.9143589
1663767214579	8.935697	0.60329044	-3.9670007
1663767214588	8.753842	0.4334	-4.153641
1663767214600	8.635398	0.36640096	-4.322335
1663767214614	8.680861	0.45613182	-4.342674
1663767214636	8.8340025	0.6164509	-4.239783
1663767214648	9.020642	0.7791629	-4.133302
1663767214676	9.110672	0.8679964	-4.0794635
1663767214710	9.080762	0.89431745	-4.121338
1663767214722	8.805288	0.6367899	-4.206283
1663767214733	8.735896	0.42502514	-4.3211384
1663767214746	8.727522	0.28265217	-4.3259244
1663767214762	8.750254	0.30897322	-4.169194
1663767214776	8.786145	0.37477586	-3.8676987
1663767214790	8.849555	0.4142574	-3.6867416
1663767214837	8.920144	0.34606197	-3.6771703
1663767214849	8.916554	0.22253251	-3.865306
1663767214859	8.945269	0.25034907	-3.9670007
1663767214869	8.940483	0.30299118	-3.8255253
1663767214934	8.9057865	0.4106682	-3.675974
1663767214948	8.926126	0.52313083	-3.5946178
1663767214958	9.055637	0.5697909	-3.5467613
1663767214967	9.229117	0.6008976	-3.4462628
1663767214982	9.408579	0.5267201	-3.3732817
1663767214996	9.493524	0.40707895	-3.4139597
1663767215006	9.415757	0.3065804	-3.606582
1663767215047	9.215957	0.28983065	-3.8844485
1663767215059	8.963215	0.3281158	-4.087838
1663767215100	8.855537	0.34247273	-4.108177
1663767215112	8.847162	0.31375888	-3.9753757
1663767215120	8.928518	0.19740787	-3.8207395
1663767215129	9.081959	0.13399807	-3.6640096
1663767215162	9.119047	-0.0023928226	-3.3960135
1663767215171	9.085547	-0.20697916	-3.2294133
1663767215188	8.936893	-0.35682967	-3.2712877
1663767215200	8.93809	-0.3915256	-3.3613176
1663767215245	9.06162	-0.31944183	-3.3529427
1663767215262	9.242277	-0.13998012	-3.3445678
1663767215274	9.432507	0.058624156	-3.3876386
1663767215350	9.515059	0.19621146	-3.394817
1663767215365	9.49472	0.17108682	-3.3338
1663767215375	9.433703	0.0634098	-3.2246277
1663767215387	9.4636135	-0.02871387	-3.1265218
1663767215400	9.397811	-0.07776674	-3.083451
1663767215414	9.245867	-0.13519448	-3.1097722
1663767215428	9.206385	-0.1591227	-3.1576285
1663767215438	9.297313	-0.22612174	-3.231806
1663767215446	9.314062	-0.37238303	-3.2964122
1663767215455	9.254242	-0.49082774	-3.315854
1663767215468	9.1681	-0.49920264	-3.3397822
1663767215590	9.052048	-0.4118646	-3.423531
1663767215610	8.970393	-0.22731815	-3.3314073
1663767215624	9.012267	-0.11485548	-3.2916267
1663767215637	9.194421	-0.07298109	-3.2545378
1663767215647	9.220742	-0.23688944	-3.272484
1663767215657	9.174082	-0.5243273	-3.2473595
1663767215668	9.1669035	-0.68464637	-3.2449665
1663767215681	9.163314	-0.65353966	-3.2772696
1663767215689	9.188439	-0.50398827	-3.313461
1663767215697	9.230313	-0.39391842	-3.3194432
1663767215761	9.276974	-0.30149564	-3.2832518
1663767215768	9.327223	-0.31345975	-3.2330024
1663767215775	9.339187	-0.32183465	-3.199503
1663767215779	9.316455	-0.29192436	-3.1671999
1663767215782	9.3104725	-0.22253251	-3.077469
1663767215786	9.316455	-0.16271193	-3.0870404
1663767215791	9.282955	-0.19860429	-3.1899316
1663767215835	9.200403	-0.27756742	-3.240181
1663767215845	9.170493	-0.36041892	-3.2641091
1663767215853	9.182457	-0.39391842	-3.2653055
1663767215858	9.275777	-0.43100718	-3.2676985
1663767215968	9.29133	-0.474078	-3.240181
1663767215981	9.265009	-0.45852464	-3.2593236
1663767215996	9.232706	-0.43818563	-3.2617164
1663767216013	9.274581	-0.3915256	-3.2593236
1663767216025	9.326026	-0.3592225	-3.2210383
1663767216039	9.328419	-0.35204405	-3.1947174
1663767216055	9.297313	-0.37477586	-3.1863425
1663767216068	9.196814	-0.3400799	-3.223431
1663767216082	9.090333	-0.30029923	-3.223431
1663767216115	9.089137	-0.30269206	-3.2078779
1663767216128	9.123833	-0.34127632	-3.240181
1663767216141	9.160921	-0.37836507	-3.3349965
1663767216155	9.18485	-0.4142574	-3.3182468
1663767216169	9.251849	-0.44057846	-3.292823
1663767216179	9.285348	-0.43459642	-3.252145
1663767216190	9.284152	-0.37238303	-3.2425737
1663767216204	9.363115	-0.24885355	-3.292823
1663767216252	9.47797	-0.22253251	-3.3146574
1663767216266	9.445667	-0.2847459	-3.2593236
1663767216351	9.293723	-0.40468612	-3.1923244
1663767216366	9.131011	-0.4645067	-3.1695926
1663767216379	9.099904	-0.4621139	-3.2425737
1663767216391	9.109476	-0.48125646	-3.3481572
1663767216403	9.136993	-0.4645067	-3.4211383
1663767216418	9.174082	-0.47527438	-3.399603
1663767216432	9.127422	-0.49800622	-3.4570305
1663767216450	9.110672	-0.27996024	-3.3684962
1663767216463	9.109476	-0.23569304	-3.39721
1663767216485	9.18485	-0.18185452	-3.4630125
1663767216497	9.250652	-0.23090738	-3.4247274
1663767216510	9.254242	-0.32183465	-3.4055848
1663767216522	9.229117	-0.37597227	-3.3960135
1663767216534	9.247063	-0.39391842	-3.3445678
1663767216575	9.257831	-0.4034897	-3.3062828
1663767216591	9.180064	-0.3699902	-3.3062828
1663767216603	9.159725	-0.27756742	-3.3493536
1663767216616	9.1669035	-0.23449662	-3.4103706
1663767216624	9.193225	-0.22372891	-3.374478
1663767216633	9.226724	-0.2416751	-3.3086755
1663767216669	9.260223	-0.21894327	-3.3038898
1663767216686	9.237492	-0.18783657	-3.309872
1663767216766	9.21476	-0.148355	-3.3326037
1663767216785	9.225528	-0.15433706	-3.3637104
1663767216801	9.196814	-0.22612174	-3.3649068
1663767216814	9.211171	-0.2644069	-3.3768709
1663767216833	9.182457	-0.36520454	-3.3792639
1663767216847	9.165708	-0.4022933	-3.3924243
1663767216856	9.138189	-0.35443684	-3.4127634
1663767216867	9.160921	-0.28953153	-3.394817
1663767216881	9.199206	-0.2727818	-3.3338
1663767216896	9.26142	-0.5183452	-3.6053855
1663767216903	9.109476	-0.09930214	-3.5168512
1663767216950	9.212367	-0.3182454	-3.1253254
1663767216960	9.178867	-0.20817557	-3.449852
1663767216974	9.24467	-0.21774685	-3.292823
1663767216986	9.221938	-0.29910284	-3.3409786
1663767216998	9.145369	-0.32662028	-3.4354951
1663767217007	9.0747795	-0.28594232	-3.4917264
1663767217045	9.108279	-0.1902294	-3.4426737
1663767217058	9.211171	-0.09092726	-3.4223347
1663767217067	9.2590275	-0.09212367	-3.4151561
1663767217077	9.219545	-0.11844472	-3.4211383
1663767217119	9.169296	-0.14955142	-3.429513
1663767217132	9.159725	-0.18544376	-3.39721
1663767217141	9.1681	-0.23449662	-3.441477
1663767217162	9.170493	-0.2536392	-3.510869
1663767217178	9.1465645	-0.24526432	-3.5001013
1663767217188	9.126225	-0.24646074	-3.4259238
1663767217201	9.133404	-0.22253251	-3.3792639
1663767217247	9.162118	-0.21774685	-3.4283166
1663767217262	9.172886	-0.22372891	-3.5347972
1663767217277	9.162118	-0.22612174	-3.598207
1663767217290	9.109476	-0.20937198	-3.606582
1663767217349	9.099904	-0.14955142	-3.5970106
1663767217363	9.11785	-0.1268196	-3.53719
1663767217376	9.19801	-0.046660043	-3.482155
1663767217390	9.27817	-0.07058827	-3.4223347
1663767217402	9.347562	-0.12203395	-3.3960135
1663767217414	9.336794	-0.13758731	-3.3768709
1663767217437	9.26142	-0.104087785	-3.382853
1663767217448	9.188439	-0.0059820567	-3.4079776
1663767217476	9.133404	0.14476576	-3.4486556
1663767217487	9.09153	0.21535404	-3.4654055
1663767217566	9.15135	0.21774685	-3.4283166
1663767217582	9.260223	0.2009971	-3.3732817
1663767217592	9.357133	0.1363909	-3.2964122
1663767217606	9.396614	0.06699903	-3.2126634
1663767217616	9.387043	0.05503492	-3.2772696
1663767217629	9.323633	0.14237295	-3.370889
1663767217641	9.243474	0.3400799	-3.441477
1663767217657	9.209974	0.5315057	-3.39721
1663767217668	9.266206	0.5841478	-3.2736804
1663767217682	9.428918	0.6619146	-3.0930223
1663767217697	9.367901	0.2431706	-3.1947174
1663767217736	9.260223	0.014356935	-3.4833515
1663767217747	9.15494	-0.12562318	-3.502494
1663767217758	9.134601	-0.01794617	-3.4630125
1663767217772	9.140582	0.18065812	-3.3481572
1663767217784	9.126225	0.34606197	-3.240181
1663767217797	9.062816	0.3819543	-3.173182
1663767217838	9.040084	0.36041892	-3.1360931
1663767217858	9.09153	0.39750767	-3.191128
1663767217870	9.188439	0.5877371	-3.2581272
1663767217885	9.282955	0.8560323	-3.2964122
1663767217975	9.407382	1.1958131	-3.4139597
1663767217989	9.434899	1.1730813	-3.2641091
1663767217997	9.213564	0.9026923	-3.2748768
1663767218008	8.940483	0.4860421	-3.342175
1663767218015	8.872287	0.15672988	-3.5120654
1663767218019	9.027821	0.10049855	-3.6245282
1663767218024	9.269794	0.27667013	-3.4737802
1663767218033	9.399008	0.45852464	-3.045166
1663767218040	9.389436	0.602094	-2.7206392
1663767218046	9.284152	0.62841505	-2.6512475
1663767218051	9.15494	0.62123656	-2.7819555
1663767218080	9.0015	0.46331027	-3.071487
1663767218091	8.884252	0.2754737	-3.1719856
1663767218099	8.898608	0.14596218	-2.9362924
1663767218125	9.114262	0.12801601	-2.5627131
1663767218148	9.314062	0.16390835	-2.3222344
1663767218161	9.48156	0.19142582	-2.3629124
1663767218178	9.521041	0.22013968	-2.455036
1663767218199	9.416953	0.25872394	-2.6811578
1663767218225	9.300901	0.29102704	-3.1815567
1663767218249	9.223135	0.4334	-2.9865417
1663767218261	9.419347	0.5183452	-2.0982063
1663767218281	9.64457	0.43459642	-2.0252252
1663767218292	10.064511	0.44895336	-2.3581266
1663767218321	10.246665	0.6942177	-2.862115
1663767218335	10.069297	0.9206385	-3.2425737
1663767218349	9.794122	0.9421739	-3.1337004
1663767218369	9.606286	0.55782676	-2.7963123
1663767218390	9.412168	0.14237295	-2.7568307
1663767218410	9.359526	-0.07058827	-2.9913275
1663767218428	9.255438	-0.13040884	-3.05713
1663767218456	9.120243	0.008374879	-2.992524
1663767218477	9.103494	0.35563326	-2.9997022
1663767218488	9.288938	0.5925227	-3.0415766
1663767218507	9.355937	0.5051847	-3.173182
1663767218524	9.237492	0.10049855	-3.2820554
1663767218542	9.052048	-0.28953153	-3.2784662
1663767218562	8.962018	-0.5554339	-3.2162528
1663767218591	8.863913	-0.6966105	-3.225824
1663767218601	8.869894	-0.54346985	-3.3900316
1663767218623	9.0015	-0.17228323	-3.5934215
1663767218639	9.152547	0.20219351	-3.6364923
1663767218672	9.158528	0.30059835	-3.6161532
1663767218678	9.119047	0.28145576	-3.5838501
1663767218702	9.150154	0.24436702	-3.4594233
1663767218719	9.326026	0.34247273	-3.2772696
1663767218737	9.593125	0.5913263	-3.1360931
1663767218756	9.64816	0.78753775	-3.0020952
1663767218773	9.482756	0.8237292	-2.9913275
1663767218807	9.142975	0.6200402	-3.1229327
1663767218815	8.95484	0.37477586	-3.205485
1663767218845	8.963215	0.12562318	-3.219842
1663767218855	9.132208	-0.09930214	-3.1875389
1663767218872	9.318848	-0.27756742	-3.2497523
1663767218890	9.396614	-0.276371	-3.3960135
1663767218909	9.329616	-0.08255238	-3.5132618
1663767218926	9.132208	0.14237295	-3.5479577
1663767218955	8.889037	0.30897322	-3.539583
1663767218974	8.75145	0.36161533	-3.5216367
1663767218994	8.79811	0.31974092	-3.4223347
1663767219006	9.013464	0.26470602	-3.3146574
1663767219026	9.26142	0.2213361	-3.2641091
1663767219055	9.38824	0.15672988	-3.252145
1663767219068	9.452846	0.17587246	-3.2377882
1663767219091	9.487542	0.1471586	-3.309872
1663767219108	9.439685	0.05503492	-3.3936207
1663767219121	9.3200445	0.033499517	-3.4366915
1663767219141	9.224331	0.14476576	-3.4713874
1663767219158	9.175279	0.23838496	-3.470191
1663767219190	9.176475	0.18065812	-3.5910287
1663767219198	9.304491	0.11365908	-3.7621155
1663767219223	9.272188	-0.04546363	-3.7106698
1663767219242	9.104691	-0.2632105	-3.5623147
1663767219263	9.09153	-0.4429713	-3.3768709
1663767219288	9.12503	-0.36640096	-3.1827533
1663767219307	9.090333	-0.09810573	-2.9446673
1663767219315	9.089137	0.14476576	-2.7338
1663767219331	9.194421	0.30179477	-2.6488547
1663767219351	9.257831	0.3807579	-2.684747
1663767219380	9.366704	0.44536412	-2.7361927
1663767219395	9.589237	0.48963133	-2.7302105
1663767219410	9.701999	0.4884349	-2.7520452
1663767219426	9.7043915	0.49202415	-2.7098715
1663767219455	9.725926	0.4968098	-2.5351956
1663767219471	9.792926	0.45254257	-2.3724837
1663767219492	9.910174	0.35563326	-2.5471597
1663767219508	9.918549	0.16390835	-2.9650064
1663767219526	9.893424	-0.14117654	-3.4761732
1663767219545	9.7450695	-0.52193445	-4.095017
1663767219571	9.107083	-0.80907315	-4.3498526
1663767219587	8.8136635	-0.474078	-4.0148573
1663767219605	8.672486	-0.033499517	-3.5838501
1663767219622	8.648559	0.34247273	-3.2497523
1663767219643	8.79811	0.3484548	-2.874079
1663767219661	8.929715	-0.12083755	-2.9374888
1663767219678	9.257831	-0.5279165	-3.2078779
1663767219705	9.547362	-0.5673981	-3.2760732
1663767219720	9.434899	-0.47886363	-3.1923244
1663767219737	9.192028	-0.3290131	-3.042773
1663767219754	9.056833	-0.11724831	-2.9662027
1663767219775	9.086744	0.13519448	-2.9183464
1663767219795	9.262616	0.37597227	-3.0942187
1663767219820	9.424132	0.48245287	-3.4510484
1663767219842	9.474381	0.52193445	-3.667599
1663767219854	9.305687	0.30059835	-3.7214375
1663767219879	9.194421	0.08973085	-3.586243
1663767219892	9.15494	-0.03708875	-3.3026934
1663767219922	9.1465645	-0.08255238	-3.0930223
1663767219941	9.089137	0.013160525	-3.144468
1663767219958	8.989535	0.2623132	-3.3792639
1663767219972	8.8340025	0.45014977	-3.589832
1663767219989	8.767003	0.5769694	-3.6029928
1663767220008	8.842377	0.48125646	-3.4797623
1663767220028	9.053245	0.19262223	-3.3254254
1663767220063	9.208778	-0.0023928226	-3.1468608
1663767220073	9.293723	-0.021535404	-2.9374888
1663767220085	9.524631	0.24197419	-2.7266214
1663767220104	9.633803	0.5769694	-2.6021945
1663767220121	9.594321	0.75523466	-2.7361927
1663767220139	9.475577	0.61884373	-3.016452
1663767220161	9.430114	0.4334	-3.3122647
1663767220178	9.35833	0.2862414	-3.4043884
1663767220211	9.359526	0.15194423	-3.3146574
1663767220227	9.404989	0.12323037	-3.1468608
1663767220241	9.363115	0.09930214	-3.1289146
1663767220259	9.273384	0.096909314	-3.1863425
1663767220282	9.142975	-0.010767702	-3.228217
1663767220295	9.002696	-0.13519448	-3.140879
1663767220324	9.005089	-0.18664017	-2.9709885
1663767220338	9.078369	-0.062213387	-2.8597221
1663767220354	9.1872425	0.19980069	-2.7831519
1663767220372	9.322437	0.4872385	-2.6919255
1663767220392	9.498309	0.6511469	-2.5579274
1663767220418	9.630214	0.68823564	-2.556731
1663767220444	9.6326065	0.6942177	-2.8166513
1663767220453	9.631411	0.69900334	-3.022434
1663767220474	9.44806	0.5769694	-3.1372895
1663767220486	9.223135	0.4022933	-3.1169505
1663767220507	8.98475	0.18065812	-3.2102706
1663767220524	8.914162	0.27667013	-3.2497523
1663767220546	8.952447	0.6236294	-3.26052
1663767220573	9.135797	0.8333005	-3.0846474
1663767220596	9.357133	0.7492526	-2.8692935
1663767220604	9.420543	0.52552366	-2.7771697
1663767220623	9.27817	0.28265217	-2.7302105
1663767220647	9.11785	0.24197419	-2.774777
1663767220660	9.027821	0.48006004	-2.7628129
1663767220690	8.971589	0.79501534	-2.6620152
1663767220705	8.972786	0.9493524	-2.4622145
1663767220721	9.114262	0.9062816	-2.3102703
1663767220742	9.194421	0.61405814	-2.2444677
1663767220759	9.317652	0.3173481	-2.2061825
1663767220779	9.427721	0.18783657	-2.2205393
1663767220795	9.525827	0.39032918	-2.2911277
1663767220822	9.682856	0.7013961	-2.2791636
1663767220850	9.861121	0.79740816	-2.2181466
1663767220861	9.99153	0.81894356	-2.0551355
1663767220870	9.935299	0.8237292	-2.0288146
1663767220895	9.920941	0.7468598	-2.1592233
1663767220912	9.985548	0.7289136	-2.477768
1663767220938	9.874282	0.8380861	-3.036791
1663767220955	9.609875	1.0474582	-3.5156546
1663767220972	9.4229355	1.1587243	-3.6915271
1663767220996	9.257831	0.7480562	-3.4366915
1663767221014	9.190832	0.07178468	-3.075076
1663767221027	9.165708	-0.40588254	-3.065505
1663767221057	8.985947	-0.5386842	-3.3756745
1663767221077	8.877073	-0.28115666	-3.6532419
1663767221094	9.085547	0.2009971	-3.8748772
1663767221110	9.26142	0.669093	-4.051946
1663767221124	9.251849	0.8787641	-4.039982
1663767221144	9.314062	0.8967103	-3.8231323
1663767221162	9.473185	0.8392825	-3.5503507
1663767221191	9.573684	0.7432705	-3.2174492
1663767221202	9.339187	0.42502514	-3.0966115
1663767221220	9.046066	0.14955142	-3.0810583
1663767221240	8.941679	0.20458634	-3.2796626
1663767221259	8.9057865	0.39511484	-3.5001013
1663767221275	8.812467	0.58893347	-3.671188
1663767221305	8.719147	0.63200426	-3.7310088
1663767221323	8.642576	0.49082774	-3.705884
1663767221339	8.696415	0.27667013	-3.7537405
1663767221354	8.927322	0.07776674	-3.8051863
1663767221378	9.247063	-0.0526421	-3.978965
1663767221391	9.527023	-0.02632105	-4.153641
1663767221412	9.471989	-0.013160525	-4.246961
1663767221447	9.302098	-0.043070808	-4.1572304
1663767221466	9.077172	-0.06580263	-3.8518462
1663767221478	9.080762	-0.2835495	-3.8446677
1663767221514	9.056833	-0.6475576	-3.8051863
1663767221523	9.06162	-0.8772686	-3.5288153
1663767221539	8.909376	-0.87367934	-3.1636107
1663767221598	8.714361	-0.6511469	-3.1839497
1663767221611	8.650951	-0.21415763	-3.3349965
1663767221662	8.692825	0.25752753	-3.4570305
1663767221675	8.869894	0.520738	-3.3373895
1663767221701	9.000303	0.49800622	-3.063112
1663767221718	9.139386	0.3065804	-2.7903304
1663767221728	9.281759	0.038285162	-2.5698915
1663767221737	9.519845	-0.07178468	-2.5040889
1663767221746	9.7654085	-0.0011964113	-2.382055
1663767221754	9.922138	0.16630118	-2.3688943
1663767221825	9.88505	0.31375888	-2.3042881
1663767221840	9.865907	0.34606197	-2.3772693
1663767221847	9.989138	0.2515455	-2.5531418
1663767221853	10.247861	0.019142581	-2.737389
1663767221870	10.44168	-0.53629136	-3.1145577
1663767221914	10.587642	-0.8138588	-3.7417765
1663767221928	10.0681	-0.6559325	-4.301996
1663767221940	9.376275	-0.11724831	-4.473382
1663767221955	8.566006	0.49322057	-4.301996
1663767221969	8.079964	0.8883354	-3.7190447
1663767222042	8.103892	0.81894356	-3.225824
1663767222057	8.303693	0.16031912	-3.0212376
1663767222071	8.7622175	-0.35443684	-3.1133614
1663767222083	8.927322	-0.68225354	-3.4606197
1663767222097	8.909376	-0.56859446	-3.7561333
1663767222107	8.862716	-0.12203395	-3.6963127
1663767222118	8.849555	0.35084763	-3.6556349
1663767222133	8.946465	0.67148584	-3.7118661
1663767222148	9.085547	0.69900334	-3.8458643
1663767222158	9.266206	0.42023948	-3.8470607
1663767222166	9.4229355	0.03589234	-3.824329
1663767222251	9.355937	-0.18305093	-3.7800615
1663767222265	9.221938	-0.09212367	-3.6580276
1663767222277	9.333204	0.44536412	-3.3278182
1663767222288	9.400204	0.887139	-3.0391839
1663767222301	9.369097	0.9314062	-2.8716862
1663767222312	9.335598	0.73848486	-2.9650064
1663767222327	9.282955	0.40947178	-3.0894332
1663767222339	9.267402	0.0071784677	-3.191128
1663767222346	9.257831	-0.26919255	-3.2880373
1663767222354	9.176475	-0.25244278	-3.3672996
1663767222388	9.078369	-0.0071784677	-3.3230324
1663767222397	9.06162	0.27906293	-3.1803603
1663767222454	9.131011	0.44177487	-2.992524
1663767222471	9.205189	0.38315073	-2.9877381
1663767222527	9.24467	0.42741793	-3.0786655
1663767222538	9.232706	0.54466623	-3.0930223
1663767222549	9.249456	0.5805586	-2.992524
1663767222568	9.305687	0.5171488	-2.9386854
1663767222578	9.341579	0.31615168	-3.0212376
1663767222586	9.353543	0.20937198	-3.1947174
1663767222595	9.303294	0.17467605	-3.3756745
1663767222608	9.200403	0.30897322	-3.44387
1663767222618	9.092726	0.47527438	-3.4331024
1663767222664	9.115458	0.64277196	-3.3000016
1663767222677	9.003893	0.64636123	-3.2018957
1663767222712	8.948857	0.7217351	-3.0762727
1663767222725	8.849555	0.69900334	-3.1193435
1663767222739	8.934501	0.69302124	-3.173182
1663767222752	9.141779	0.68345	-3.2509487
1663767222769	9.597911	0.74207413	-2.748456
1663767222782	9.709177	0.43100718	-2.5579274
1663767222824	9.510274	0.2551347	-2.9685955
1663767222838	8.640183	0.148355	-3.5994034
1663767222850	9.140582	0.4118646	-2.2169502
1663767222864	9.158528	0.28265217	-1.8098712
1663767222879	9.323633	0.16390835	-1.5583258
1663767222914	9.643374	0.2117648	-1.6591234
1663767222930	9.777372	0.15792629	-1.873281
1663767222946	9.580862	0.101694964	-1.9414765
1663767222958	9.2997055	0.08853444	-1.7668004
1663767222967	9.2793665	0.08255238	-1.8242282
1663767223049	9.430114	0.18544376	-1.8972093
1663767223063	9.735498	0.53988063	-2.0479572
1663767223073	10.149456	1.0283155	-3.565904
1663767223085	10.769795	1.5442679	-3.6496527
1663767223100	11.404193	2.4658036	-4.171587
1663767223114	10.404591	2.0147567	-5.2776694
1663767223128	9.306884	0.63200426	-4.243372
1663767223138	8.503793	-0.7085746	-3.100201
1663767223148	8.190034	-1.189831	-3.0487552
1663767223164	8.22473	-0.82701933	-3.5790644
1663767223177	8.288139	-0.5733801	-4.179962
1663767223251	9.024232	-0.4645067	-4.162016
1663767223266	9.593125	-0.541077	-3.4151561
1663767223278	9.51147	-0.52552366	-2.9769704
1663767223291	8.8746805	-0.38913277	-2.9937203
1663767223301	8.496614	-0.10767702	-3.2066815
1663767223313	8.344371	0.12083755	-4.5008993
1663767223326	8.62463	0.3065804	-4.1177487
1663767223338	9.224331	0.6152545	-3.417549
1663767223348	9.360723	0.71694946	-3.3780673
1663767223362	9.35474	0.7408777	-3.3110683
1663767223453	9.485149	0.6116653	-3.458227
1663767223468	9.682856	0.24077778	-3.7010984
1663767223485	9.808479	-0.20219351	-3.9837506
1663767223497	9.513863	-0.65353966	-4.0962133
1663767223531	9.085547	-0.8437691	-4.0292144
1663767223542	9.110672	-0.4118646	-3.7322052
1663767223553	8.125427	-0.2883351	-4.1105704
1663767223566	8.516953	-0.0071784677	-4.651647
1663767223578	9.064013	-0.046660043	-4.0615172
1663767223588	9.273384	-0.5590232	-3.5503507
1663767223597	9.229117	-0.78753775	-3.3026934
1663767223613	8.901001	-0.7265208	-3.1277182
1663767223627	8.729915	-0.4645067	-3.164807
1663767223663	8.761021	-0.08853444	-3.3314073
1663767223675	8.747861	0.29940194	-3.411567
1663767223744	8.848359	0.47527438	-3.4187453
1663767223759	9.090333	0.48006004	-3.3026934
1663767223768	9.237492	0.25034907	-3.1564322
1663767223780	9.286545	-0.05623133	-3.0236306
1663767223795	9.342776	-0.21655045	-2.8669007
1663767223806	9.426525	-0.15553348	-2.7302105
1663767223837	9.54138	0.0059820567	-2.6656044
1663767223849	9.773783	0.29102704	-2.603391
1663767223861	10.010673	0.60329044	-2.4251258
1663767223871	10.020244	0.81894356	-2.2504497
1663767223884	9.946067	0.7396813	-2.1735802
1663767223938	9.960423	0.65712893	-2.0802603
1663767223951	10.046565	0.52552366	-2.2372892
1663767223964	10.099207	0.30418757	-2.635694
1663767223977	10.160523	-0.02871387	-3.1073792
1663767223989	10.197612	-0.21415763	-3.606582
1663767224019	9.777372	-0.5602196	-3.8434713
1663767224030	9.311669	-0.7480562	-3.926323
1663767224044	8.820842	-0.6092725	-3.7764723
1663767224056	8.555239	-0.19262223	-3.3768709
1663767224070	8.34796	-0.0023928226	-2.949453
1663767224088	8.510971	-0.010767702	-2.7206392
1663767224103	8.76461	-0.26679972	-2.76042
1663767224118	8.856734	-0.52911294	-3.1265218
1663767224130	8.881859	-0.5315057	-3.403192
1663767224144	8.918947	-0.19740787	-3.5240295
1663767224184	8.971589	0.18065812	-3.478566
1663767224196	9.068798	0.42861435	-3.557529
1663767224210	9.225528	0.5422734	-3.6017964
1663767224262	9.32483	0.42861435	-3.6544385
1663767224281	9.318848	0.17467605	-3.5850465
1663767224293	9.243474	-0.05623133	-3.4366915
1663767224307	9.193225	-0.23688944	-3.3804603
1663767224318	9.156136	-0.3278167	-3.3732817
1663767224344	9.156136	-0.24047868	-3.3661032
1663767224357	9.209974	-0.031106694	-3.2700913
1663767224365	9.242277	0.26829523	-3.211467
1663767224372	9.211171	0.35443684	-3.1959138
1663767224427	9.220742	0.26829523	-3.3936207
1663767224439	9.195618	0.148355	-3.5742788
1663767224451	9.159725	0.06699903	-3.6221352
1663767224467	9.107083	0.08015956	-3.502494
1663767224493	9.107083	0.10289137	-3.3026934
1663767224503	9.227921	0.11964113	-3.124129
1663767224509	9.378669	0.08255238	-3.0870404
1663767224519	9.454042	0.08853444	-3.1671999
1663767224557	9.437292	0.11964113	-3.2413774
1663767224572	9.366704	0.148355	-3.3290145
1663767224596	9.274581	0.15074782	-3.417549
1663767224608	9.140582	0.16151553	-3.5359936
1663767224618	9.079565	0.22253251	-3.5359936
1663767224669	9.158528	0.21655045	-3.4163525
1663767224680	9.315259	0.11844472	-3.3182468
1663767224690	9.42174	0.16271193	-3.301497
1663767224701	9.408579	0.3711866	-3.4223347
1663767224748	9.305687	0.50039905	-3.5036905
1663767224755	9.164511	0.44895336	-3.4833515
1663767224765	8.995518	0.27667013	-3.4510484
1663767224773	8.883055	0.19142582	-3.409174
1663767224832	8.849555	0.2551347	-3.3852458
1663767224841	8.909376	0.36281174	-3.2629128
1663767224851	9.035298	0.47168517	-3.1420753
1663767224862	9.208778	0.5566304	-3.05713
1663767224916	9.269794	0.770788	-2.951846
1663767224928	9.288938	0.86919284	-2.8381867
1663767224939	9.309277	0.78394854	-2.7999015
1663767224952	9.348758	0.6415756	-2.8657043
1663767224967	9.355937	0.46809593	-2.882454
1663767225011	9.305687	0.45613182	-3.0415766
1663767225019	9.239884	0.6367899	-3.2700913
1663767225026	9.136993	0.90029955	-3.4043884
1663767225033	9.0544405	1.0319048	-3.4259238
1663767225043	9.218349	1.0019945	-3.2306097
1663767225088	9.37149	0.78035927	-3.2449665
1663767225099	9.11785	0.76719874	-4.0890346
1663767225107	9.548559	0.22372891	-3.0343983
1663767225112	9.015857	0.22612174	-3.2653055
1663767225137	8.8746805	0.6786643	-3.0439694
1663767225170	8.8543415	1.0881361	-3.0188448
1663767225180	9.027821	1.2819548	-2.815455
1663767225186	9.3511505	1.2257234	-2.7675984
1663767225271	9.54138	0.92542416	-2.798705
1663767225282	9.597911	0.5195416	-2.705086
1663767225290	9.436096	0.23838496	-2.638087
1663767225298	9.127422	0.19980069	-2.4646072
1663767225306	8.841181	0.2730809	-2.3665016
1663767225331	8.904591	0.48245287	-2.3162522
1663767225338	9.273384	0.63798636	-2.3605196
1663767225349	9.761819	0.6367899	-2.388037
1663767225418	10.102797	0.55423754	-2.3030918
1663767225430	9.923335	0.46091747	-2.6213372
1663767225441	9.404989	0.60807604	-3.185146
1663767225450	9.15494	0.9242278	-2.8908288
1663767225460	9.290133	1.1335998	-1.9474585
1663767225492	9.425328	1.0713863	-2.396412
1663767225501	9.538987	0.98644114	-2.8513472
1663767225510	9.646963	0.6858428	-2.9506495
1663767225520	9.869496	0.34965122	-2.6979074
1663767225551	9.959227	0.20817557	-2.7831519
1663767225585	9.783355	0.086141616	-3.3720853
1663767225597	9.5665045	0.19142582	-3.9622152
1663767225609	9.542577	0.52193445	-4.135695
1663767225679	9.510274	0.82013994	-3.956233
1663767225692	9.30808	0.8321041	-3.9634116
1663767225704	9.006286	0.62961143	-3.8111682
1663767225717	9.053245	0.4441677	-2.8992038
1663767225728	9.249456	0.24675983	-2.440679
1663767225753	9.257831	0.0059820567	-2.5148566
1663767225763	9.107083	-0.111266255	-2.8106692
1663767225772	8.850752	-0.061016977	-3.2162528
1663767225782	8.70479	-0.029910283	-3.6173496
1663767225821	8.814859	0.013160525	-3.9753757
1663767225848	9.153743	0.21535404	-4.104588
1663767225859	9.381062	0.38673997	-3.8267217
1663767225869	9.389436	0.28025934	-3.5240295
1663767225881	9.209974	0.12323037	-3.4342988
1663767225916	8.903394	-0.032303106	-3.5503507
1663767225923	8.750254	-0.21296121	-3.7238302
1663767225931	8.810074	-0.39631125	-3.7968113
1663767225940	9.152547	-0.42622152	-3.7740796
1663767226005	9.412168	-0.2632105	-3.6436708
1663767226017	9.42174	-0.03708875	-3.4462628
1663767226029	9.227921	0.08255238	-3.382853
1663767226038	8.930911	-0.010767702	-3.44387
1663767226093	8.801699	-0.29910284	-3.6137605
1663767226104	8.836395	-0.57577294	-3.7154553
1663767226115	8.952447	-0.6774679	-3.7322052
1663767226121	9.077172	-0.5709873	-3.612564
1663767226131	9.035298	-0.2955136	-3.4450665
1663767226152	8.969196	0.08853444	-3.280859
1663767226169	8.958429	0.3149553	-3.1803603
1663767226183	9.011071	0.31615168	-3.1468608
1663767226193	9.157332	0.09930214	-3.1277182
1663767226261	9.266206	-0.2428715	-3.0667014
1663767226270	9.370294	-0.35324043	-2.992524
1663767226280	9.419347	-0.23928227	-2.9004002
1663767226288	9.537791	0.034695927	-2.8585258
1663767226297	9.680463	0.27667013	-2.754438
1663767226329	9.797711	0.4010969	-2.6165516
1663767226336	9.786943	0.33529428	-2.656033
1663767226343	9.751051	0.24077778	-2.6021945
1663767226412	9.54497	0.061016977	-2.5950162
1663767226420	9.48156	0.014356935	-2.6273193
1663767226426	9.352347	-0.010767702	-2.795116
1663767226431	9.425328	0.0035892338	-3.1396823
1663767226504	9.701999	0.015553347	-3.354139
1663767226513	9.657731	-0.27517462	-3.3050864
1663767226522	9.400204	-0.8150552	-3.2413774
1663767226531	9.24467	-1.0187442	-3.2653055
1663767226539	9.15494	-0.8066803	-3.4163525
1663767226549	9.092726	-0.45254257	-3.5443685
1663767226557	9.090333	-0.1160519	-3.4103706
1663767226589	9.019445	0.06819545	-3.1887352
1663767226599	8.934501	0.0741775	-3.2712877
1663767226668	8.902198	0.020338992	-3.144468
1663767226678	8.918947	-0.0059820567	-3.2748768
1663767226684	8.971589	0.0849452	-3.3338
1663767226691	9.224331	0.16749759	-3.231806
1663767226702	9.510274	0.2335993	-3.112165
1663767226753	9.515059	0.20458634	-3.1313076
1663767226760	9.329616	0.16031912	-3.1348968
1663767226767	9.105886	0.11964113	-3.1265218
1663767226771	9.083155	0.13040884	-3.1348968
1663767226777	9.219545	0.1268196	-3.1133614
1663767226820	9.391829	0.13160525	-3.164807
1663767226832	9.427721	0.033499517	-3.2904303
1663767226852	9.437292	-0.031106694	-3.3373895
1663767226862	9.473185	-0.05742774	-3.3290145
1663767226923	9.48156	-0.09332009	-3.3876386
1663767226934	9.431311	-0.11844472	-3.4486556
1663767226945	9.245867	-0.21894327	-3.4019957
1663767226958	9.224331	-0.17467605	-3.5946178
1663767226973	9.133404	-0.111266255	-3.4606197
1663767227007	9.142975	-0.038285162	-3.482155
1663767227017	9.15494	-0.034695927	-3.539583
1663767227026	9.206385	-0.0047856453	-3.5706897
1663767227088	9.190832	-0.0023928226	-3.557529
1663767227097	9.260223	0.03708875	-3.4809587
1663767227108	9.290133	0.0011964113	-3.3553355
1663767227118	9.26142	-0.09451649	-3.2820554
1663767227129	9.229117	-0.025124637	-3.205485
1663767227176	9.208778	0.19860429	-3.2162528
1663767227187	9.114262	0.35324043	-3.3314073
1663767227199	8.899805	0.37477586	-3.4067812
1663767227210	8.735896	0.2730809	-3.4283166
1663767227220	8.677272	0.12921242	-3.3768709
1663767227269	8.682058	0.029910283	-3.3146574
1663767227284	8.789735	0.051445685	-3.2653055
1663767227296	9.023035	0.02871387	-2.9793632
1663767227306	9.286545	0.059820566	-2.7939196
1663767227342	9.460024	0.22851457	-2.7074788
1663767227353	9.476774	0.37836507	-2.8728826
1663767227362	9.499506	0.53270215	-3.138486
1663767227372	9.597911	0.6415756	-3.3780673
1663767227421	9.649357	0.68105716	-3.470191
1663767227431	9.577272	0.7013961	-3.4342988
1663767227443	9.436096	0.6655038	-3.240181
1663767227456	9.27817	0.6152545	-3.2772696
1663767227509	9.474381	0.7719844	-2.9949167
1663767227523	9.286545	0.5937191	-3.0320053
1663767227531	9.298509	0.35563326	-2.7242286
1663767227543	9.272188	0.083748795	-2.7278178
1663767227589	9.072387	0.031106694	-2.9853454
1663767227600	8.964411	0.25992036	-3.1049864
1663767227608	8.948857	0.6583253	-3.063112
1663767227617	9.158528	0.96849495	-2.896811
1663767227627	9.406186	0.9206385	-2.6333013
1663767227682	9.540184	0.7085746	-2.5172493
1663767227692	9.486345	0.4884349	-2.565106
1663767227703	9.274581	0.35084763	-2.5543382
1663767227717	9.158528	0.3269194	-2.5375884
1663767227771	9.164511	0.36520454	-2.5028925
1663767227782	9.189635	0.45852464	-2.5950162
1663767227788	9.284152	0.53389853	-2.5627131
1663767227794	9.288938	0.52552366	-2.4311078
1663767227804	9.340384	0.474078	-2.243271
1663767227831	9.439685	0.5243273	-2.2372892
1663767227849	9.524631	0.622433	-2.3892334
1663767227861	9.642178	0.6870392	-2.6201408
1663767227869	9.698409	0.60329044	-2.1918256
1663767227932	9.841979	0.41665024	-1.9737796
1663767227943	9.789336	0.36640096	-2.268396
1663767227952	9.687641	0.4645067	-2.5639095
1663767227963	9.691231	0.6164509	-2.798705
1663767227978	9.870692	0.73369926	-3.0403802
1663767228016	9.856336	0.48245287	-3.2784662
1663767228031	9.680463	0.12083755	-3.458227
1663767228046	9.4229355	-0.16031912	-3.4199417
1663767228062	9.343972	-0.31944183	-3.1695926
1663767228101	9.32483	-0.2656033	-3.0020952
1663767228111	9.341579	-0.029910283	-3.1743784
1663767228122	9.476774	0.3376871	-3.1073792
1663767228136	9.54138	0.5626124	-3.3385859
1663767228154	9.438489	0.46929234	-3.423531
1663767228169	9.345169	0.17108682	-3.2066815
1663767228179	9.272188	-0.08973085	-3.1049864
1663767228257	9.129815	-0.2847459	-3.2174492
1663767228277	8.935697	-0.39870408	-3.382853
1663767228287	8.790932	-0.2883351	-3.4139597
1663767228301	8.778967	-0.17228323	-3.2880373
1663767228315	8.789735	-0.17108682	-3.2018957
1663767228329	8.814859	-0.2213361	-3.2150564
1663767228337	8.95125	-0.2416751	-3.313461
1663767228351	9.115458	-0.0035892338	-3.3110683
1663767228363	9.208778	0.26111677	-3.2377882
1663767228379	9.41456	0.3149553	-3.1576285
1663767228395	9.469596	0.1471586	-3.1755748
1663767228460	9.589237	-0.19621146	-3.0176485
1663767228487	9.639785	-0.7588239	-3.1815567
1663767228499	9.092726	-0.95772725	-3.2306097
1663767228509	9.426525	-0.7325028	-2.5579274
1663767228522	8.972786	-0.4549354	-3.1420753
1663767228537	9.23151	0.029910283	-3.1169505
1663767228573	9.452846	0.27667013	-3.409174
1663767228589	9.546165	0.24436702	-3.3338
1663767228603	9.434899	0.019142581	-3.1636107
1663767228616	9.201599	-0.12323037	-2.990131
1663767228626	9.097511	-0.15433706	-2.8836503
1663767228669	9.102298	-0.0849452	-2.8980074
1663767228681	9.075976	0.014356935	-3.030809
1663767228701	9.046066	0.16271193	-3.1301112
1663767228714	9.003893	0.26949164	-3.205485
1663767228724	9.03141	0.3999005	-3.219842
1663767228735	9.21476	0.4214359	-3.170789
